   417092.0000000130	  1014301.4267578125	  1014301.0000000000	437	1	36	44.250000	 24396944.6281951964
   417093.0000000103	  1009164.6386718750	  1009164.0000000000	654	1	36	44.250000	 24396214.0566833429
   417094.0000000586	  1004028.1162109375	  1004028.0000000000	119	1	36	44.250000	 24395499.6126635410
   417095.0000000977	   998889.6601562500	   998889.0000000000	676	253	36	44.750000	 24394992.5053511746
   417096.0000000044	   993751.0087890625	   993751.0000000000	9	0	36	45.250000	 24394288.2802291103
   417097.0000000038	   988612.3232421875	   988612.0000000000	331	1	36	45.500000	 24393559.3385685571
   417098.0000000032	   983473.7148437500	   983473.0000000000	732	1	36	45.000000	 24392830.0932739191
   417099.0000000037	   978335.9824218750	   978335.0000000000	1006	1	36	45.000000	 24392101.1795334518
   417100.0000000033	   973198.4394531250	   973198.0000000000	450	1	36	45.000000	 24391371.8609477542
   417101.0000000027	   968060.5888671875	   968060.0000000000	603	1	36	45.000000	 24390642.9192872010
   417102.0000000016	   962922.8935546875	   962922.0000000000	915	1	36	45.000000	 24389912.9620231614
   417103.0000000016	   957785.3867187500	   957785.0000000000	396	1	36	44.750000	 24389182.9070374630
   417104.0000000010	   952648.0507812500	   952648.0000000000	52	1	36	44.500000	 24388452.4088160060
   417104.9999999997	   947510.3476562500	   947510.0000000000	356	1	36	44.500000	 24387722.3643008545
   417105.9999999970	   942372.6250000000	   942372.0000000000	640	1	36	44.750000	 24386991.7927890047
   417106.9999999951	   937234.7939453125	   937234.0000000000	813	1	36	44.750000	 24386262.3066815175
   417107.9999999932	   932096.7158203125	   932096.0000000000	733	1	36	44.750000	 24385532.8554744609
   417108.9999999917	   926958.5283203125	   926958.0000000000	541	1	36	45.000000	 24384803.0622427315
   417109.9999999909	   921820.5458984375	   921820.0000000000	559	1	36	44.750000	 24384074.0333310850
   417110.9999999902	   916682.7519531250	   916682.0000000000	770	1	36	44.500000	 24383344.6449445412
   417111.9999999899	   911544.6152343750	   911544.0000000000	630	1	36	44.750000	 24382615.4869010113
   417112.9999999875	   906405.8955078125	   906405.0000000000	917	1	36	45.000000	 24381885.7180998586
   417113.9999999857	   901266.6328125000	   901266.0000000000	648	1	36	45.250000	 24381155.7119753323
   417114.9999999839	   896127.1386718750	   896127.0000000000	142	1	36	44.750000	 24380425.3847665302
   417115.9999999844	   890987.4589843750	   890987.0000000000	470	1	36	44.750000	 24379695.6299247332
   417116.9999999854	   885847.3349609375	   885847.0000000000	343	1	36	44.250000	 24378966.3183187358
   417117.9999999857	   880706.7011718750	   880706.0000000000	718	1	36	44.250000	 24378236.4936760738
   417118.9999999858	   875565.7958984375	   875565.0000000000	815	1	36	44.500000	 24377506.1699567661
   417119.9999999870	   870424.6425781250	   870424.0000000000	658	1	36	43.750000	 24376776.9107014239
   417120.9999999868	   865283.1572265625	   865283.0000000000	161	1	36	44.000000	 24376046.0879054815
   417121.9999999883	   860141.7363281250	   860141.0000000000	754	1	36	44.250000	 24375316.1829914041
   417122.9999999899	   855000.1796875000	   855000.0000000000	184	1	36	44.000000	 24374587.4751633555
   417123.9999999903	   849858.3564453125	   849858.0000000000	365	1	36	44.250000	 24373857.5423291959
   417124.9999999901	   844716.1054687500	   844716.0000000000	108	1	36	44.000000	 24373126.7020830363
   417125.9999999902	   839573.9072265625	   839573.0000000000	929	1	36	44.250000	 24372396.8076394983
   417126.9999999914	   834431.5058593750	   834431.0000000000	518	1	36	44.250000	 24371666.2780070789
   417127.9999999920	   829288.9453125000	   829288.0000000000	968	1	36	44.500000	 24370935.3784299083
   417128.9999999939	   824145.8769531250	   824145.0000000000	898	1	36	44.250000	 24370204.6114741154
   417129.9999999949	   819002.6123046875	   819002.0000000000	627	1	36	44.250000	 24369473.5653148405
   417130.9999999976	   813859.0253906250	   813859.0000000000	26	1	36	43.750000	 24368742.1666603498
   417131.9999999991	   808715.2490234375	   808715.0000000000	255	1	36	44.000000	 24368010.7051853463
   417133.0000000018	   803571.7216796875	   803571.0000000000	739	1	36	43.750000	 24367281.1841760501
   417134.0000000048	   798428.4248046875	   798428.0000000000	435	1	36	43.750000	 24366551.3036918640
   417135.0000000068	   793285.3496093750	   793285.0000000000	358	1	36	43.750000	 24365822.0025557540
   417136.0000000079	   788142.2783203125	   788142.0000000000	285	1	36	43.500000	 24365091.9754901417
   417137.0000000088	   782998.9375000000	   782998.0000000000	960	1	36	43.500000	 24364360.5000550970
   417138.0000000107	   777854.6796875000	   777854.0000000000	696	1	36	43.500000	 24363629.2863733172
   417139.0000000132	   772709.9667968750	   772709.0000000000	990	1	36	43.750000	 24362899.4093793184
   417140.0000000166	   767565.2343750000	   767565.0000000000	240	1	36	43.750000	 24362169.5254049413
   417141.0000000207	   762420.3437500000	   762420.0000000000	352	1	36	43.750000	 24361440.1195668243
   417142.0000000241	   757274.9746093750	   757274.0000000000	998	1	36	43.750000	 24360710.6474179924
   417143.0000000265	   752129.1474609375	   752129.0000000000	151	1	36	44.250000	 24359981.0391576439
   417144.0000000306	   746983.1503906250	   746983.0000000000	154	1	36	44.000000	 24359251.6333194934
   417145.0000000352	   741836.6953125000	   741836.0000000000	712	1	36	44.000000	 24358523.2256346419
   417146.0000000374	   736690.0302734375	   736690.0000000000	31	1	36	44.250000	 24357792.9752057269
   417147.0000000420	   731543.2978515625	   731543.0000000000	305	1	36	44.500000	 24357064.3162374459
   417148.0000000457	   726396.0878906250	   726396.0000000000	90	1	36	44.750000	 24356334.2158801109
   417149.0000000499	   721248.2255859375	   721248.0000000000	231	1	36	44.250000	 24355604.5587585978
   417150.0000000547	   716099.7724609375	   716099.0000000000	791	1	36	45.000000	 24354874.6643136851
   417151.0000000605	   710950.8750000000	   710950.0000000000	896	1	36	44.500000	 24354144.3336126618
   417152.0000000679	   705802.1503906250	   705802.0000000000	154	1	36	44.250000	 24353414.0622419417
   417153.0000000765	   700653.4326171875	   700653.0000000000	443	1	36	43.500000	 24352684.1747760437
   417154.0000000844	   695504.6640625000	   695504.0000000000	680	1	36	43.500000	 24351954.9015586227
   417154.9999999156	   690355.6337890625	   690355.0000000000	649	0	36	43.250000	 24351225.7540333942
   417155.9999999222	   685206.7167968750	   685206.0000000000	734	1	36	43.500000	 24350495.8281775527
   417156.9999999286	   680057.5244140625	   680057.0000000000	537	1	36	43.250000	 24349765.9756127596
   417157.9999999346	   674907.9667968750	   674907.0000000000	990	1	36	43.000000	 24349035.2854368351
   417158.9999999412	   669757.8466796875	   669757.0000000000	867	1	36	43.750000	 24348305.0559469312
   417159.9999999489	   664607.2207031250	   664607.0000000000	226	1	36	43.250000	 24347574.8718273230
   417160.9999999571	   659456.0351562500	   659456.0000000000	36	1	36	44.000000	 24346844.5585758276
   417161.9999999658	   654304.3242187500	   654304.0000000000	332	1	36	43.500000	 24346114.6711099185
   417162.9999999752	   649152.5136718750	   649152.0000000000	526	1	36	43.500000	 24345385.4397726096
   417163.9999999842	   644000.4013671875	   644000.0000000000	411	1	36	43.250000	 24344654.9415483959
   417164.9999999924	   638847.8320312500	   638847.0000000000	852	1	36	43.500000	 24343924.3246628381
   417166.0000000003	   633694.8437500000	   633694.0000000000	864	1	36	43.000000	 24343195.2119875513
   417167.0000000087	   628541.5000000000	   628541.0000000000	512	1	36	43.500000	 24342465.3803624623
   417168.0000000168	   623387.8232421875	   623387.0000000000	843	1	36	43.750000	 24341736.6062216759
   417169.0000000258	   618233.5224609375	   618233.0000000000	535	1	36	44.250000	 24341006.1079974882
   417170.0000000360	   613078.6406250000	   613078.0000000000	656	1	36	43.750000	 24340276.6916874386
   417171.0000000466	   607923.3427734375	   607923.0000000000	351	1	36	44.250000	 24339547.0764446780
   417172.0000000580	   602767.5498046875	   602767.0000000000	563	1	36	44.000000	 24338817.8660470806
   417173.0000000690	   597611.7333984375	   597611.0000000000	751	1	36	44.250000	 24338087.8180383332
   417174.0000000821	   592455.6533203125	   592455.0000000000	669	1	36	44.000000	 24337359.1136970520
   417174.9999999178	   587298.5937500000	   587298.0000000000	608	0	36	45.000000	 24336628.7516342141
   417175.9999999292	   582141.2695312500	   582141.0000000000	276	1	36	45.000000	 24335898.2359591015
   417176.9999999409	   576983.5517578125	   576983.0000000000	565	1	36	44.750000	 24335167.5562516712
   417177.9999999536	   571825.4902343750	   571825.0000000000	502	1	36	44.500000	 24334436.8695638776
   417178.9999999670	   566667.3164062500	   566667.0000000000	324	1	36	44.000000	 24333707.3939221539
   417179.9999999812	   561508.7841796875	   561508.0000000000	803	1	36	44.250000	 24332978.5918592401
   417180.9999999944	   556350.1699218750	   556350.0000000000	174	1	36	44.500000	 24332249.0464166440
   417182.0000000079	   551191.6552734375	   551191.0000000000	671	1	36	44.000000	 24331519.7662175037
   417183.0000000213	   546033.2050781250	   546033.0000000000	210	1	36	44.000000	 24330791.1491273120
   417184.0000000331	   540874.2705078125	   540874.0000000000	277	1	36	45.000000	 24330062.0608812384
   417185.0000000451	   535714.6884765625	   535714.0000000000	705	1	36	45.750000	 24329331.8628002144
   417186.0000000584	   530554.3740234375	   530554.0000000000	383	1	36	44.500000	 24328602.1009746306
   417187.0000000730	   525393.4453125000	   525393.0000000000	456	1	36	43.750000	 24327871.8296019137
   417187.9999999129	   520231.4843750000	   520231.0000000000	496	0	36	43.750000	 24327142.8495964445
   417188.9999999283	   515068.9960937500	   515068.0000000000	1020	1	36	44.750000	 24326414.4314383231
   417189.9999999436	   509905.8164062500	   509905.0000000000	836	1	36	44.250000	 24325684.6556520350
   417190.9999999601	   504742.2353515625	   504742.0000000000	241	1	36	44.500000	 24324954.9775866903
   417191.9999999771	   499578.5712890625	   499578.0000000000	585	1	36	43.750000	 24324226.5838584639
   417192.9999999949	   494415.1005859375	   494415.0000000000	103	1	36	44.750000	 24323497.9877073057
   417194.0000000121	   489251.6025390625	   489251.0000000000	617	1	36	45.000000	 24322768.2328607216
   417195.0000000289	   484088.3798828125	   484088.0000000000	389	1	36	44.250000	 24322039.3575060889
   417196.0000000464	   478924.8828125000	   478924.0000000000	904	1	36	44.500000	 24321310.6915540695
   417197.0000000629	   473761.0722656250	   473761.0000000000	74	1	36	44.250000	 24320582.4095075056
   417198.0000000786	   468596.6152343750	   468596.0000000000	630	1	36	44.750000	 24319853.6493247151
   417198.9999999198	   463431.3486328125	   463431.0000000000	357	0	36	45.500000	 24319124.1946724951
   417199.9999999366	   458265.9082031250	   458265.0000000000	930	1	36	44.250000	 24318393.8883986361
   417200.9999999553	   453100.0273437500	   453100.0000000000	28	1	36	44.000000	 24317664.8559913486
   417201.9999999718	   447933.6611328125	   447933.0000000000	677	1	36	44.000000	 24316934.6055583172
   417202.9999999892	   442766.7626953125	   442766.0000000000	781	1	36	44.500000	 24316205.4579798691
   417204.0000000069	   437599.4501953125	   437599.0000000000	461	1	36	44.750000	 24315476.1289188787
   417205.0000000268	   432431.8359375000	   432431.0000000000	856	1	36	45.000000	 24314746.6044146344
   417206.0000000470	   427264.4267578125	   427264.0000000000	437	1	36	44.750000	 24314017.0240695477
   417207.0000000675	   422097.4091796875	   422097.0000000000	419	1	36	44.000000	 24313287.8346096277
   417207.9999999124	   416929.6142578125	   416929.0000000000	629	0	36	44.500000	 24312557.7796682976
   417208.9999999321	   411761.6250000000	   411761.0000000000	640	1	36	44.500000	 24311828.3459053226
   417209.9999999526	   406593.2822265625	   406593.0000000000	289	1	36	44.000000	 24311098.8528113328
   417210.9999999733	   401424.5390625000	   401424.0000000000	552	1	36	44.250000	 24310369.1258841529
   417211.9999999941	   396255.5742187500	   396255.0000000000	588	1	36	44.500000	 24309639.7374914661
   417213.0000000155	   391086.3359375000	   391086.0000000000	344	1	36	44.750000	 24308910.8097848110
   417214.0000000359	   385916.5986328125	   385916.0000000000	613	1	36	45.000000	 24308181.4074320905
   417215.0000000562	   380747.0400390625	   380747.0000000000	41	1	36	44.750000	 24307452.7379891798
   417216.0000000772	   375576.7597656250	   375576.0000000000	778	1	36	44.750000	 24306723.4019471742
   417216.9999999228	   370405.8212890625	   370405.0000000000	841	0	36	45.000000	 24305993.4133165255
   417217.9999999458	   365235.1689453125	   365235.0000000000	173	1	36	44.500000	 24305264.2413061298
   417218.9999999686	   360064.0205078125	   360064.0000000000	21	1	36	44.500000	 24304535.4287706316
   417219.9999999912	   354892.5927734375	   354892.0000000000	607	1	36	44.500000	 24303805.9915167913
   417221.0000000150	   349721.1113281250	   349721.0000000000	114	1	36	44.500000	 24303077.7967192903
   417222.0000000393	   344549.8261718750	   344549.0000000000	846	1	36	44.000000	 24302349.0086136833
   417223.0000000634	   339378.7236328125	   339378.0000000000	741	1	36	43.750000	 24301621.1698008776
   417224.0000000859	   334207.7167968750	   334207.0000000000	734	1	36	44.000000	 24300892.5736483634
   417224.9999999339	   329036.2910156250	   329036.0000000000	298	0	36	43.500000	 24300163.8728443272
   417225.9999999555	   323863.9619140625	   323863.0000000000	985	1	36	44.000000	 24299434.2994789220
   417226.9999999775	   318691.1748046875	   318691.0000000000	179	1	36	44.250000	 24298704.5271807648
   417228.0000000022	   313518.6289062500	   313518.0000000000	644	1	36	43.750000	 24297975.7181347609
   417229.0000000263	   308345.9697265625	   308345.0000000000	993	1	36	43.250000	 24297246.7345866039
   417230.0000000489	   303172.7802734375	   303172.0000000000	799	1	36	44.000000	 24296516.5993233733
   417231.0000000732	   297999.7919921875	   297999.0000000000	811	1	36	43.750000	 24295787.1132083535
   417231.9999999228	   292826.4824218750	   292826.0000000000	494	0	36	43.750000	 24295058.0424589068
   417232.9999999466	   287652.9101562500	   287652.0000000000	932	1	36	43.500000	 24294329.0973013453
   417233.9999999698	   282479.1542968750	   282479.0000000000	158	1	36	43.500000	 24293600.4243675880
   417234.9999999944	   277305.8710937500	   277305.0000000000	892	1	36	43.750000	 24292871.5978713706
   417236.0000000184	   272133.7841796875	   272133.0000000000	803	1	36	43.250000	 24292141.8639631420
   417237.0000000410	   266962.2402343750	   266962.0000000000	246	1	36	43.750000	 24291411.8543416262
   417238.0000000636	   261790.1425781250	   261790.0000000000	146	1	36	43.500000	 24290682.5776299201
   417239.0000000864	   256617.9003906250	   256617.0000000000	922	1	36	43.500000	 24289952.4772671275
   417239.9999999352	   251445.5800781250	   251445.0000000000	594	0	36	43.250000	 24289223.1796648391
   417240.9999999591	   246273.5908203125	   246273.0000000000	605	1	36	42.750000	 24288494.1263157912
   417241.9999999834	   241102.0830078125	   241102.0000000000	85	1	36	43.000000	 24287765.3382101879
   417243.0000000075	   235930.7246093750	   235930.0000000000	742	1	36	42.000000	 24287036.9444799162
   417244.0000000310	   230759.4677734375	   230759.0000000000	479	1	36	42.000000	 24286308.5018891729
   417245.0000000539	   225588.2998046875	   225588.0000000000	307	1	36	42.000000	 24285580.0104379654
   417246.0000000773	   220417.0390625000	   220417.0000000000	40	1	36	42.000000	 24284852.3914983086
   417246.9999999253	   215245.5175781250	   215245.0000000000	530	0	36	42.250000	 24284124.1374202631
   417247.9999999489	   210074.0478515625	   210074.0000000000	49	1	36	41.500000	 24283394.9968201257
   417248.9999999726	   204902.6074218750	   204902.0000000000	622	1	36	41.500000	 24282667.3394898586
   417249.9999999967	   199731.4755859375	   199731.0000000000	487	1	36	41.750000	 24281938.4815833904
   417251.0000000198	   194561.2314453125	   194561.0000000000	237	1	36	41.000000	 24281208.9326478727
   417252.0000000423	   189391.6142578125	   189391.0000000000	629	1	36	41.500000	 24280479.8723191582
   417253.0000000639	   184222.1103515625	   184222.0000000000	113	1	36	41.000000	 24279749.8522277735
   417254.0000000863	   179052.3798828125	   179052.0000000000	389	1	36	40.750000	 24279021.0780828893
   417254.9999999331	   173882.1542968750	   173882.0000000000	158	0	36	41.750000	 24278290.5973552912
   417255.9999999561	   168712.1074218750	   168712.0000000000	110	1	36	40.750000	 24277562.1408045068
   417256.9999999796	   163542.4091796875	   163542.0000000000	419	1	36	41.000000	 24276833.1432962939
   417258.0000000037	   158373.1933593750	   158373.0000000000	198	1	36	40.750000	 24276104.8577575088
   417259.0000000273	   153204.1865234375	   153204.0000000000	191	1	36	40.750000	 24275376.3069752678
   417260.0000000513	   148035.1289062500	   148035.0000000000	132	1	36	40.250000	 24274648.5938041769
   417261.0000000732	   142865.4970703125	   142865.0000000000	509	1	36	41.000000	 24273920.7898925059
   417261.9999999200	   137695.7109375000	   137695.0000000000	728	0	36	41.250000	 24273192.1868100986
   417262.9999999440	   132526.3710937500	   132526.0000000000	380	1	36	41.000000	 24272463.8838210963
   417263.9999999669	   127357.5556640625	   127357.0000000000	569	1	36	40.750000	 24271735.1061860323
   417264.9999999896	   122189.3583984375	   122189.0000000000	367	1	36	41.000000	 24271006.0074666925
   417266.0000000113	   117020.9677734375	   117020.0000000000	991	1	36	41.000000	 24270277.0064689778
   417267.0000000328	   111852.7324218750	   111852.0000000000	750	1	36	41.250000	 24269548.8116721399
   417268.0000000547	   106683.8583984375	   106683.0000000000	879	1	36	41.000000	 24268820.4528429918
   417269.0000000767	   101514.5742187500	   101514.0000000000	588	1	36	41.500000	 24268090.8410869576
   417269.9999999246	    96344.8945312500	    96344.0000000000	916	0	36	41.250000	 24267362.5695587173
   417270.9999999501	    91175.5224609375	    91175.0000000000	535	1	36	40.750000	 24266633.2719059400
   417271.9999999749	    86005.9785156250	    86005.0000000000	1002	1	36	40.500000	 24265904.2115765288
   417272.9999999985	    80836.2626953125	    80836.0000000000	269	1	36	39.750000	 24265174.8196929842
   417274.0000000217	    75665.9638671875	    75665.0000000000	987	1	36	41.000000	 24264445.9862170741
   417275.0000000441	    70495.8056640625	    70495.0000000000	825	1	36	40.250000	 24263717.4808058366
   417276.0000000689	    65325.8017578125	    65325.0000000000	821	1	36	39.750000	 24262988.9928441197
   417276.9999999182	    60156.1933593750	    60156.0000000000	198	0	36	40.000000	 24262260.6933950968
   417277.9999999426	    54987.5341796875	    54987.0000000000	547	1	36	41.000000	 24261533.1023755185
   417278.9999999650	    49818.8222656250	    49818.0000000000	842	1	36	41.000000	 24260804.9005983286
   417279.9999999884	    44650.2167968750	    44650.0000000000	222	1	36	40.750000	 24260076.8523829095
   417281.0000000114	    39481.2373046875	    39481.0000000000	243	1	36	41.000000	 24259348.0921980739
   417282.0000000341	    34311.5400390625	    34311.0000000000	553	1	36	41.750000	 24258619.9951221906
   417283.0000000564	    29142.4062500000	    29142.0000000000	416	1	36	41.000000	 24257889.8982495554
   417284.0000000806	    23973.5185546875	    23973.0000000000	531	1	36	40.000000	 24257160.8065098971
   417284.9999999287	    18804.6640625000	    18804.0000000000	680	0	36	39.750000	 24256431.4251467027
   417285.9999999510	    13636.0000000000	    13636.0000000000	0	1	36	39.750000	 24255701.1851821654
   417286.9999999740	     8467.2255859375	     8467.0000000000	231	1	36	39.750000	 24254971.1546202376
   417287.9999999960	     3298.3115234375	     3298.0000000000	319	1	36	39.500000	 24254242.4014157578
   417289.0000000176	    -1870.3369140625	  1046705.0000000000	679	1	36	40.000000	 24253513.5260597467
   417290.0000000406	    -7038.6386718750	  1041537.0000000000	370	1	36	39.250000	 24252783.9422238022
   417291.0000000633	   -12206.3027343750	  1036369.0000000000	714	1	36	39.500000	 24252054.8260542452
   417292.0000000855	   -17373.4179687500	  1031202.0000000000	596	1	36	39.250000	 24251326.4113842547
   417292.9999999321	   -22540.1376953125	  1026035.0000000000	883	0	36	40.250000	 24250599.2950619161
   417293.9999999529	   -27706.5888671875	  1020869.0000000000	421	1	36	41.000000	 24249871.1770463139
   417294.9999999743	   -32873.3789062500	  1015702.0000000000	636	1	36	40.750000	 24249142.2667898722
   417295.9999999963	   -38040.5898437500	  1010535.0000000000	420	1	36	41.250000	 24248413.9254109338
   417297.0000000196	   -43207.7929687500	  1005368.0000000000	212	1	36	41.500000	 24247685.8422950767
   417298.0000000436	   -48374.4179687500	  1000201.0000000000	596	1	36	41.000000	 24246957.2705724612
   417299.0000000675	   -53541.0000000000	   995035.0000000000	0	1	36	41.000000	 24246229.7912345454
   417299.9999999163	   -58707.5986328125	   989868.0000000000	411	0	36	41.000000	 24245503.0692868493
   417300.9999999403	   -63874.1367187500	   984701.0000000000	884	1	36	41.250000	 24244775.6422995999
   417301.9999999648	   -69040.9472656250	   979535.0000000000	54	1	36	41.500000	 24244047.6394544765
   417302.9999999889	   -74207.6572265625	   974368.0000000000	351	1	36	41.000000	 24243319.2282739840
   417304.0000000125	   -79374.4013671875	   969201.0000000000	613	1	36	40.500000	 24242591.0893172994
   417305.0000000343	   -84540.8134765625	   964035.0000000000	191	1	36	40.500000	 24241861.7113944776
   417306.0000000576	   -89707.1025390625	   958868.0000000000	919	1	36	39.750000	 24241133.6108284071
   417307.0000000787	   -94873.4267578125	   953702.0000000000	587	1	36	40.500000	 24240405.0251464285
   417307.9999999264	  -100040.5751953125	   948535.0000000000	435	0	36	40.500000	 24239677.3818266876
   417308.9999999477	  -105207.1562500000	   943368.0000000000	864	1	36	42.000000	 24238947.7212101966
   417309.9999999724	  -110372.8232421875	   938203.0000000000	181	1	36	41.750000	 24238218.3223462887
   417310.9999999962	  -115537.9091796875	   933038.0000000000	93	1	36	42.000000	 24237490.8430083841
   417312.0000000203	  -120702.9023437500	   927873.0000000000	100	1	36	42.000000	 24236764.2920228802
   417313.0000000433	  -125867.8574218750	   922708.0000000000	146	1	36	42.750000	 24236036.1216559373
   417314.0000000675	  -131032.5576171875	   917543.0000000000	453	1	36	42.000000	 24235308.4608355016
   417314.9999999169	  -136197.4091796875	   912378.0000000000	605	0	36	42.250000	 24234580.7686546072
   417315.9999999387	  -141362.5390625000	   907213.0000000000	472	1	36	43.000000	 24233852.5180169344
   417316.9999999590	  -146528.1591796875	   902047.0000000000	861	1	36	42.750000	 24233124.8327672742
   417317.9999999802	  -151693.6787109375	   896882.0000000000	329	1	36	43.000000	 24232398.1072802804
   417319.0000000024	  -156859.0888671875	   891716.0000000000	933	1	36	43.000000	 24231670.9978878088
   417320.0000000243	  -162024.1972656250	   886551.0000000000	822	1	36	43.250000	 24230943.0857846402
   417321.0000000459	  -167188.4160156250	   881387.0000000000	598	1	36	42.750000	 24230214.3535205424
   417322.0000000669	  -172352.1152343750	   876223.0000000000	906	1	36	42.500000	 24229484.5882027373
   417322.9999999132	  -177515.9716796875	   871060.0000000000	29	0	36	42.250000	 24228756.9379033372
   417323.9999999336	  -182679.3886718750	   865896.0000000000	626	1	36	43.250000	 24228028.8582783490
   417324.9999999551	  -187842.3828125000	   860733.0000000000	632	1	36	42.500000	 24227301.8082168922
   417325.9999999758	  -193006.0058593750	   855569.0000000000	1018	1	36	43.000000	 24226573.2609255202
   417326.9999999957	  -198170.5332031250	   850405.0000000000	478	1	36	42.750000	 24225845.2929821983
   417328.0000000165	  -203335.6250000000	   845240.0000000000	384	1	36	42.750000	 24225117.7473342866
   417329.0000000389	  -208500.8417968750	   840075.0000000000	162	1	36	43.000000	 24224389.4199153855
   417330.0000000635	  -213665.5683593750	   834910.0000000000	442	1	36	43.000000	 24223661.7207043245
   417331.0000000857	  -218828.9541015625	   829747.0000000000	47	1	36	42.500000	 24222933.3234845512
   417331.9999999317	  -223992.2460937500	   824583.0000000000	772	0	36	42.000000	 24222204.6017408185
   417332.9999999528	  -229155.0400390625	   819420.0000000000	983	1	36	41.750000	 24221476.2847924568
   417333.9999999747	  -234314.7480468750	   814261.0000000000	258	1	36	42.250000	 24220748.9450569749
   417334.9999999923	  -239471.8115234375	   809104.0000000000	193	1	36	41.750000	 24220019.5636453331
   417336.0000000092	  -244627.8798828125	   803948.0000000000	123	1	36	40.000000	 24219291.0093749613
   417337.0000000260	  -249782.4023437500	   798793.0000000000	612	1	36	40.750000	 24218563.2787556835
   417338.0000000425	  -254933.6523437500	   793642.0000000000	356	1	36	41.000000	 24217836.4450785890
   417339.0000000536	  -260082.7011718750	   788493.0000000000	306	1	36	42.000000	 24217108.5608989038
   417340.0000000650	  -265230.9970703125	   783345.0000000000	3	1	36	41.750000	 24216380.9245124273
   417341.0000000770	  -270380.0820312500	   778195.0000000000	940	1	36	42.000000	 24215654.1780877858
   417341.9999999127	  -275529.7021484375	   773046.0000000000	305	0	36	42.250000	 24214927.3933229782
   417342.9999999258	  -280679.2001953125	   767896.0000000000	819	1	36	42.000000	 24214199.4044413045
   417343.9999999384	  -285829.3408203125	   762746.0000000000	675	1	36	42.000000	 24213471.4190498106
   417344.9999999509	  -290980.1611328125	   757595.0000000000	859	1	36	42.250000	 24212742.5227561332
   417345.9999999650	  -296131.1464843750	   752444.0000000000	874	1	36	41.750000	 24212015.2772541493
   417346.9999999806	  -301281.7177734375	   747294.0000000000	289	1	36	41.000000	 24211287.4663641490
   417347.9999999962	  -306432.7900390625	   742143.0000000000	215	1	36	40.750000	 24210560.2278418392
   417349.0000000102	  -311584.3916015625	   736991.0000000000	623	1	36	42.000000	 24209831.5165201984
   417350.0000000258	  -316736.0859375000	   731839.0000000000	936	1	36	41.750000	 24209104.7072736695
   417351.0000000412	  -321887.3916015625	   726688.0000000000	623	1	36	41.250000	 24208376.5229487270
   417352.0000000561	  -327038.9951171875	   721537.0000000000	5	1	36	41.250000	 24207649.3612076528
   417353.0000000715	  -332190.0957031250	   716385.0000000000	926	1	36	41.750000	 24206921.5154171996
   417353.9999999120	  -337340.8447265625	   711235.0000000000	159	0	36	41.500000	 24206193.2997318357
   417354.9999999271	  -342491.6542968750	   706084.0000000000	354	1	36	41.000000	 24205466.4765252508
   417355.9999999410	  -347642.1396484375	   700933.0000000000	881	1	36	41.500000	 24204738.7144964114
   417356.9999999551	  -352792.5439453125	   695783.0000000000	467	1	36	41.750000	 24204011.8982701860
   417357.9999999695	  -357943.1816406250	   690632.0000000000	838	1	36	42.250000	 24203284.2932933047
   417358.9999999856	  -363093.8154296875	   685482.0000000000	189	1	36	42.250000	 24202556.7650969699
   417360.0000000026	  -368243.9853515625	   680332.0000000000	15	1	36	42.000000	 24201828.8180947304
   417361.0000000184	  -373393.5800781250	   675182.0000000000	430	1	36	41.250000	 24201101.0595553964
   417362.0000000331	  -378543.1718750000	   670032.0000000000	848	1	36	42.250000	 24200373.8280134499
   417363.0000000483	  -383693.5205078125	   664882.0000000000	491	1	36	42.250000	 24199646.4847898185
   417364.0000000633	  -388844.2324218750	   659731.0000000000	786	1	36	42.750000	 24198918.7855814844
   417365.0000000791	  -393994.7431640625	   654581.0000000000	263	1	36	42.250000	 24198190.3115825243
   417365.9999999207	  -399145.5888671875	   649430.0000000000	421	0	36	41.750000	 24197463.1429109015
   417366.9999999357	  -404296.0468750000	   644279.0000000000	976	1	36	42.250000	 24196734.4420591220
   417367.9999999513	  -409445.6855468750	   639130.0000000000	322	1	36	41.750000	 24196006.9173529707
   417368.9999999659	  -414594.9033203125	   633981.0000000000	99	1	36	42.000000	 24195280.0801863447
   417369.9999999791	  -419743.7031250000	   628832.0000000000	304	1	36	42.000000	 24194551.9831131883
   417370.9999999934	  -424891.8828125000	   623684.0000000000	120	1	36	41.750000	 24193824.9156035595
   417372.0000000060	  -430039.5527343750	   618536.0000000000	458	1	36	42.000000	 24193096.7871201411
   417373.0000000204	  -435187.1044921875	   613388.0000000000	917	1	36	41.750000	 24192369.6114190370
   417374.0000000335	  -440334.8574218750	   608241.0000000000	146	1	36	42.000000	 24191641.2107118033
   417375.0000000467	  -445483.0234375000	   603092.0000000000	1000	1	36	42.250000	 24190914.0978318937
   417376.0000000604	  -450631.3691406250	   597944.0000000000	646	1	36	42.250000	 24190186.7127281427
   417377.0000000754	  -455779.1337890625	   592796.0000000000	887	1	36	42.000000	 24189459.6033377200
   417378.0000000847	  -460927.0878906250	   587648.0000000000	934	1	36	42.000000	 24188732.4660285749
   417378.9999999232	  -466075.2226562500	   582500.0000000000	796	0	36	42.250000	 24188005.9290563427
   417379.9999999382	  -471222.5888671875	   577353.0000000000	421	1	36	42.250000	 24187280.9660447463
   417380.9999999515	  -476369.5371093750	   572206.0000000000	474	1	36	42.250000	 24186554.3173410259
   417381.9999999647	  -481516.6113281250	   567059.0000000000	398	1	36	42.250000	 24185827.9373709299
   417382.9999999782	  -486664.0957031250	   561911.0000000000	926	1	36	42.500000	 24185100.6255582497
   417383.9999999922	  -491811.6318359375	   556764.0000000000	377	1	36	42.250000	 24184373.0589719862
   417385.0000000077	  -496958.4775390625	   551617.0000000000	535	1	36	42.250000	 24183644.8013560213
   417386.0000000224	  -502103.6953125000	   546472.0000000000	312	1	36	42.000000	 24182916.8543544486
   417387.0000000353	  -507248.1562500000	   541327.0000000000	864	1	36	42.000000	 24182190.8164090179
   417388.0000000485	  -512392.9746093750	   536183.0000000000	26	1	36	42.250000	 24181464.4189887010
   417389.0000000590	  -517537.9375000000	   531038.0000000000	64	1	36	43.000000	 24180737.9517682083
   417390.0000000708	  -522682.1347656250	   525893.0000000000	886	1	36	43.000000	 24180011.8510022871
   417391.0000000828	  -527825.4570312500	   520750.0000000000	556	1	36	43.000000	 24179284.9789359011
   417391.9999999194	  -532967.9599609375	   515608.0000000000	41	0	36	43.500000	 24178558.4384741634
   417392.9999999295	  -538110.1699218750	   510465.0000000000	850	1	36	42.750000	 24177830.7043667585
   417393.9999999413	  -543251.6406250000	   505324.0000000000	368	1	36	42.500000	 24177103.7624995187
   417394.9999999520	  -548392.8789062500	   500183.0000000000	124	1	36	41.500000	 24176376.6321700551
   417395.9999999633	  -553533.4746093750	   495042.0000000000	538	1	36	41.250000	 24175648.3885154836
   417396.9999999740	  -558672.8281250000	   489903.0000000000	176	1	36	41.250000	 24174922.5285631008
   417397.9999999812	  -563811.8496093750	   484764.0000000000	154	1	36	41.500000	 24174195.9252317175
   417398.9999999893	  -568950.4072265625	   479625.0000000000	607	1	36	42.250000	 24173469.5836536027
   417399.9999999982	  -574088.2275390625	   474487.0000000000	791	1	36	42.000000	 24172744.6311139092
   417401.0000000061	  -579224.6123046875	   469351.0000000000	397	1	36	42.500000	 24172018.6664609089
   417402.0000000124	  -584358.9433593750	   464217.0000000000	58	1	36	41.500000	 24171292.9286614023
   417403.0000000174	  -589491.9677734375	   459084.0000000000	33	1	36	42.000000	 24170567.0931409672
   417404.0000000224	  -594624.1777343750	   453951.0000000000	842	1	36	42.250000	 24169841.3832622506
   417405.0000000268	  -599756.8466796875	   448819.0000000000	157	1	36	42.750000	 24169113.1012191139
   417406.0000000318	  -604889.5439453125	   443686.0000000000	467	1	36	42.750000	 24168386.1035130732
   417407.0000000371	  -610021.9833984375	   438554.0000000000	17	1	36	42.750000	 24167658.7812325768
   417408.0000000420	  -615153.7158203125	   433422.0000000000	291	1	36	42.500000	 24166932.2128023021
   417409.0000000463	  -620283.2744140625	   428292.0000000000	743	1	36	42.500000	 24166205.4349694438
   417410.0000000482	  -625410.3183593750	   423165.0000000000	698	1	36	42.500000	 24165480.1055066921
   417411.0000000485	  -630536.3759765625	   418039.0000000000	639	1	36	42.000000	 24164753.8756122962
   417412.0000000484	  -635662.7763671875	   412913.0000000000	229	1	36	41.250000	 24164025.6459211446
   417413.0000000509	  -640788.9970703125	   407787.0000000000	3	1	36	40.500000	 24163297.1998463683
   417414.0000000547	  -645914.8388671875	   402661.0000000000	165	1	36	40.000000	 24162569.4064099938
   417415.0000000578	  -651039.2861328125	   397536.0000000000	731	1	36	39.500000	 24161842.1539310664
   417416.0000000577	  -656162.6572265625	   392413.0000000000	351	1	36	41.000000	 24161112.4933207296
   417417.0000000598	  -661285.9990234375	   387290.0000000000	1	1	36	39.750000	 24160386.2145651393
   417418.0000000591	  -666408.8906250000	   382167.0000000000	112	1	36	42.250000	 24159658.9725574479
   417419.0000000586	  -671530.0263671875	   377045.0000000000	997	1	36	41.750000	 24158932.1772757061
   417420.0000000559	  -676651.0537109375	   371924.0000000000	969	1	36	42.000000	 24158206.3277972750
   417421.0000000539	  -681772.5380859375	   366803.0000000000	473	1	36	42.250000	 24157479.9722618647
   417422.0000000505	  -686894.7871093750	   361681.0000000000	218	1	36	42.750000	 24156753.9133808240
   417423.0000000498	  -692017.0234375000	   356558.0000000000	1000	1	36	42.750000	 24156027.5124744065
   417424.0000000490	  -697139.4267578125	   351436.0000000000	587	1	36	42.000000	 24155299.6457483694
   417425.0000000500	  -702261.6298828125	   346314.0000000000	379	1	36	42.250000	 24154571.7476113886
   417426.0000000516	  -707383.4423828125	   341192.0000000000	571	1	36	42.000000	 24153845.4548957683
   417427.0000000509	  -712504.4199218750	   336071.0000000000	594	1	36	42.250000	 24153119.0539893880
   417428.0000000504	  -717624.3896484375	   330951.0000000000	625	1	36	42.500000	 24152391.1488726921
   417429.0000000495	  -722744.2324218750	   325831.0000000000	786	1	36	42.250000	 24151665.6798088960
   417430.0000000485	  -727863.6835937500	   320712.0000000000	324	1	36	42.750000	 24150939.7640190832
   417431.0000000487	  -732983.1777343750	   315592.0000000000	842	1	36	43.000000	 24150214.9126932546
   417432.0000000466	  -738101.9355468750	   310474.0000000000	66	1	36	43.000000	 24149488.3791654781
   417433.0000000444	  -743220.3710937500	   305355.0000000000	644	1	36	43.250000	 24148761.2558197901
   417434.0000000408	  -748338.9677734375	   300237.0000000000	33	1	36	43.250000	 24148034.4116782472
   417435.0000000385	  -753458.2421875000	   295117.0000000000	776	1	36	43.250000	 24147308.3807172924
   417436.0000000345	  -758577.8710937500	   289998.0000000000	132	1	36	43.750000	 24146582.1473340727
   417437.0000000325	  -763697.5097656250	   284878.0000000000	502	1	36	43.500000	 24145855.9174403436
   417438.0000000345	  -768816.9980468750	   279759.0000000000	2	1	36	43.250000	 24145130.6054278091
   417439.0000000342	  -773936.2343750000	   274639.0000000000	784	1	36	44.000000	 24144404.4697648808
   417440.0000000334	  -779054.7753906250	   269521.0000000000	230	1	36	44.000000	 24143678.0339580290
   417441.0000000307	  -784172.4404296875	   264403.0000000000	573	1	36	44.000000	 24142951.0571944639
   417442.0000000283	  -789289.9375000000	   259286.0000000000	64	1	36	44.000000	 24142224.5620572753
   417443.0000000257	  -794407.7060546875	   254168.0000000000	301	1	36	44.000000	 24141497.5852937102
   417444.0000000241	  -799525.4326171875	   249050.0000000000	581	1	36	44.000000	 24140771.3519097902
   417445.0000000226	  -804642.8222656250	   243933.0000000000	182	1	36	43.500000	 24140045.2790680192
   417446.0000000210	  -809759.2324218750	   238816.0000000000	786	1	36	44.250000	 24139318.6164083704
   417447.0000000181	  -814874.8867187500	   233701.0000000000	116	1	36	43.500000	 24138591.8385775462
   417448.0000000153	  -819989.9433593750	   228586.0000000000	58	1	36	43.250000	 24137865.8111067489
   417449.0000000110	  -825105.6777343750	   223470.0000000000	330	1	36	43.750000	 24137139.0437464565
   417450.0000000075	  -830221.7412109375	   218354.0000000000	265	1	36	43.750000	 24136412.8068730794
   417451.0000000056	  -835338.0156250000	   213237.0000000000	1008	1	36	43.750000	 24135687.7740653604
   417452.0000000026	  -840454.2558593750	   208121.0000000000	762	1	36	44.000000	 24134963.1077129431
   417453.0000000001	  -845570.2753906250	   203005.0000000000	742	1	36	43.500000	 24134236.4345834255
   417453.9999999976	  -850685.7558593750	   197890.0000000000	250	1	36	43.000000	 24133510.9236394837
   417454.9999999938	  -855800.7158203125	   192775.0000000000	291	1	36	43.750000	 24132784.6169652119
   417455.9999999900	  -860915.6972656250	   187660.0000000000	310	1	36	43.500000	 24132058.5790245757
   417456.9999999867	  -866030.1660156250	   182545.0000000000	854	1	36	44.250000	 24131332.6632354558
   417457.9999999842	  -871144.1093750000	   177431.0000000000	912	1	36	44.250000	 24130606.5799238347
   417458.9999999801	  -876258.1621093750	   172317.0000000000	858	1	36	43.500000	 24129880.4547321051
   417459.9999999763	  -881372.6513671875	   167203.0000000000	357	1	36	43.500000	 24129154.2562493198
   417460.9999999729	  -886486.9785156250	   162089.0000000000	22	1	36	43.500000	 24128428.9128278904
   417461.9999999694	  -891601.8554687500	   156974.0000000000	148	1	36	43.250000	 24127702.2641289458
   417462.9999999675	  -896716.8896484375	   151859.0000000000	113	1	36	43.250000	 24126976.6240531318
   417463.9999999646	  -901831.1298828125	   146744.0000000000	891	1	36	43.000000	 24126251.5807755813
   417464.9999999619	  -906945.1230468750	   141630.0000000000	898	1	36	43.000000	 24125524.7122034803
   417465.9999999586	  -912059.2187500000	   136516.0000000000	800	1	36	42.750000	 24124798.8313148022
   417466.9999999551	  -917173.3652343750	   131402.0000000000	650	1	36	43.000000	 24124073.0237171650
   417467.9999999523	  -922287.3857421875	   126288.0000000000	629	1	36	42.750000	 24123347.9804396182
   417468.9999999501	  -927401.6708984375	   121174.0000000000	337	1	36	43.000000	 24122621.8587373868
   417469.9999999485	  -932515.7539062500	   116060.0000000000	252	1	36	43.500000	 24121896.3233628757
   417470.9999999464	  -937628.8886718750	   110947.0000000000	114	1	36	43.250000	 24121171.6500300802
   417471.9999999423	  -942742.4355468750	   105833.0000000000	578	1	36	43.000000	 24120446.2228477411
   417472.9999999384	  -947855.5869140625	   100720.0000000000	423	1	36	43.500000	 24119719.4345470518
   417473.9999999370	  -952968.1279296875	    95607.0000000000	893	1	36	43.250000	 24118994.6844330244
   417474.9999999334	  -958080.7470703125	    90495.0000000000	259	1	36	43.500000	 24118269.4317528605
   417475.9999999305	  -963192.9296875000	    85383.0000000000	72	1	36	43.000000	 24117543.9417493306
   417476.9999999264	  -968305.0976562500	    80270.0000000000	924	1	36	43.250000	 24116818.0852912255
   417477.9999999221	  -973417.2998046875	    75158.0000000000	717	1	36	43.250000	 24116092.6057582311
   417478.9999999172	  -978529.5869140625	    70046.0000000000	423	1	36	43.250000	 24115366.8260813579
   417479.9999999136	  -983641.6542968750	    64934.0000000000	354	1	36	43.000000	 24114640.5543075241
   417481.0000000852	  -988753.1650390625	    59822.0000000000	855	2	36	42.250000	 24113915.1340550445
   417482.0000000816	  -993864.9326171875	    54711.0000000000	69	1	36	42.500000	 24113189.8813749067
   417483.0000000774	  -998976.8720703125	    49599.0000000000	131	1	36	42.750000	 24112464.0074665770
   417484.0000000725	 -1004088.5947265625	    44487.0000000000	415	1	36	42.750000	 24111737.2086960077
   417485.0000000683	 -1009199.9863281250	    39376.0000000000	14	1	36	42.250000	 24111011.8897051550
   417486.0000000636	 -1014310.9326171875	    34265.0000000000	69	1	36	42.250000	 24110285.0001933426
   417487.0000000597	 -1019421.3779296875	    29154.0000000000	637	1	36	42.000000	 24109559.6602621153
   417488.0000000556	 -1024531.5751953125	    24044.0000000000	435	1	36	42.000000	 24108834.5367138162
   417489.0000000520	 -1029641.2451171875	    18934.0000000000	773	1	36	42.000000	 24108108.6942157634
   417490.0000000488	 -1034750.4609375000	    13825.0000000000	552	1	36	42.250000	 24107383.6893288307
   417491.0000000432	 -1039859.6542968750	     8716.0000000000	354	1	36	42.500000	 24106658.6844425648
   417492.0000000369	 -1044967.7978515625	     3608.0000000000	207	1	36	42.500000	 24105932.0217842795
   417493.0000000310	 -1050074.9023437500	  1047077.0000000000	100	1	36	42.500000	 24105206.3572792299
   417494.0000000232	 -1055181.1923828125	  1041970.0000000000	827	1	36	43.000000	 24104481.4047443159
   417495.0000000152	 -1060287.0292968750	  1036864.0000000000	994	1	36	42.500000	 24103756.2393166311
   417496.0000000083	 -1065391.9570312500	  1031760.0000000000	44	1	36	43.000000	 24103029.8314318992
   417497.0000000014	 -1070496.6875000000	  1026655.0000000000	320	1	36	43.250000	 24102305.8735600933
   417497.9999999941	 -1075601.4765625000	  1021550.0000000000	536	1	36	42.750000	 24101581.7935367376
   417498.9999999861	 -1080705.6396484375	  1016446.0000000000	369	1	36	42.250000	 24100855.0540978909
   417499.9999999790	 -1085807.8837890625	  1011344.0000000000	119	1	36	42.500000	 24100128.5938625261
   417500.9999999687	 -1090908.9726562500	  1006243.0000000000	28	1	36	42.750000	 24099401.7636830881
   417501.9999999593	 -1096008.9394531250	  1001143.0000000000	62	1	36	42.500000	 24098675.5896322466
   417502.9999999475	 -1101107.9511718750	   996044.0000000000	50	1	36	42.000000	 24097947.7333794609
   417503.9999999366	 -1106205.8310546875	   990946.0000000000	173	1	36	42.000000	 24097221.8385327905
   417504.9999999241	 -1111303.3574218750	   985848.0000000000	658	1	36	42.500000	 24096496.2054400630
   417505.9999999126	 -1116400.9228515625	   980751.0000000000	79	1	36	42.000000	 24095770.9946427420
   417507.0000000760	 -1121498.3925781250	   975653.0000000000	622	2	36	42.000000	 24095045.7244646065
   417508.0000000647	 -1126595.8652343750	   970556.0000000000	138	1	36	41.750000	 24094319.8680085279
   417509.0000000540	 -1131692.4326171875	   965459.0000000000	581	1	36	41.750000	 24093593.8824206106
   417510.0000000417	 -1136789.1523437500	   960362.0000000000	868	1	36	41.750000	 24092869.0345883630
   417511.0000000276	 -1141885.8994140625	   955266.0000000000	103	1	36	42.000000	 24092143.1816231720
   417512.0000000159	 -1146982.8105468750	   950169.0000000000	194	1	36	42.000000	 24091419.4924863465
   417513.0000000031	 -1152079.4814453125	   945072.0000000000	531	1	36	42.500000	 24090694.0583263449
   417513.9999999914	 -1157175.6904296875	   939976.0000000000	317	1	36	42.250000	 24089967.3468089513
   417514.9999999796	 -1162271.0009765625	   934880.0000000000	1023	1	36	42.250000	 24089240.3491076976
   417515.9999999681	 -1167365.7382812500	   929786.0000000000	268	1	36	42.000000	 24088514.8521265313
   417516.9999999551	 -1172459.3974609375	   924692.0000000000	617	1	36	42.250000	 24087789.9030831642
   417517.9999999413	 -1177552.3828125000	   919599.0000000000	632	1	36	42.000000	 24087066.0324644707
   417518.9999999263	 -1182643.5859375000	   914508.0000000000	424	1	36	42.500000	 24086340.6332056187
   417520.0000000855	 -1187732.4384765625	   909419.0000000000	575	2	36	42.750000	 24085615.5200807899
   417521.0000000685	 -1192819.6894531250	   904332.0000000000	318	1	36	43.000000	 24084890.2429741472
   417522.0000000503	 -1197906.4238281250	   899245.0000000000	590	1	36	42.750000	 24084166.1908743009
   417523.0000000310	 -1202994.4541015625	   894157.0000000000	559	1	36	43.000000	 24083442.0759539306
   417524.0000000139	 -1208082.4267578125	   889069.0000000000	587	1	36	43.500000	 24082717.7655903101
   417524.9999999972	 -1213170.5361328125	   883981.0000000000	475	1	36	42.750000	 24081994.0066539608
   417525.9999999802	 -1218258.3496093750	   878893.0000000000	666	1	36	43.000000	 24081269.8568324745
   417526.9999999642	 -1223346.2226562500	   873805.0000000000	796	1	36	43.000000	 24080546.0385651216
   417527.9999999473	 -1228433.7617187500	   868718.0000000000	244	1	36	43.000000	 24079820.3670831434
   417528.9999999311	 -1233521.2402343750	   863630.0000000000	778	1	36	43.000000	 24079094.6013697200
   417529.9999999137	 -1238608.5263671875	   858543.0000000000	485	1	36	43.000000	 24078368.6471940801
   417531.0000000735	 -1243695.2822265625	   853456.0000000000	735	2	36	42.750000	 24077644.8358566128
   417532.0000000575	 -1248782.1982421875	   848369.0000000000	821	1	36	43.000000	 24076919.8554036692
   417533.0000000424	 -1253869.3007812500	   843282.0000000000	716	1	36	43.000000	 24076194.8679703511
   417534.0000000270	 -1258956.0078125000	   838195.0000000000	1016	1	36	42.750000	 24075469.4896518923
   417535.0000000115	 -1264042.1640625000	   833109.0000000000	856	1	36	42.500000	 24074743.6646074541
   417535.9999999955	 -1269128.0068359375	   828023.0000000000	1017	1	36	42.250000	 24074018.8446966521
   417536.9999999804	 -1274213.6269531250	   822938.0000000000	382	1	36	42.250000	 24073294.2690888979
   417537.9999999633	 -1279299.2441406250	   817852.0000000000	774	1	36	42.250000	 24072569.4038078003
   417538.9999999468	 -1284384.5927734375	   812767.0000000000	417	1	36	42.250000	 24071843.4077513628
   417539.9999999292	 -1289469.6904296875	   807682.0000000000	317	1	36	42.000000	 24071118.5285102241
   417541.0000000860	 -1294554.5839843750	   802597.0000000000	426	2	36	41.750000	 24070393.2548439652
   417542.0000000673	 -1299640.0136718750	   797511.0000000000	1010	1	36	41.750000	 24069668.0440486707
   417543.0000000485	 -1304725.3203125000	   792426.0000000000	696	1	36	41.250000	 24068942.1003435627
   417544.0000000307	 -1309810.5546875000	   787341.0000000000	456	1	36	41.000000	 24068216.1322078928
   417545.0000000138	 -1314895.8964843750	   782256.0000000000	106	1	36	40.750000	 24067490.4607259221
   417545.9999999971	 -1319981.6464843750	   777170.0000000000	362	1	36	40.750000	 24066765.2708703689
   417546.9999999789	 -1325067.7880859375	   772084.0000000000	217	1	36	40.750000	 24066040.1996768378
   417547.9999999616	 -1330154.2441406250	   766997.0000000000	774	1	36	40.250000	 24065313.8511258699
   417548.9999999460	 -1335240.8964843750	   761911.0000000000	106	1	36	40.250000	 24064587.1151792444
   417549.9999999311	 -1340327.6308593750	   756824.0000000000	378	1	36	40.500000	 24063863.0560983419
   417550.9999999152	 -1345414.4013671875	   751737.0000000000	613	1	36	40.750000	 24063139.3983731307
   417552.0000000747	 -1350500.5507812500	   746651.0000000000	460	2	36	41.250000	 24062416.6445199437
   417553.0000000579	 -1355587.1445312500	   741564.0000000000	876	1	36	41.250000	 24061692.5819495283
   417554.0000000416	 -1360674.2226562500	   736477.0000000000	796	1	36	41.750000	 24060967.7829791121
   417555.0000000249	 -1365761.2753906250	   731390.0000000000	742	1	36	41.500000	 24060242.4674818777
   417556.0000000106	 -1370848.2646484375	   726303.0000000000	753	1	36	41.750000	 24059519.1378206089
   417556.9999999956	 -1375934.9169921875	   721217.0000000000	85	1	36	42.250000	 24058795.9023908079
   417557.9999999793	 -1381021.7333984375	   716130.0000000000	273	1	36	42.250000	 24058072.4086979181
   417558.9999999623	 -1386108.7910156250	   711043.0000000000	214	1	36	42.000000	 24057348.1157845035
   417559.9999999468	 -1391195.0332031250	   705956.0000000000	990	1	36	42.000000	 24056624.8663946614
   417560.9999999299	 -1396281.1220703125	   700870.0000000000	899	1	36	42.750000	 24055901.3238412961
   417561.9999999134	 -1401368.2109375000	   695783.0000000000	808	1	36	42.750000	 24055176.7761542983
   417563.0000000721	 -1406455.6230468750	   690696.0000000000	386	2	36	43.250000	 24054451.0941519700
   417564.0000000572	 -1411543.1914062500	   685608.0000000000	828	1	36	42.000000	 24053724.7106998973
   417565.0000000436	 -1416630.3505859375	   680521.0000000000	665	1	36	41.500000	 24052999.8907884099
   417566.0000000303	 -1421717.4179687500	   675434.0000000000	596	1	36	42.000000	 24052275.7304957025
   417567.0000000162	 -1426804.7294921875	   670347.0000000000	277	1	36	42.250000	 24051551.8982676081
   417568.0000000022	 -1431892.3056640625	   665259.0000000000	711	1	36	42.500000	 24050828.3522233777
   417568.9999999882	 -1436980.2080078125	   660171.0000000000	811	1	36	42.750000	 24050103.8394361436
   417569.9999999742	 -1442067.4462890625	   655084.0000000000	567	1	36	42.500000	 24049378.4506471492
   417570.9999999608	 -1447154.5351562500	   649997.0000000000	476	1	36	42.250000	 24048654.1298122965
   417571.9999999473	 -1452241.8212890625	   644910.0000000000	183	1	36	42.500000	 24047930.3289944828
   417572.9999999350	 -1457329.1494140625	   639822.0000000000	871	1	36	42.500000	 24047206.1791716293
   417573.9999999214	 -1462416.6298828125	   634735.0000000000	379	1	36	42.000000	 24046481.7536354735
   417575.0000000835	 -1467503.1162109375	   629648.0000000000	905	2	36	42.500000	 24045758.9613909945
   417576.0000000691	 -1472588.1083984375	   624563.0000000000	913	1	36	42.750000	 24045034.1659100689
   417577.0000000540	 -1477670.8701171875	   619481.0000000000	133	1	36	42.250000	 24044309.8939363733
   417578.0000000361	 -1482752.3701171875	   614399.0000000000	645	1	36	42.000000	 24043584.6238100789
   417579.0000000179	 -1487831.2431640625	   609320.0000000000	775	1	36	42.000000	 24042862.2713630646
   417579.9999999949	 -1492907.3095703125	   604244.0000000000	707	1	36	42.500000	 24042139.2209080346
   417580.9999999714	 -1497981.9003906250	   599170.0000000000	102	1	36	43.000000	 24041416.2821346596
   417581.9999999473	 -1503055.9960937500	   594096.0000000000	4	1	36	42.750000	 24040693.5981348716
   417582.9999999235	 -1508129.3164062500	   589022.0000000000	700	1	36	42.000000	 24039969.4273750335
   417584.0000000756	 -1513201.4140625000	   583950.0000000000	600	2	36	41.750000	 24039245.4589876309
   417585.0000000508	 -1518273.5791015625	   578878.0000000000	431	1	36	40.500000	 24038520.2761144862
   417586.0000000275	 -1523345.6132812500	   573806.0000000000	396	1	36	40.500000	 24037797.1209581569
   417587.0000000033	 -1528417.5361328125	   568734.0000000000	475	1	36	40.500000	 24037072.4162212387
   417587.9999999804	 -1533489.2695312500	   563662.0000000000	748	1	36	40.000000	 24036349.2401244827
   417588.9999999568	 -1538560.4931640625	   558591.0000000000	519	1	36	40.750000	 24035625.2648072205
   417589.9999999336	 -1543631.1328125000	   553520.0000000000	888	1	36	40.000000	 24034901.5547333993
   417591.0000000848	 -1548700.9013671875	   548451.0000000000	101	2	36	40.250000	 24034177.8969604187
   417592.0000000607	 -1553770.2753906250	   543381.0000000000	742	1	36	40.250000	 24033454.8011350855
   417593.0000000353	 -1558839.1542968750	   538312.0000000000	866	1	36	41.500000	 24032731.4295964614
   417594.0000000101	 -1563907.5410156250	   533244.0000000000	470	1	36	41.500000	 24032007.7160331309
   417594.9999999845	 -1568975.8632812500	   528176.0000000000	140	1	36	41.250000	 24031283.8628680818
   417595.9999999588	 -1574042.9755859375	   523109.0000000000	25	1	36	40.750000	 24030561.4057218097
   417596.9999999314	 -1579108.9150390625	   518043.0000000000	87	1	36	41.500000	 24029838.5856111422
   417598.0000000792	 -1584174.2685546875	   512977.0000000000	749	2	36	42.000000	 24029114.0588174537
   417599.0000000537	 -1589238.8378906250	   507913.0000000000	166	1	36	41.000000	 24028391.5458303541
   417600.0000000263	 -1594302.5234375000	   502849.0000000000	488	1	36	42.000000	 24027668.5826277807
   417600.9999999985	 -1599364.6962890625	   497787.0000000000	311	1	36	41.750000	 24026944.9423561841
   417601.9999999690	 -1604425.4482421875	   492726.0000000000	565	1	36	42.000000	 24026222.0664053671
   417602.9999999384	 -1609485.9960937500	   487666.0000000000	4	1	36	41.750000	 24025498.2690825090
   417604.0000000845	 -1614546.2001953125	   482605.0000000000	819	2	36	41.250000	 24024774.2553261779
   417605.0000000561	 -1619606.8691406250	   477545.0000000000	134	1	36	41.250000	 24024050.8523779735
   417606.0000000262	 -1624667.0712890625	   472484.0000000000	951	1	36	41.000000	 24023327.7111837007
   417606.9999999962	 -1629726.3261718750	   467425.0000000000	690	1	36	41.750000	 24022602.8354361653
   417607.9999999664	 -1634785.0429687500	   462366.0000000000	980	1	36	40.500000	 24021879.7116921209
   417608.9999999359	 -1639843.8769531250	   457308.0000000000	126	1	36	41.750000	 24021155.1081683822
   417610.0000000820	 -1644901.7666015625	   452250.0000000000	239	2	36	41.250000	 24020431.5236878172
   417611.0000000510	 -1649959.3496093750	   447192.0000000000	666	1	36	41.250000	 24019708.0509394407
   417612.0000000200	 -1655016.5644531250	   442135.0000000000	446	1	36	40.750000	 24018984.4350990988
   417612.9999999900	 -1660073.5742187500	   437078.0000000000	436	1	36	41.250000	 24018261.7231806032
   417613.9999999602	 -1665130.8486328125	   432021.0000000000	155	1	36	41.750000	 24017538.4563446380
   417614.9999999280	 -1670188.5996093750	   426963.0000000000	410	1	36	41.250000	 24016814.6345918849
   417616.0000000722	 -1675245.9521484375	   421906.0000000000	49	2	36	41.250000	 24016091.3328056559
   417617.0000000427	 -1680303.2011718750	   416848.0000000000	818	1	36	40.750000	 24015366.5792096406
   417618.0000000137	 -1685360.6171875000	   411791.0000000000	392	1	36	39.750000	 24014642.4293915629
   417618.9999999818	 -1690418.8261718750	   406733.0000000000	178	1	36	40.750000	 24013918.7123401277
   417619.9999999506	 -1695477.4980468750	   401674.0000000000	514	1	36	41.500000	 24013194.5974231698
   417620.9999999206	 -1700536.3701171875	   396615.0000000000	645	1	36	41.500000	 24012471.2956867628
   417622.0000000664	 -1705595.1689453125	   391556.0000000000	851	2	36	42.000000	 24011747.4459627643
   417623.0000000374	 -1710654.0498046875	   386497.0000000000	973	1	36	42.000000	 24011023.7254204527
   417624.0000000086	 -1715712.9257812500	   381439.0000000000	76	1	36	42.000000	 24010301.0763224661
   417624.9999999799	 -1720771.2529296875	   376380.0000000000	765	1	36	42.500000	 24009577.1393971816
   417625.9999999513	 -1725829.1396484375	   371322.0000000000	881	1	36	42.250000	 24008853.9877323769
   417626.9999999218	 -1730886.6582031250	   366265.0000000000	350	1	36	42.250000	 24008130.0926878899
   417628.0000000678	 -1735942.7685546875	   361209.0000000000	237	2	36	42.000000	 24007405.5973051600
   417629.0000000368	 -1740997.7373046875	   356154.0000000000	269	1	36	42.250000	 24006680.7285379693
   417630.0000000051	 -1746052.6357421875	   351099.0000000000	373	1	36	41.250000	 24005958.7460397780
   417630.9999999721	 -1751107.7744140625	   346044.0000000000	231	1	36	41.750000	 24005236.5401789770
   417631.9999999393	 -1756163.2656250000	   340988.0000000000	752	1	36	42.250000	 24004512.5439240411
   417633.0000000834	 -1761218.2812500000	   335933.0000000000	736	2	36	42.000000	 24003788.0450518169
   417634.0000000531	 -1766273.2138671875	   330878.0000000000	805	1	36	41.750000	 24003065.5146158300
   417635.0000000215	 -1771328.0722656250	   325823.0000000000	950	1	36	42.000000	 24002342.4571831562
   417635.9999999907	 -1776382.5966796875	   320769.0000000000	413	1	36	42.250000	 24001620.1815208010
   417636.9999999591	 -1781437.1054687500	   315714.0000000000	916	1	36	42.000000	 24000896.3911783025
   417637.9999999279	 -1786492.0166015625	   310659.0000000000	1007	1	36	42.000000	 24000173.1522630900
   417639.0000000718	 -1791547.1738281250	   305604.0000000000	846	2	36	42.500000	 23999450.0319594108
   417640.0000000409	 -1796603.0927734375	   300548.0000000000	929	1	36	42.250000	 23998726.5941114388
   417641.0000000108	 -1801659.2314453125	   295492.0000000000	787	1	36	42.250000	 23998003.5436584428
   417641.9999999817	 -1806715.4365234375	   290436.0000000000	577	1	36	42.250000	 23997281.5227689929
   417642.9999999524	 -1811771.6240234375	   285380.0000000000	385	1	36	42.500000	 23996558.8597109653
   417643.9999999239	 -1816827.7041015625	   280324.0000000000	303	1	36	42.250000	 23995835.9942300096
   417645.0000000702	 -1821883.6416015625	   275268.0000000000	367	2	36	42.250000	 23995113.3032014109
   417646.0000000400	 -1826939.9560546875	   270212.0000000000	45	1	36	42.500000	 23994390.5214820616
   417647.0000000104	 -1831996.3437500000	   265155.0000000000	672	1	36	42.500000	 23993668.4691823348
   417647.9999999804	 -1837052.8671875000	   260099.0000000000	136	1	36	43.000000	 23992944.8812620789
   417648.9999999519	 -1842109.3974609375	   255042.0000000000	617	1	36	42.500000	 23992221.8552389815
   417649.9999999230	 -1847166.4873046875	   249985.0000000000	525	1	36	42.250000	 23991498.1870473251
   417651.0000000684	 -1852223.9990234375	   244928.0000000000	1	2	36	42.500000	 23990774.2151717953
   417652.0000000395	 -1857282.5761718750	   239869.0000000000	434	1	36	42.750000	 23990050.8157137781
   417653.0000000118	 -1862341.7578125000	   234810.0000000000	248	1	36	42.750000	 23989326.6030744798
   417653.9999999853	 -1867401.2314453125	   229750.0000000000	787	1	36	42.500000	 23988603.7759834714
   417654.9999999597	 -1872460.6884765625	   224691.0000000000	319	1	36	42.750000	 23987881.3711878471
   417655.9999999341	 -1877519.8173828125	   219632.0000000000	187	1	36	42.750000	 23987159.0745837130
   417657.0000000822	 -1882578.8105468750	   214573.0000000000	194	2	36	42.750000	 23986437.8005136177
   417658.0000000541	 -1887638.6494140625	   209513.0000000000	359	1	36	43.500000	 23985715.5039101765
   417659.0000000271	 -1892699.0136718750	   204452.0000000000	1010	1	36	43.500000	 23984992.6628590971
   417660.0000000015	 -1897759.4326171875	   199392.0000000000	581	1	36	43.500000	 23984270.8129809685
   417660.9999999768	 -1902820.0722656250	   194331.0000000000	950	1	36	43.000000	 23983548.2232126184
   417661.9999999520	 -1907880.6093750000	   189271.0000000000	400	1	36	43.500000	 23982825.9196281247
   417662.9999999281	 -1912941.5458984375	   184210.0000000000	465	1	36	43.250000	 23982104.5758062862
   417664.0000000767	 -1918002.7539062500	   179149.0000000000	252	2	36	44.000000	 23981383.0120621659
   417665.0000000509	 -1923064.5966796875	   174087.0000000000	413	1	36	44.500000	 23980661.2529252842
   417666.0000000269	 -1928126.9404296875	   169025.0000000000	61	1	36	44.750000	 23979939.1587434113
   417667.0000000026	 -1933189.6416015625	   163962.0000000000	367	1	36	44.500000	 23979217.4065862112
   417667.9999999787	 -1938253.0000000000	   158899.0000000000	0	1	36	44.750000	 23978494.9354792126
   417668.9999999556	 -1943316.6562500000	   153835.0000000000	352	1	36	45.000000	 23977772.9774088934
   417669.9999999337	 -1948380.5361328125	   148771.0000000000	475	1	36	44.500000	 23977051.2427012250
   417671.0000000863	 -1953444.5722656250	   143707.0000000000	438	2	36	44.750000	 23976329.1484688595
   417672.0000000637	 -1958509.2607421875	   138642.0000000000	757	1	36	45.000000	 23975606.9181747362
   417673.0000000414	 -1963574.1689453125	   133577.0000000000	851	1	36	45.000000	 23974884.7925819159
   417674.0000000200	 -1968639.2080078125	   128512.0000000000	811	1	36	45.250000	 23974162.4645661674
   417674.9999999988	 -1973704.3720703125	   123447.0000000000	643	1	36	44.500000	 23973441.0823530219
   417675.9999999775	 -1978769.5078125000	   118382.0000000000	504	1	36	44.500000	 23972718.9672300592
   417676.9999999566	 -1983834.3251953125	   113317.0000000000	691	1	36	44.500000	 23971996.9568084069
   417677.9999999349	 -1988899.2109375000	   108252.0000000000	808	1	36	44.500000	 23971274.5589917824
   417678.9999999130	 -1993964.4130859375	   103187.0000000000	601	1	36	44.750000	 23970552.2519164234
   417680.0000000663	 -1999029.6533203125	    98122.0000000000	355	2	36	44.750000	 23969830.0809028298
   417681.0000000443	 -2004095.3652343750	    93056.0000000000	650	1	36	44.750000	 23969108.0251108818
   417682.0000000231	 -2009161.3457031250	    87990.0000000000	670	1	36	45.000000	 23968386.2136219852
   417683.0000000023	 -2014227.5195312500	    82924.0000000000	492	1	36	44.750000	 23967664.5068343915
   417683.9999999806	 -2019294.5771484375	    77857.0000000000	433	1	36	44.750000	 23966941.9833760485
   417684.9999999589	 -2024361.6455078125	    72790.0000000000	363	1	36	45.000000	 23966219.7286513485
   417685.9999999392	 -2029427.5292968750	    67724.0000000000	482	1	36	44.750000	 23965497.0830408148
   417686.9999999189	 -2034493.0175781250	    62658.0000000000	1006	1	36	44.750000	 23964775.6589468829
   417688.0000000719	 -2039559.0791015625	    57592.0000000000	943	2	36	44.750000	 23964053.4355826229
   417689.0000000502	 -2044626.1914062500	    52525.0000000000	828	1	36	45.250000	 23963330.4479480870
   417690.0000000292	 -2049693.7597656250	    47458.0000000000	246	1	36	45.250000	 23962606.6855229288
   417691.0000000092	 -2054761.6240234375	    42390.0000000000	385	1	36	44.750000	 23961884.5250290111
   417691.9999999906	 -2059829.5449218750	    37322.0000000000	466	1	36	45.000000	 23961162.4797062352
   417692.9999999721	 -2064897.4697265625	    32254.0000000000	543	1	36	44.750000	 23960440.6298260354
   417693.9999999535	 -2069965.4619140625	    27186.0000000000	551	1	36	45.000000	 23959719.2999628745
   417694.9999999352	 -2075033.2890625000	    22118.0000000000	728	1	36	45.250000	 23958997.0731575638
   417695.9999999178	 -2080100.0869140625	    17051.0000000000	935	1	36	45.000000	 23958274.8219216764
   417697.0000000739	 -2085165.2958984375	    11986.0000000000	721	2	36	45.750000	 23957553.2023346722
   417698.0000000534	 -2090229.3740234375	     6922.0000000000	641	1	36	46.000000	 23956831.0278806910
   417699.0000000315	 -2095292.8710937500	     1859.0000000000	132	1	36	45.500000	 23956109.0244393982
   417700.0000000100	 -2100356.8203125000	  1045371.0000000000	184	1	36	45.500000	 23955386.9477070756
   417700.9999999887	 -2105421.0263671875	  1040306.0000000000	997	1	36	45.750000	 23954665.4049517922
   417701.9999999687	 -2110485.3115234375	  1035242.0000000000	705	1	36	45.250000	 23953944.0855591670
   417702.9999999483	 -2115549.7363281250	  1030178.0000000000	270	1	36	45.250000	 23953223.0907410048
   417703.9999999282	 -2120614.4785156250	  1025113.0000000000	534	1	36	45.500000	 23952501.4502641037
   417705.0000000832	 -2125679.3730468750	  1020048.0000000000	642	2	36	45.750000	 23951780.3925749362
   417706.0000000633	 -2130744.2216796875	  1014983.0000000000	797	1	36	45.750000	 23951058.3926231340
   417707.0000000442	 -2135808.8339843750	  1009919.0000000000	170	1	36	45.500000	 23950336.4764322639
   417708.0000000249	 -2140872.8417968750	  1004855.0000000000	162	1	36	45.500000	 23949613.9355230108
   417709.0000000049	 -2145935.9902343750	   999792.0000000000	10	1	36	45.500000	 23948891.5062954463
   417709.9999999837	 -2150999.8652343750	   994728.0000000000	138	1	36	45.750000	 23948169.6773563437
   417710.9999999626	 -2156064.0351562500	   989663.0000000000	988	1	36	46.000000	 23947447.4714921117
   417711.9999999419	 -2161128.2705078125	   984599.0000000000	747	1	36	45.250000	 23946726.6581564881
   417712.9999999212	 -2166192.7470703125	   979535.0000000000	259	1	36	45.500000	 23946004.9862693325
   417714.0000000758	 -2171257.2607421875	   974470.0000000000	757	2	36	46.000000	 23945282.9478770941
   417715.0000000551	 -2176322.0146484375	   969405.0000000000	1009	1	36	45.750000	 23944561.2585397176
   417716.0000000346	 -2181386.8515625000	   964341.0000000000	152	1	36	45.750000	 23943839.6739036515
   417717.0000000146	 -2186451.7998046875	   959276.0000000000	205	1	36	45.750000	 23943117.4785092957
   417717.9999999952	 -2191516.8310546875	   954211.0000000000	173	1	36	45.500000	 23942396.2079771422
   417718.9999999753	 -2196582.6054687500	   949145.0000000000	404	1	36	46.250000	 23941674.0649334267
   417719.9999999554	 -2201648.9345703125	   944079.0000000000	67	1	36	46.500000	 23940952.4942573942
   417720.9999999367	 -2206715.3701171875	   939012.0000000000	645	1	36	46.500000	 23940230.8782103844
   417721.9999999186	 -2211782.1064453125	   933945.0000000000	915	1	36	46.250000	 23939508.5606638044
   417723.0000000754	 -2216848.8027343750	   928879.0000000000	202	2	36	46.250000	 23938787.1679296494
   417724.0000000578	 -2221916.0595703125	   923811.0000000000	963	1	36	46.500000	 23938065.1330767125
   417725.0000000414	 -2226983.4863281250	   918744.0000000000	526	1	36	46.250000	 23937344.6268639863
   417726.0000000249	 -2232051.1660156250	   913676.0000000000	854	1	36	46.000000	 23936623.4784826636
   417727.0000000087	 -2237119.1406250000	   908608.0000000000	880	1	36	46.250000	 23935902.0229771361
   417727.9999999926	 -2242187.4931640625	   903540.0000000000	519	1	36	46.500000	 23935180.6023720093
   417728.9999999767	 -2247256.1005859375	   898471.0000000000	921	1	36	46.500000	 23934459.3597592488
   417729.9999999619	 -2252325.1367187500	   893402.0000000000	884	1	36	46.250000	 23933738.7697849087
   417730.9999999458	 -2257394.2109375000	   888333.0000000000	808	1	36	46.250000	 23933017.3317295797
   417731.9999999310	 -2262463.2978515625	   883264.0000000000	719	1	36	46.250000	 23932296.7068548016
   417732.9999999165	 -2267532.4238281250	   878195.0000000000	590	1	36	46.500000	 23931575.9179477096
   417734.0000000767	 -2272601.7734375000	   873126.0000000000	232	2	36	46.750000	 23930854.9475082792
   417735.0000000603	 -2277671.7929687500	   868056.0000000000	212	1	36	47.000000	 23930133.8689278252
   417736.0000000452	 -2282741.8945312500	   862986.0000000000	108	1	36	46.750000	 23929412.7449764013
   417737.0000000313	 -2287811.9042968750	   857916.0000000000	98	1	36	46.500000	 23928692.3993051276
   417738.0000000177	 -2292881.9902343750	   852846.0000000000	10	1	36	46.500000	 23927971.8547010757
   417739.0000000041	 -2297952.3251953125	   847775.0000000000	691	1	36	46.250000	 23927250.8808212653
   417739.9999999895	 -2303023.2656250000	   842704.0000000000	752	1	36	46.250000	 23926529.0379200652
   417740.9999999764	 -2308094.9267578125	   837633.0000000000	75	1	36	46.250000	 23925808.3816343509
   417741.9999999645	 -2313167.1103515625	   832560.0000000000	911	1	36	46.250000	 23925087.6276270077
   417742.9999999523	 -2318239.8271484375	   827488.0000000000	177	1	36	46.000000	 23924366.8038187921
   417743.9999999403	 -2323312.7460937500	   822415.0000000000	260	1	36	45.750000	 23923646.1754531600
   417744.9999999295	 -2328385.7089843750	   817342.0000000000	298	1	36	45.500000	 23922925.1631820463
   417745.9999999190	 -2333458.4462890625	   812269.0000000000	567	1	36	45.250000	 23922204.7023382261
   417747.0000000835	 -2338531.0810546875	   807196.0000000000	941	2	36	45.250000	 23921484.1821135841
   417748.0000000710	 -2343604.2880859375	   802123.0000000000	729	1	36	46.000000	 23920763.4141461961
   417749.0000000588	 -2348677.7734375000	   797050.0000000000	232	1	36	46.000000	 23920042.8590716086
   417750.0000000464	 -2353751.5332031250	   791976.0000000000	478	1	36	46.250000	 23919321.6967288926
   417751.0000000356	 -2358825.6435546875	   786902.0000000000	365	1	36	46.000000	 23918601.7035514638
   417752.0000000242	 -2363900.2646484375	   781827.0000000000	753	1	36	46.750000	 23917881.5184216425
   417753.0000000120	 -2368975.1171875000	   776752.0000000000	904	1	36	46.500000	 23917161.1238891706
   417754.0000000012	 -2374050.4619140625	   771677.0000000000	551	1	36	46.500000	 23916440.7188861966
   417754.9999999905	 -2379125.9873046875	   766602.0000000000	13	1	36	46.750000	 23915720.6175172739
   417755.9999999806	 -2384201.8476562500	   761526.0000000000	156	1	36	46.500000	 23915000.1706334911
   417756.9999999705	 -2389278.0556640625	   756449.0000000000	967	1	36	47.000000	 23914280.2786671743
   417757.9999999608	 -2394354.8447265625	   751373.0000000000	159	1	36	47.250000	 23913559.9015842676
   417758.9999999520	 -2399431.9169921875	   746296.0000000000	85	1	36	47.500000	 23912839.5175209939
   417759.9999999438	 -2404508.9042968750	   741219.0000000000	98	1	36	47.500000	 23912119.4336016029
   417760.9999999350	 -2409586.0097656250	   736141.0000000000	1014	1	36	47.000000	 23911398.3340787217
   417761.9999999260	 -2414663.4580078125	   731064.0000000000	555	1	36	47.500000	 23910677.4683890343
   417762.9999999179	 -2419740.8974609375	   725987.0000000000	105	1	36	47.250000	 23909956.5782687627
   417764.0000000857	 -2424818.2792968750	   720909.0000000000	738	2	36	47.000000	 23909235.7648792490
   417765.0000000770	 -2429896.0820312500	   715831.0000000000	940	1	36	47.250000	 23908514.9689904079
   417766.0000000694	 -2434974.0781250000	   710753.0000000000	944	1	36	47.250000	 23907794.2359220870
   417767.0000000618	 -2440052.6513671875	   705675.0000000000	357	1	36	47.500000	 23907073.6284954846
   417768.0000000540	 -2445131.9501953125	   700596.0000000000	51	1	36	47.250000	 23906352.5394424647
   417769.0000000476	 -2450211.5722656250	   695516.0000000000	438	1	36	47.750000	 23905632.2984704338
   417770.0000000419	 -2455291.1357421875	   690436.0000000000	885	1	36	47.000000	 23904911.6945333518
   417771.0000000370	 -2460370.9384765625	   685357.0000000000	63	1	36	47.250000	 23904192.4796346426
   417772.0000000309	 -2465450.7382812500	   680277.0000000000	268	1	36	47.250000	 23903471.4673621766
   417773.0000000254	 -2470528.4550781250	   675199.0000000000	558	1	36	47.250000	 23902750.9157757163
   417774.0000000171	 -2475604.2539062500	   670123.0000000000	764	1	36	47.750000	 23902030.3851303644
   417775.0000000083	 -2480679.6386718750	   665048.0000000000	370	1	36	47.750000	 23901310.7165266909
   417775.9999999992	 -2485755.6796875000	   659972.0000000000	328	1	36	47.750000	 23900589.9590284824
   417776.9999999899	 -2490832.3798828125	   654895.0000000000	635	1	36	47.750000	 23899869.1317294091
   417777.9999999821	 -2495909.3173828125	   649818.0000000000	699	1	36	47.750000	 23899147.4703086987
   417778.9999999764	 -2500984.7548828125	   644743.0000000000	251	1	36	47.250000	 23898426.8838218115
   417779.9999999698	 -2506058.5410156250	   639669.0000000000	470	1	36	47.500000	 23897706.8766829669
   417780.9999999614	 -2511131.0068359375	   634596.0000000000	1017	1	36	47.250000	 23896987.1522384696
   417781.9999999514	 -2516202.2373046875	   629525.0000000000	781	1	36	47.500000	 23896267.2777223773
   417782.9999999410	 -2521273.0078125000	   624454.0000000000	1016	1	36	47.000000	 23895547.8534224443
   417783.9999999321	 -2526343.2724609375	   619384.0000000000	745	1	36	46.500000	 23894828.8479277417
   417784.9999999215	 -2531413.0419921875	   614314.0000000000	981	1	36	46.500000	 23894108.5127256215
   417786.0000000856	 -2536482.2705078125	   609245.0000000000	747	2	36	46.250000	 23893389.1581767425
   417787.0000000740	 -2541552.2314453125	   604175.0000000000	787	1	36	46.500000	 23892669.3499720283
   417788.0000000627	 -2546623.0019531250	   599104.0000000000	1022	1	36	47.000000	 23891948.6622753814
   417789.0000000516	 -2551694.5029296875	   594033.0000000000	509	1	36	46.750000	 23891227.8489370197
   417790.0000000406	 -2556766.2880859375	   588961.0000000000	729	1	36	46.000000	 23890507.2310412452
   417791.0000000305	 -2561838.0771484375	   583889.0000000000	945	1	36	45.750000	 23889786.7492570207
   417792.0000000219	 -2566908.9599609375	   578819.0000000000	41	1	36	45.250000	 23889066.7211784571
   417793.0000000115	 -2571978.2343750000	   573749.0000000000	784	1	36	45.500000	 23888347.1363363825
   417793.9999999983	 -2577046.8720703125	   568681.0000000000	131	1	36	45.750000	 23887626.8395255804
   417794.9999999859	 -2582115.5458984375	   563612.0000000000	465	1	36	45.250000	 23886907.2511940114
   417795.9999999746	 -2587184.1054687500	   558543.0000000000	916	1	36	45.250000	 23886188.5493340455
   417796.9999999625	 -2592252.9882812500	   553475.0000000000	12	1	36	45.500000	 23885469.0133531317
   417797.9999999494	 -2597321.9482421875	   548406.0000000000	53	1	36	46.000000	 23884749.4843525775
   417798.9999999377	 -2602390.2138671875	   543337.0000000000	805	1	36	45.750000	 23884029.2294218726
   417799.9999999265	 -2607457.6835937500	   538270.0000000000	324	1	36	45.750000	 23883309.5782691091
   417800.9999999140	 -2612524.5478515625	   533203.0000000000	463	1	36	45.750000	 23882589.5083111227
   417802.0000000758	 -2617590.6562500000	   528137.0000000000	352	2	36	46.000000	 23881869.7419373915
   417803.0000000623	 -2622656.8203125000	   523071.0000000000	184	1	36	46.000000	 23881150.1082355194
   417804.0000000499	 -2627722.7812500000	   518005.0000000000	224	1	36	45.750000	 23880430.4850035198
   417805.0000000374	 -2632789.0439453125	   512938.0000000000	979	1	36	45.500000	 23879709.8426778428
   417806.0000000240	 -2637855.6669921875	   507872.0000000000	341	1	36	45.750000	 23878989.9576925784
   417807.0000000114	 -2642922.3339843750	   502805.0000000000	682	1	36	45.500000	 23878269.8528341614
   417808.0000000003	 -2647989.0732421875	   497738.0000000000	949	1	36	45.250000	 23877550.0585894734
   417808.9999999883	 -2653056.0615234375	   492671.0000000000	961	1	36	45.250000	 23876830.5749592036
   417809.9999999752	 -2658123.2812500000	   487604.0000000000	736	1	36	45.500000	 23876111.1890505701
   417810.9999999639	 -2663189.8535156250	   482538.0000000000	150	1	36	45.000000	 23875390.4664534852
   417811.9999999529	 -2668254.4326171875	   477473.0000000000	581	1	36	45.000000	 23874670.9932930805
   417812.9999999385	 -2673316.8261718750	   472411.0000000000	178	1	36	45.500000	 23873951.7958473414
   417813.9999999219	 -2678377.4570312500	   467350.0000000000	556	1	36	46.000000	 23873231.3629256450
   417815.0000000806	 -2683437.1171875000	   462290.0000000000	904	2	36	45.500000	 23872511.9769678935
   417816.0000000653	 -2688497.7832031250	   457230.0000000000	222	1	36	45.250000	 23871792.6434105784
   417817.0000000491	 -2693559.3388671875	   452168.0000000000	677	1	36	45.500000	 23871073.3342838623
   417818.0000000334	 -2698621.4453125000	   447106.0000000000	568	1	36	45.500000	 23870353.5923911929
   417819.0000000185	 -2703683.6796875000	   442044.0000000000	328	1	36	45.250000	 23869634.5066271201
   417820.0000000061	 -2708745.5478515625	   436982.0000000000	463	1	36	45.250000	 23868916.0630309433
   417820.9999999942	 -2713807.2861328125	   431920.0000000000	731	1	36	45.250000	 23868198.6001378000
   417821.9999999796	 -2718869.3769531250	   426858.0000000000	638	1	36	45.500000	 23867480.0658010170
   417822.9999999643	 -2723931.9511718750	   421796.0000000000	50	1	36	46.000000	 23866760.2855177373
   417823.9999999508	 -2728994.6396484375	   416733.0000000000	369	1	36	46.000000	 23866041.2067333460
   417824.9999999389	 -2734057.1708984375	   411670.0000000000	849	1	36	45.500000	 23865323.2063729540
   417825.9999999260	 -2739119.7587890625	   406608.0000000000	247	1	36	45.500000	 23864604.5882745832
   417827.0000000868	 -2744181.8886718750	   401546.0000000000	114	2	36	45.250000	 23863885.1150650494
   417828.0000000736	 -2749244.0732421875	   396483.0000000000	949	1	36	45.250000	 23863165.8373479135
   417829.0000000604	 -2754305.8867187500	   391422.0000000000	116	1	36	45.250000	 23862446.2734469138
   417830.0000000471	 -2759367.8818359375	   386360.0000000000	121	1	36	45.500000	 23861726.9608293399
   417831.0000000331	 -2764430.0849609375	   381297.0000000000	937	1	36	45.750000	 23861007.1700755097
   417832.0000000204	 -2769492.6484375000	   376235.0000000000	360	1	36	46.000000	 23860288.0319601148
   417833.0000000077	 -2774555.8359375000	   371172.0000000000	168	1	36	46.500000	 23859569.2149289846
   417833.9999999960	 -2779619.5312500000	   366108.0000000000	480	1	36	47.000000	 23858850.5165591948
   417834.9999999845	 -2784683.9296875000	   361044.0000000000	72	1	36	46.750000	 23858131.7448983639
   417835.9999999733	 -2789748.8652343750	   355979.0000000000	138	1	36	46.750000	 23857412.6661132872
   417836.9999999641	 -2794813.9648437500	   350914.0000000000	36	1	36	46.750000	 23856694.1457351819
   417837.9999999554	 -2799879.2031250000	   345848.0000000000	816	1	36	46.500000	 23855975.6567673311
   417838.9999999466	 -2804944.3134765625	   340783.0000000000	703	1	36	46.250000	 23855257.1328990459
   417839.9999999384	 -2810008.9179687500	   335719.0000000000	84	1	36	46.000000	 23854538.7660827190
   417840.9999999288	 -2815072.8671875000	   330655.0000000000	136	1	36	45.750000	 23853820.2840952240
   417841.9999999191	 -2820136.6328125000	   325591.0000000000	376	1	36	45.500000	 23853101.9277494401
   417843.0000000832	 -2825199.5859375000	   320528.0000000000	424	2	36	45.500000	 23852383.1455682591
   417844.0000000717	 -2830262.6669921875	   315465.0000000000	341	1	36	45.250000	 23851664.2482657209
   417845.0000000600	 -2835326.2861328125	   310401.0000000000	731	1	36	45.250000	 23850945.1206201650
   417846.0000000471	 -2840390.2656250000	   305337.0000000000	752	1	36	45.500000	 23850225.6614205055
   417847.0000000365	 -2845454.4511718750	   300273.0000000000	562	1	36	45.500000	 23849506.8827793002
   417848.0000000262	 -2850518.8144531250	   295209.0000000000	190	1	36	45.250000	 23848788.1913891882
   417849.0000000160	 -2855583.2275390625	   290144.0000000000	791	1	36	45.250000	 23848069.9641752727
   417850.0000000056	 -2860647.4755859375	   285080.0000000000	537	1	36	45.000000	 23847350.8260592110
   417850.9999999951	 -2865711.4091796875	   280016.0000000000	605	1	36	45.250000	 23846632.2079601474
   417851.9999999846	 -2870775.4375000000	   274952.0000000000	576	1	36	45.250000	 23845913.5898610950
   417852.9999999741	 -2875839.5908203125	   269888.0000000000	419	1	36	45.500000	 23845194.8461203352
   417853.9999999640	 -2880904.0673828125	   264823.0000000000	955	1	36	46.000000	 23844476.4932647310
   417854.9999999535	 -2885968.9189453125	   259759.0000000000	83	1	36	46.000000	 23843757.4633401297
   417855.9999999429	 -2891034.2822265625	   254693.0000000000	735	1	36	46.000000	 23843038.1123312451
   417856.9999999338	 -2896099.7685546875	   249628.0000000000	237	1	36	46.000000	 23842320.3597634025
   417857.9999999258	 -2901165.5625000000	   244562.0000000000	448	1	36	46.000000	 23841601.9371062405
   417858.9999999186	 -2906231.8291015625	   239496.0000000000	175	1	36	46.000000	 23840884.0100355409
   417860.0000000866	 -2911298.1718750000	   234429.0000000000	848	2	36	46.000000	 23840166.1282853074
   417861.0000000789	 -2916365.0302734375	   229362.0000000000	993	1	36	46.000000	 23839447.6497873291
   417862.0000000717	 -2921432.3583984375	   224295.0000000000	657	1	36	46.000000	 23838729.0072570145
   417863.0000000641	 -2926500.0898437500	   219227.0000000000	932	1	36	46.000000	 23838010.4205675423
   417864.0000000573	 -2931568.1757812500	   214159.0000000000	844	1	36	45.750000	 23837291.5058134235
   417865.0000000512	 -2936636.5488281250	   209091.0000000000	462	1	36	45.750000	 23836573.6415632255
   417866.0000000450	 -2941705.2480468750	   204022.0000000000	770	1	36	45.750000	 23835854.7407691330
   417867.0000000392	 -2946774.3935546875	   198953.0000000000	621	1	36	45.750000	 23835136.8206781261
   417868.0000000338	 -2951843.6884765625	   193884.0000000000	319	1	36	45.750000	 23834418.5934628434
   417869.0000000300	 -2956913.1416015625	   188814.0000000000	879	1	36	45.500000	 23833700.8548536599
   417870.0000000247	 -2961982.9921875000	   183745.0000000000	8	1	36	45.750000	 23832982.2507133037
   417871.0000000194	 -2967053.2304687500	   178674.0000000000	788	1	36	46.000000	 23832264.1840401739
   417872.0000000143	 -2972123.8291015625	   173604.0000000000	175	1	36	46.000000	 23831545.3286163881
   417873.0000000098	 -2977194.7626953125	   168533.0000000000	243	1	36	45.750000	 23830827.3980548121
   417874.0000000060	 -2982265.9052734375	   163462.0000000000	97	1	36	45.750000	 23830109.6419954114
   417875.0000000024	 -2987337.5244140625	   158390.0000000000	487	1	36	45.750000	 23829392.1162790619
   417875.9999999976	 -2992409.7333984375	   153318.0000000000	273	1	36	46.000000	 23828673.3481063470
   417876.9999999937	 -2997482.3925781250	   148245.0000000000	622	1	36	46.000000	 23827956.0038725063
   417877.9999999899	 -3002555.5410156250	   143172.0000000000	470	1	36	46.000000	 23827237.9616292752
   417878.9999999868	 -3007629.0937500000	   138098.0000000000	928	1	36	46.000000	 23826520.1636890918
   417879.9999999843	 -3012702.9785156250	   133025.0000000000	22	1	36	46.000000	 23825801.9504331760
   417880.9999999825	 -3017777.2275390625	   127950.0000000000	791	1	36	46.000000	 23825084.5189475678
   417881.9999999810	 -3022851.9433593750	   122876.0000000000	58	1	36	46.000000	 23824366.4592534341
   417882.9999999797	 -3027927.2001953125	   117800.0000000000	819	1	36	45.750000	 23823648.0400844067
   417883.9999999796	 -3033003.1191406250	   112724.0000000000	902	1	36	45.500000	 23822929.5406439677
   417884.9999999804	 -3038079.5546875000	   107648.0000000000	456	1	36	45.250000	 23822212.1789585464
   417885.9999999815	 -3043156.1113281250	   102571.0000000000	910	1	36	45.000000	 23821493.4561547749
   417886.9999999833	 -3048232.8388671875	    97495.0000000000	165	1	36	44.500000	 23820775.8187553696
   417887.9999999847	 -3053309.6523437500	    92418.0000000000	356	1	36	44.750000	 23820058.0592044331
   417888.9999999858	 -3058386.5478515625	    87341.0000000000	463	1	36	44.500000	 23819340.6416781768
   417889.9999999868	 -3063464.0634765625	    82263.0000000000	959	1	36	44.500000	 23818622.6343340166
   417890.9999999890	 -3068542.3710937500	    77185.0000000000	644	1	36	44.750000	 23817905.1016359143
   417891.9999999913	 -3073621.1787109375	    72106.0000000000	841	1	36	45.000000	 23817188.1762059331
   417892.9999999938	 -3078700.4892578125	    67027.0000000000	523	1	36	45.000000	 23816470.7656593546
   417893.9999999969	 -3083780.3134765625	    61947.0000000000	703	1	36	45.000000	 23815753.9239902832
   417895.0000000011	 -3088860.5019531250	    56867.0000000000	510	1	36	45.250000	 23815036.3040404096
   417896.0000000063	 -3093940.7871093750	    51787.0000000000	218	1	36	45.000000	 23814319.3925697766
   417897.0000000120	 -3099020.6093750000	    46707.0000000000	400	1	36	45.000000	 23813602.0657834411
   417898.0000000177	 -3104100.4746093750	    41627.0000000000	538	1	36	44.750000	 23812885.0251809359
   417899.0000000216	 -3109180.7861328125	    36547.0000000000	219	1	36	45.000000	 23812167.7298055142
   417900.0000000249	 -3114261.3535156250	    31466.0000000000	662	1	36	45.250000	 23811450.5461117774
   417901.0000000286	 -3119342.6865234375	    26385.0000000000	321	1	36	45.750000	 23810733.1983857006
   417902.0000000335	 -3124424.0107421875	    21303.0000000000	1013	1	36	45.750000	 23810016.3253056929
   417903.0000000394	 -3129505.3662109375	    16222.0000000000	649	1	36	45.750000	 23809300.4992394149
   417904.0000000436	 -3134586.6132812500	    11141.0000000000	396	1	36	46.000000	 23808583.5772989430
   417905.0000000476	 -3139665.4492187500	     6062.0000000000	564	1	36	46.000000	 23807866.2993737385
   417906.0000000497	 -3144741.8271484375	      986.0000000000	177	1	36	46.250000	 23807148.0337658338
   417907.0000000505	 -3149816.3691406250	  1044487.0000000000	646	1	36	46.000000	 23806430.0997126997
   417908.0000000505	 -3154888.8974609375	  1039415.0000000000	105	1	36	46.000000	 23805712.5111744665
   417909.0000000492	 -3159961.7197265625	  1034342.0000000000	287	1	36	45.750000	 23804995.0936488807
   417910.0000000484	 -3165035.3964843750	  1029268.0000000000	618	1	36	46.000000	 23804277.5295412093
   417911.0000000493	 -3170109.5263671875	  1024194.0000000000	485	1	36	46.000000	 23803561.6162252091
   417912.0000000501	 -3175183.8525390625	  1019120.0000000000	151	1	36	46.250000	 23802845.1130913273
   417913.0000000499	 -3180258.6347656250	  1014045.0000000000	374	1	36	46.500000	 23802127.8840279840
   417914.0000000505	 -3185333.8906250000	  1008970.0000000000	112	1	36	47.000000	 23801411.0074591488
   417915.0000000524	 -3190409.8242187500	  1003894.0000000000	180	1	36	46.750000	 23800693.2793184742
   417916.0000000554	 -3195486.3144531250	   998817.0000000000	702	1	36	46.750000	 23799976.2771072611
   417917.0000000582	 -3200562.3603515625	   993741.0000000000	655	1	36	46.250000	 23799258.2209019363
   417918.0000000622	 -3205638.5224609375	   988665.0000000000	489	1	36	45.750000	 23798542.0877121203
   417919.0000000648	 -3210713.7011718750	   983590.0000000000	306	1	36	46.000000	 23797824.6946157701
   417920.0000000673	 -3215787.1386718750	   978516.0000000000	882	1	36	46.500000	 23797107.9820785783
   417921.0000000671	 -3220858.4248046875	   973445.0000000000	589	1	36	46.500000	 23796390.4493811503
   417922.0000000659	 -3225927.3154296875	   968376.0000000000	701	1	36	46.500000	 23795673.2272981517
   417923.0000000637	 -3230995.1835937500	   963308.0000000000	836	1	36	46.000000	 23794956.2285784930
   417924.0000000615	 -3236063.1435546875	   958240.0000000000	877	1	36	45.500000	 23794238.9785754085
   417925.0000000597	 -3241132.0634765625	   953171.0000000000	959	1	36	45.750000	 23793522.6918251850
   417926.0000000590	 -3246201.7187500000	   948102.0000000000	288	1	36	45.750000	 23792805.8780775405
   417927.0000000588	 -3251271.3095703125	   943032.0000000000	707	1	36	45.500000	 23792088.9177478105
   417928.0000000598	 -3256340.6875000000	   937963.0000000000	320	1	36	44.750000	 23791372.1807807200
   417929.0000000597	 -3261410.0429687500	   932893.0000000000	980	1	36	44.500000	 23790655.2728016414
   417930.0000000592	 -3266479.7285156250	   927824.0000000000	278	1	36	44.750000	 23789938.5114046820
   417931.0000000582	 -3271549.6767578125	   922754.0000000000	331	1	36	45.250000	 23789222.4689574763
   417932.0000000567	 -3276619.9589843750	   917684.0000000000	42	1	36	45.250000	 23788505.8401825801
   417933.0000000553	 -3281690.6894531250	   912613.0000000000	318	1	36	45.500000	 23787789.5324919522
   417934.0000000543	 -3286761.7695312500	   907542.0000000000	236	1	36	46.250000	 23787072.3453093879
   417935.0000000548	 -3291833.2714843750	   902470.0000000000	746	1	36	46.000000	 23786355.6118324883
   417936.0000000554	 -3296905.2080078125	   897398.0000000000	811	1	36	45.750000	 23785638.7352636531
   417937.0000000558	 -3301977.3574218750	   892326.0000000000	658	1	36	46.000000	 23784920.8396011442
   417938.0000000583	 -3307049.7119140625	   887254.0000000000	295	1	36	45.750000	 23784204.4132478163
   417939.0000000602	 -3312122.8671875000	   882181.0000000000	136	1	36	45.750000	 23783486.9363905340
   417940.0000000623	 -3317195.9619140625	   877108.0000000000	39	1	36	45.500000	 23782769.8155179881
   417941.0000000669	 -3322268.6015625000	   872035.0000000000	408	1	36	44.750000	 23782053.0157290399
   417942.0000000723	 -3327341.5488281250	   866962.0000000000	462	1	36	44.750000	 23781337.7480704300
   417943.0000000768	 -3332414.8681640625	   861889.0000000000	135	1	36	45.500000	 23780621.4857487082
   417944.0000000813	 -3337488.1435546875	   856815.0000000000	877	1	36	45.000000	 23779905.5270610675
   417945.0000000860	 -3342561.3466796875	   851742.0000000000	669	1	36	45.250000	 23779189.8894576952
   417945.9999999143	 -3347634.1826171875	   846669.0000000000	837	0	36	45.000000	 23778473.6062460952
   417946.9999999180	 -3352706.4902343750	   841597.0000000000	522	1	36	44.500000	 23777758.2792571522
   417947.9999999206	 -3357778.8564453125	   836525.0000000000	147	1	36	45.000000	 23777042.8719974831
   417948.9999999222	 -3362851.7109375000	   831452.0000000000	296	1	36	44.750000	 23776326.1838908717
   417949.9999999237	 -3367924.2812500000	   826379.0000000000	736	1	36	44.750000	 23775609.1572497673
   417950.9999999280	 -3372996.3261718750	   821307.0000000000	690	1	36	44.250000	 23774892.6994854882
   417951.9999999307	 -3378068.6445312500	   816235.0000000000	364	1	36	44.000000	 23774176.3429330178
   417952.9999999324	 -3383140.9423828125	   811163.0000000000	59	1	36	44.000000	 23773459.9410102516
   417953.9999999359	 -3388213.1425781250	   806090.0000000000	878	1	36	44.000000	 23772744.1149446703
   417954.9999999387	 -3393285.4365234375	   801018.0000000000	577	1	36	44.250000	 23772027.2034747303
   417955.9999999412	 -3398358.1542968750	   795945.0000000000	866	1	36	44.000000	 23771311.0458550155
   417956.9999999428	 -3403430.9687500000	   790873.0000000000	32	1	36	43.750000	 23770594.6613824666
   417957.9999999466	 -3408503.5507812500	   785800.0000000000	460	1	36	43.250000	 23769878.9051177576
   417958.9999999505	 -3413575.9716796875	   780728.0000000000	29	1	36	43.250000	 23769163.3093951903
   417959.9999999538	 -3418648.5585937500	   775655.0000000000	452	1	36	43.250000	 23768447.2704368159
   417960.9999999566	 -3423721.3632812500	   770582.0000000000	652	1	36	43.250000	 23767730.5195090175
   417961.9999999600	 -3428794.5498046875	   765509.0000000000	461	1	36	43.500000	 23767014.0687250942
   417962.9999999639	 -3433867.9697265625	   760436.0000000000	31	1	36	43.500000	 23766295.4680721648
   417963.9999999704	 -3438941.6123046875	   755362.0000000000	397	1	36	42.500000	 23765579.8165080808
   417964.9999999762	 -3444015.3105468750	   750288.0000000000	706	1	36	42.750000	 23764864.6710009947
   417965.9999999813	 -3449088.9804687500	   745215.0000000000	20	1	36	43.000000	 23764149.6022751369
   417966.9999999873	 -3454162.3056640625	   740141.0000000000	711	1	36	43.000000	 23763435.2245783135
   417967.9999999934	 -3459235.1894531250	   735068.0000000000	830	1	36	43.000000	 23762719.2903205641
   417968.9999999988	 -3464306.8027343750	   729997.0000000000	202	1	36	43.250000	 23762003.3246525601
   417970.0000000024	 -3469377.4843750000	   724926.0000000000	528	1	36	43.500000	 23761288.0884048678
   417971.0000000052	 -3474448.4189453125	   719855.0000000000	595	1	36	43.250000	 23760572.7509460859
   417972.0000000087	 -3479519.0058593750	   714784.0000000000	1018	1	36	43.500000	 23759857.1936141215
   417973.0000000127	 -3484589.5224609375	   709714.0000000000	489	1	36	43.250000	 23759141.4897000641
   417974.0000000158	 -3489660.1093750000	   704643.0000000000	912	1	36	43.750000	 23758426.9549519643
   417975.0000000193	 -3494730.2460937500	   699573.0000000000	772	1	36	43.750000	 23757711.8443460129
   417976.0000000233	 -3499799.5605468750	   694504.0000000000	450	1	36	43.500000	 23756997.5713511780
   417977.0000000274	 -3504867.7724609375	   689436.0000000000	233	1	36	43.500000	 23756283.3332567774
   417978.0000000293	 -3509934.5263671875	   684369.0000000000	485	1	36	43.750000	 23755567.3222191483
   417979.0000000297	 -3514999.7968750000	   679304.0000000000	208	1	36	43.500000	 23754851.2518512197
   417980.0000000295	 -3520064.6250000000	   674239.0000000000	384	1	36	43.500000	 23754135.7224407084
   417981.0000000296	 -3525129.6386718750	   669174.0000000000	370	1	36	43.500000	 23753421.0306413136
   417982.0000000297	 -3530193.9179687500	   664110.0000000000	84	1	36	43.250000	 23752705.7490240373
   417983.0000000299	 -3535257.8515625000	   659046.0000000000	152	1	36	42.750000	 23751990.0555811860
   417984.0000000296	 -3540321.9990234375	   653982.0000000000	1	1	36	42.500000	 23751273.3465348817
   417985.0000000299	 -3545385.2880859375	   648918.0000000000	729	1	36	42.500000	 23750556.9899830893
   417986.0000000292	 -3550448.0957031250	   643855.0000000000	926	1	36	42.500000	 23749840.6055112109
