   417493.0000000310	   965161.2724609375	   965161.0000000000	279	1	67	36.500000	 25310438.1354598105
   417494.0000000232	   962574.8994140625	   962574.0000000000	921	1	67	36.250000	 25310193.1132310480
   417495.0000000152	   959989.4072265625	   959989.0000000000	417	1	67	36.750000	 25309947.5919256546
   417496.0000000083	   957405.2187500000	   957405.0000000000	224	1	67	37.500000	 25309702.5452662967
   417497.0000000014	   954821.6152343750	   954821.0000000000	630	1	67	38.250000	 25309459.9486198649
   417497.9999999941	   952238.3173828125	   952238.0000000000	325	1	67	38.500000	 25309218.6607410908
   417498.9999999861	   949656.0673828125	   949656.0000000000	69	1	67	39.250000	 25308975.8581822030
   417499.9999999790	   947076.0644531250	   947076.0000000000	66	1	67	41.250000	 25308734.9088379405
   417500.9999999687	   944497.6376953125	   944497.0000000000	653	1	67	41.250000	 25308490.8708030879
   417501.9999999593	   941920.7363281250	   941920.0000000000	754	1	67	40.500000	 25308248.9198160544
   417502.9999999475	   939345.1904296875	   939345.0000000000	195	1	67	41.500000	 25308005.0004432313
   417503.9999999366	   936771.0966796875	   936771.0000000000	99	1	67	40.250000	 25307762.6132007577
   417504.9999999241	   934197.8251953125	   934197.0000000000	845	1	67	41.000000	 25307517.4827818684
   417505.9999999126	   931624.8476562500	   931624.0000000000	868	1	67	40.250000	 25307271.9161068499
   417507.0000000760	   929052.3583984375	   929052.0000000000	367	2	67	40.000000	 25307026.8624187149
   417508.0000000647	   926480.2988281250	   926480.0000000000	306	1	67	39.750000	 25306780.2208091952
   417509.0000000540	   923909.5000000000	   923909.0000000000	512	1	67	39.250000	 25306533.7362516373
   417510.0000000417	   921338.9150390625	   921338.0000000000	937	1	67	39.500000	 25306288.2463578507
   417511.0000000276	   918768.7285156250	   918768.0000000000	746	1	67	38.500000	 25306041.0358714946
   417512.0000000159	   916198.7626953125	   916198.0000000000	781	1	67	38.000000	 25305793.2704669945
   417513.0000000031	   913629.3779296875	   913629.0000000000	387	1	67	37.500000	 25305547.0511535555
   417513.9999999914	   911060.8876953125	   911060.0000000000	909	1	67	37.250000	 25305302.2732292078
   417514.9999999796	   908493.6396484375	   908493.0000000000	655	1	67	37.500000	 25305057.6383967735
   417515.9999999681	   905927.3789062500	   905927.0000000000	388	1	67	37.250000	 25304813.2164571323
   417516.9999999551	   903362.6054687500	   903362.0000000000	620	1	67	37.250000	 25304567.3391683809
   417517.9999999413	   900798.9003906250	   900798.0000000000	922	1	67	37.750000	 25304320.8232012466
   417518.9999999263	   898237.3535156250	   898237.0000000000	362	1	67	37.000000	 25304077.3575354479
   417520.0000000855	   895678.5566406250	   895678.0000000000	570	2	67	38.000000	 25303832.0316248722
   417521.0000000685	   893121.7207031250	   893121.0000000000	738	1	67	37.500000	 25303590.4052143134
   417522.0000000503	   890565.7480468750	   890565.0000000000	766	1	67	37.750000	 25303349.2883509956
   417523.0000000310	   888008.9101562500	   888008.0000000000	932	1	67	37.250000	 25303106.3915640675
   417524.0000000139	   885452.5439453125	   885452.0000000000	557	1	67	37.250000	 25302865.4457127005
   417524.9999999972	   882896.4052734375	   882896.0000000000	415	1	67	38.250000	 25302622.9049098082
   417525.9999999802	   880340.9140625000	   880340.0000000000	936	1	67	37.750000	 25302378.6853944659
   417526.9999999642	   877785.7695312500	   877785.0000000000	788	1	67	37.500000	 25302132.7941463552
   417527.9999999473	   875231.2988281250	   875231.0000000000	306	1	67	36.750000	 25301888.1977059059
   417528.9999999311	   872677.3173828125	   872677.0000000000	325	1	67	37.250000	 25301643.6501259245
   417529.9999999137	   870123.9130859375	   870123.0000000000	935	1	67	37.250000	 25301399.4864514172
   417531.0000000735	   867571.4580078125	   867571.0000000000	469	2	67	37.250000	 25301156.0346958414
   417532.0000000575	   865019.1777343750	   865019.0000000000	182	1	67	36.750000	 25300912.9878359661
   417533.0000000424	   862467.1181640625	   862467.0000000000	121	1	67	37.000000	 25300671.6510987654
   417534.0000000270	   859915.8652343750	   859915.0000000000	886	1	67	37.250000	 25300429.3511087634
   417535.0000000115	   857365.5029296875	   857365.0000000000	515	1	67	37.500000	 25300187.3198523447
   417535.9999999955	   854815.8828125000	   854815.0000000000	904	1	67	38.250000	 25299947.0091891959
   417536.9999999804	   852266.8681640625	   852266.0000000000	889	1	67	39.000000	 25299706.5135533251
   417537.9999999633	   849718.2236328125	   849718.0000000000	229	1	67	38.500000	 25299465.2989683449
   417538.9999999468	   847170.2539062500	   847170.0000000000	260	1	67	39.250000	 25299224.8138030097
   417539.9999999292	   844622.9267578125	   844622.0000000000	949	1	67	39.500000	 25298984.4438095242
   417541.0000000860	   842076.1269531250	   842076.0000000000	130	2	67	40.250000	 25298744.9672181979
   417542.0000000673	   839529.2783203125	   839529.0000000000	285	1	67	40.250000	 25298503.9794867150
   417543.0000000485	   836982.9072265625	   836982.0000000000	929	1	67	40.500000	 25298263.2604888789
   417544.0000000307	   834436.9736328125	   834436.0000000000	997	1	67	40.750000	 25298023.0894281715
   417545.0000000138	   831891.3125000000	   831891.0000000000	320	1	67	40.250000	 25297782.9288373031
   417545.9999999971	   829345.6660156250	   829345.0000000000	682	1	67	40.000000	 25297543.2498728335
   417546.9999999789	   826800.0039062500	   826800.0000000000	4	1	67	40.250000	 25297303.6895704046
   417547.9999999616	   824254.4033203125	   824254.0000000000	413	1	67	39.250000	 25297062.2795428485
   417548.9999999460	   821708.9746093750	   821708.0000000000	998	1	67	39.500000	 25296820.7683034874
   417549.9999999311	   819163.8691406250	   819163.0000000000	890	1	67	40.000000	 25296579.6444590949
   417550.9999999152	   816619.1113281250	   816619.0000000000	114	1	67	40.250000	 25296337.4910511710
   417552.0000000747	   814075.3212890625	   814075.0000000000	329	2	67	39.250000	 25296094.9536879770
   417553.0000000579	   811531.5048828125	   811531.0000000000	517	1	67	38.500000	 25295852.6816186979
   417554.0000000416	   808987.6093750000	   808987.0000000000	624	1	67	38.500000	 25295610.2455171123
   417555.0000000249	   806444.1425781250	   806444.0000000000	146	1	67	38.750000	 25295370.5840028748
   417556.0000000106	   803901.0634765625	   803901.0000000000	65	1	67	39.500000	 25295130.6188538931
   417556.9999999956	   801358.7109375000	   801358.0000000000	728	1	67	40.250000	 25294889.8893848360
   417557.9999999793	   798816.6191406250	   798816.0000000000	634	1	67	39.500000	 25294647.4707334675
   417558.9999999623	   796274.6162109375	   796274.0000000000	631	1	67	39.250000	 25294404.5390454270
   417559.9999999468	   793733.8984375000	   793733.0000000000	920	1	67	39.250000	 25294162.7939728685
   417560.9999999299	   791193.6396484375	   791193.0000000000	655	1	67	38.750000	 25293919.3248175755
   417561.9999999134	   788652.8447265625	   788652.0000000000	865	1	67	37.750000	 25293675.5659882538
   417563.0000000721	   786112.0195312500	   786112.0000000000	20	2	67	38.000000	 25293433.2484981902
   417564.0000000572	   783571.4492187500	   783571.0000000000	460	1	67	38.250000	 25293190.5157422386
   417565.0000000436	   781031.6621093750	   781031.0000000000	678	1	67	36.750000	 25292949.6327106953
   417566.0000000303	   778492.3857421875	   778492.0000000000	395	1	67	36.750000	 25292710.4109414294
   417567.0000000162	   775953.1777343750	   775953.0000000000	182	1	67	37.250000	 25292474.0928913467
   417568.0000000022	   773414.1992187500	   773414.0000000000	204	1	67	36.750000	 25292233.1958997771
   417568.9999999882	   770875.2353515625	   770875.0000000000	241	1	67	37.000000	 25291996.0541986376
   417569.9999999742	   768337.3681640625	   768337.0000000000	377	1	67	38.500000	 25291759.1812311038
   417570.9999999608	   765799.9658203125	   765799.0000000000	989	1	67	38.750000	 25291521.0867469646
   417571.9999999473	   763262.7617187500	   763262.0000000000	780	1	67	38.500000	 25291284.8001071587
   417572.9999999350	   760725.9296875000	   760725.0000000000	952	1	67	39.250000	 25291048.8799219318
   417573.9999999214	   758189.2714843750	   758189.0000000000	278	1	67	39.500000	 25290813.2563910820
   417575.0000000835	   755654.0390625000	   755654.0000000000	40	2	67	40.000000	 25290577.2628649771
   417576.0000000691	   753120.6210937500	   753120.0000000000	636	1	67	40.500000	 25290340.2677459307
   417577.0000000540	   750589.8886718750	   750589.0000000000	910	1	67	41.000000	 25290101.5066633336
   417578.0000000361	   748060.8125000000	   748060.0000000000	832	1	67	40.250000	 25289860.8888766132
   417579.0000000179	   745534.7109375000	   745534.0000000000	728	1	67	38.250000	 25289621.6147580557
   417579.9999999949	   743011.8369140625	   743011.0000000000	857	1	67	39.250000	 25289382.9304587282
   417580.9999999714	   740490.7841796875	   740490.0000000000	803	1	67	40.500000	 25289144.7871168442
   417581.9999999473	   737970.6396484375	   737970.0000000000	655	1	67	40.000000	 25288908.1863758489
   417582.9999999235	   735451.6601562500	   735451.0000000000	676	1	67	40.500000	 25288670.2419667281
   417584.0000000756	   732934.3037109375	   732934.0000000000	311	2	67	40.250000	 25288429.6380916089
   417585.0000000508	   730417.2353515625	   730417.0000000000	241	1	67	39.500000	 25288189.8230176345
   417586.0000000275	   727900.7128906250	   727900.0000000000	730	1	67	39.000000	 25287951.1771089472
   417587.0000000033	   725384.6894531250	   725384.0000000000	706	1	67	39.500000	 25287712.6987227574
   417587.9999999804	   722869.1884765625	   722869.0000000000	193	1	67	39.750000	 25287474.0318736434
   417588.9999999568	   720354.6914062500	   720354.0000000000	708	1	67	38.750000	 25287236.5690909363
   417589.9999999336	   717841.0878906250	   717841.0000000000	90	1	67	38.750000	 25287000.8024708927
   417591.0000000848	   715328.7275390625	   715328.0000000000	745	2	67	38.750000	 25286763.3710486367
   417592.0000000607	   712817.1210937500	   712817.0000000000	124	1	67	38.750000	 25286526.3584821001
   417593.0000000353	   710306.4824218750	   710306.0000000000	494	1	67	38.250000	 25286286.4945476614
   417594.0000000101	   707796.6669921875	   707796.0000000000	683	1	67	37.750000	 25286050.4382542744
   417594.9999999845	   705287.3652343750	   705287.0000000000	374	1	67	37.500000	 25285814.8147268258
   417595.9999999588	   702779.5546875000	   702779.0000000000	568	1	67	38.750000	 25285578.8701151088
   417596.9999999314	   700273.3408203125	   700273.0000000000	349	1	67	39.750000	 25285341.2747117020
   417598.0000000792	   697768.1601562500	   697768.0000000000	164	2	67	39.500000	 25285106.2653829530
   417599.0000000537	   695264.0859375000	   695264.0000000000	88	1	67	38.750000	 25284871.6958495975
   417600.0000000263	   692761.3320312500	   692761.0000000000	340	1	67	39.000000	 25284634.6728138886
   417600.9999999985	   690260.4394531250	   690260.0000000000	450	1	67	38.500000	 25284399.8345476165
   417601.9999999690	   687761.3642578125	   687761.0000000000	373	1	67	38.750000	 25284163.7573151998
   417602.9999999384	   685262.8535156250	   685262.0000000000	874	1	67	37.750000	 25283926.4725268967
   417604.0000000845	   682765.0732421875	   682765.0000000000	75	2	67	37.750000	 25283691.2607758939
   417605.0000000561	   680267.2304687500	   680267.0000000000	236	1	67	38.250000	 25283453.9410864525
   417606.0000000262	   677770.2070312500	   677770.0000000000	212	1	67	38.000000	 25283218.6002540551
   417606.9999999962	   675274.5595703125	   675274.0000000000	573	1	67	38.750000	 25282984.2436148785
   417607.9999999664	   672779.8222656250	   672779.0000000000	842	1	67	40.250000	 25282748.7771407627
   417608.9999999359	   670285.3691406250	   670285.0000000000	378	1	67	39.750000	 25282512.2601627260
   417610.0000000820	   667792.2294921875	   667792.0000000000	235	2	67	39.250000	 25282277.6207794063
   417611.0000000510	   665299.8007812500	   665299.0000000000	820	1	67	39.500000	 25282040.9467493817
   417612.0000000200	   662808.0800781250	   662808.0000000000	82	1	67	39.500000	 25281804.7019951567
   417612.9999999900	   660316.9531250000	   660316.0000000000	976	1	67	39.000000	 25281569.9335304424
   417613.9999999602	   657825.9511718750	   657825.0000000000	974	1	67	39.250000	 25281336.8996189982
   417614.9999999280	   655334.8867187500	   655334.0000000000	908	1	67	39.500000	 25281103.8831584640
   417616.0000000722	   652844.6035156250	   652844.0000000000	618	2	67	40.250000	 25280870.8142967746
   417617.0000000427	   650354.7705078125	   650354.0000000000	789	1	67	40.000000	 25280636.0074414499
   417618.0000000137	   647865.1699218750	   647865.0000000000	174	1	67	39.500000	 25280400.5165367424
   417618.9999999818	   645375.1210937500	   645375.0000000000	124	1	67	38.750000	 25280166.4600421377
   417619.9999999506	   642885.0556640625	   642885.0000000000	57	1	67	39.250000	 25279932.2918658666
   417620.9999999206	   640395.1552734375	   640395.0000000000	159	1	67	39.000000	 25279697.9352266900
   417622.0000000664	   637905.6894531250	   637905.0000000000	706	2	67	39.500000	 25279464.1753352769
   417623.0000000374	   635416.5302734375	   635416.0000000000	543	1	67	39.750000	 25279230.1153498255
   417624.0000000086	   632927.7617187500	   632927.0000000000	780	1	67	39.250000	 25278995.4097056128
   417624.9999999799	   630439.9218750000	   630439.0000000000	944	1	67	39.250000	 25278761.4195210077
   417625.9999999513	   627952.8955078125	   627952.0000000000	917	1	67	39.500000	 25278525.9251261353
   417626.9999999218	   625466.6328125000	   625466.0000000000	648	1	67	38.750000	 25278290.9751788788
   417628.0000000678	   622982.2392578125	   622982.0000000000	245	2	67	39.500000	 25278056.5696287304
   417629.0000000368	   620499.2978515625	   620499.0000000000	305	1	67	38.750000	 25277820.7890507020
   417630.0000000051	   618016.8583984375	   618016.0000000000	879	1	67	38.000000	 25277586.3207305558
   417630.9999999721	   615534.5097656250	   615534.0000000000	522	1	67	37.750000	 25277352.4875992760
   417631.9999999393	   613052.1826171875	   613052.0000000000	187	1	67	38.250000	 25277118.8673607893
   417633.0000000834	   610570.7695312500	   610570.0000000000	788	2	67	38.750000	 25276886.0323322900
   417634.0000000531	   608089.7802734375	   608089.0000000000	799	1	67	38.750000	 25276655.0226481445
   417635.0000000215	   605609.2636718750	   605609.0000000000	270	1	67	38.250000	 25276421.0534046330
   417635.9999999907	   603129.4677734375	   603129.0000000000	479	1	67	38.500000	 25276187.7228394970
   417636.9999999591	   600650.0537109375	   600650.0000000000	55	1	67	38.250000	 25275953.3068699948
   417637.9999999279	   598170.6328125000	   598170.0000000000	648	1	67	37.750000	 25275718.1545004845
   417639.0000000718	   595691.3320312500	   595691.0000000000	340	2	67	37.500000	 25275483.4069263637
   417640.0000000409	   593211.6914062500	   593211.0000000000	708	1	67	37.750000	 25275249.0572675206
   417641.0000000108	   590732.1757812500	   590732.0000000000	180	1	67	37.500000	 25275014.3795440979
   417641.9999999817	   588252.9882812500	   588252.0000000000	1012	1	67	37.250000	 25274782.0192114599
   417642.9999999524	   585774.2246093750	   585774.0000000000	230	1	67	37.750000	 25274550.5907214135
   417643.9999999239	   583295.9277343750	   583295.0000000000	950	1	67	38.000000	 25274317.5288892128
   417645.0000000702	   580818.1552734375	   580818.0000000000	159	2	67	38.500000	 25274086.6447962970
   417646.0000000400	   578340.3974609375	   578340.0000000000	407	1	67	39.500000	 25273855.8131045178
   417647.0000000104	   575862.9521484375	   575862.0000000000	975	1	67	39.250000	 25273622.5628100894
   417647.9999999804	   573385.7470703125	   573385.0000000000	765	1	67	39.250000	 25273390.0663659126
   417648.9999999519	   570908.9013671875	   570908.0000000000	923	1	67	40.000000	 25273158.1318188757
   417649.9999999230	   568431.9013671875	   568431.0000000000	923	1	67	40.250000	 25272928.8462174758
   417651.0000000684	   565954.8671875000	   565954.0000000000	888	2	67	41.500000	 25272699.1138402969
   417652.0000000395	   563477.1572265625	   563477.0000000000	161	1	67	41.000000	 25272467.9505936839
   417653.0000000118	   560999.1992187500	   560999.0000000000	204	1	67	41.500000	 25272237.4050850719
   417653.9999999853	   558521.3437500000	   558521.0000000000	352	1	67	41.250000	 25272005.2401943430
   417654.9999999597	   556043.9179687500	   556043.0000000000	940	1	67	41.000000	 25271774.7854263112
   417655.9999999341	   553567.1611328125	   553567.0000000000	165	1	67	41.500000	 25271543.2941143923
   417657.0000000822	   551090.9550781250	   551090.0000000000	978	2	67	41.750000	 25271312.2529688254
   417658.0000000541	   548614.2558593750	   548614.0000000000	262	1	67	41.250000	 25271080.6185656674
   417659.0000000271	   546137.4492187500	   546137.0000000000	460	1	67	41.750000	 25270850.2999098860
   417660.0000000015	   543660.9501953125	   543660.0000000000	973	1	67	41.250000	 25270619.9707835652
   417660.9999999768	   541184.6318359375	   541184.0000000000	647	1	67	41.000000	 25270389.9034104943
   417661.9999999520	   538708.7978515625	   538708.0000000000	817	1	67	41.250000	 25270160.5514970496
   417662.9999999281	   536232.9082031250	   536232.0000000000	930	1	67	41.750000	 25269931.7300704867
   417664.0000000767	   533757.1562500000	   533757.0000000000	160	2	67	41.750000	 25269701.5439862907
   417665.0000000509	   531281.1455078125	   531281.0000000000	149	1	67	42.000000	 25269472.8796123676
   417666.0000000269	   528805.0224609375	   528805.0000000000	23	1	67	42.250000	 25269243.7371015213
   417667.0000000026	   526328.9287109375	   526328.0000000000	951	1	67	42.000000	 25269014.0780638233
   417667.9999999787	   523852.5644531250	   523852.0000000000	578	1	67	42.000000	 25268784.1293521114
   417668.9999999556	   521376.2568359375	   521376.0000000000	263	1	67	41.750000	 25268553.9782174602
   417669.9999999337	   518900.1347656250	   518900.0000000000	138	1	67	42.000000	 25268323.9073535390
   417671.0000000863	   516424.2451171875	   516424.0000000000	251	2	67	41.500000	 25268092.6184133925
   417672.0000000637	   513948.0791015625	   513948.0000000000	81	1	67	41.000000	 25267860.6210437901
   417673.0000000414	   511472.0507812500	   511472.0000000000	52	1	67	40.250000	 25267627.8698239662
   417674.0000000200	   508996.3037109375	   508996.0000000000	311	1	67	39.500000	 25267397.3487438858
   417674.9999999988	   506520.8515625000	   506520.0000000000	872	1	67	39.250000	 25267166.6287310310
   417675.9999999775	   504045.7412109375	   504045.0000000000	759	1	67	39.750000	 25266936.1774518192
   417676.9999999566	   501571.3583984375	   501571.0000000000	367	1	67	39.250000	 25266705.2585062236
   417677.9999999349	   499097.3027343750	   499097.0000000000	310	1	67	39.000000	 25266475.5261767991
   417678.9999999130	   496623.2587890625	   496623.0000000000	265	1	67	38.750000	 25266244.7398532629
   417680.0000000663	   494149.6533203125	   494149.0000000000	669	2	67	38.250000	 25266014.6619591862
   417681.0000000443	   491675.8857421875	   491675.0000000000	907	1	67	38.250000	 25265784.9854705706
   417682.0000000231	   489202.2382812500	   489202.0000000000	244	1	67	38.250000	 25265557.4134800211
   417683.0000000023	   486728.8095703125	   486728.0000000000	829	1	67	38.500000	 25265328.9445473179
   417683.9999999806	   484254.8408203125	   484254.0000000000	861	1	67	38.250000	 25265099.5158519521
   417684.9999999589	   481781.2734375000	   481781.0000000000	280	1	67	38.250000	 25264870.2127982937
   417685.9999999392	   479309.2666015625	   479309.0000000000	273	1	67	38.000000	 25264643.9530649297
   417686.9999999189	   476838.0244140625	   476838.0000000000	25	1	67	38.250000	 25264418.6286643259
   417688.0000000719	   474366.5917968750	   474366.0000000000	606	2	67	38.000000	 25264190.7878903337
   417689.0000000502	   471894.5000000000	   471894.0000000000	512	1	67	38.250000	 25263963.1844895035
   417690.0000000292	   469422.3369140625	   469422.0000000000	345	1	67	38.500000	 25263734.9493900090
   417691.0000000092	   466950.2763671875	   466950.0000000000	283	1	67	38.250000	 25263506.4560267106
   417691.9999999906	   464478.5380859375	   464478.0000000000	551	1	67	37.500000	 25263277.9347426780
   417692.9999999721	   462007.1669921875	   462007.0000000000	171	1	67	37.750000	 25263050.1812688969
   417693.9999999535	   459536.1259765625	   459536.0000000000	129	1	67	38.250000	 25262822.8047202341
   417694.9999999352	   457065.5732421875	   457065.0000000000	587	1	67	38.750000	 25262595.6759647951
   417695.9999999178	   454596.5390625000	   454596.0000000000	552	1	67	38.750000	 25262368.6658707038
   417697.0000000739	   452129.3906250000	   452129.0000000000	400	2	67	39.250000	 25262141.4288739786
   417698.0000000534	   449663.7871093750	   449663.0000000000	806	1	67	39.750000	 25261914.7817456350
   417699.0000000315	   447199.1269531250	   447199.0000000000	130	1	67	38.750000	 25261688.3056299724
   417700.0000000100	   444734.4199218750	   444734.0000000000	430	1	67	38.750000	 25261461.1838555932
   417700.9999999887	   442269.8134765625	   442269.0000000000	833	1	67	38.500000	 25261232.4496794306
   417701.9999999687	   439805.5361328125	   439805.0000000000	549	1	67	37.500000	 25261003.2234063186
   417702.9999999483	   437341.4990234375	   437341.0000000000	511	1	67	37.250000	 25260772.8907884508
   417703.9999999282	   434877.5156250000	   434877.0000000000	528	1	67	36.500000	 25260544.4881664328
   417705.0000000832	   432413.7167968750	   432413.0000000000	734	2	67	36.250000	 25260317.6699756049
   417706.0000000633	   429950.3857421875	   429950.0000000000	395	1	67	36.250000	 25260088.6216948591
   417707.0000000442	   427487.6816406250	   427487.0000000000	698	1	67	36.250000	 25259860.9450023025
   417708.0000000249	   425025.9228515625	   425025.0000000000	945	1	67	36.750000	 25259635.6485217698
   417709.0000000049	   422565.4833984375	   422565.0000000000	495	1	67	36.500000	 25259409.6051713973
   417709.9999999837	   420104.6064453125	   420104.0000000000	621	1	67	36.250000	 25259186.8808559589
   417710.9999999626	   417643.8750000000	   417643.0000000000	896	1	67	37.250000	 25258961.9194204286
   417711.9999999419	   415183.4414062500	   415183.0000000000	452	1	67	37.000000	 25258737.3488700502
   417712.9999999212	   412723.1464843750	   412723.0000000000	150	1	67	37.750000	 25258513.4937792793
   417714.0000000758	   410263.1992187500	   410263.0000000000	204	2	67	38.000000	 25258289.2721834444
   417715.0000000551	   407803.3671875000	   407803.0000000000	376	1	67	37.500000	 25258063.6825393997
   417716.0000000346	   405343.8095703125	   405343.0000000000	829	1	67	37.500000	 25257838.7699643560
   417717.0000000146	   402884.5517578125	   402884.0000000000	565	1	67	37.250000	 25257611.5295279063
   417717.9999999952	   400425.6181640625	   400425.0000000000	633	1	67	37.000000	 25257384.0692183450
   417718.9999999753	   397966.2714843750	   397966.0000000000	278	1	67	37.250000	 25257157.7396841086
   417719.9999999554	   395506.8037109375	   395506.0000000000	823	1	67	37.000000	 25256929.5499548875
   417720.9999999367	   393047.5859375000	   393047.0000000000	600	1	67	36.500000	 25256703.8905092888
   417721.9999999186	   390588.4638671875	   390588.0000000000	475	1	67	37.250000	 25256478.1019318029
   417723.0000000754	   388129.7412109375	   388129.0000000000	759	2	67	37.250000	 25256253.2381667122
   417724.0000000578	   385670.8378906250	   385670.0000000000	858	1	67	37.500000	 25256025.4428121559
   417725.0000000414	   383212.1503906250	   383212.0000000000	154	1	67	37.250000	 25255801.1793846563
   417726.0000000249	   380753.6171875000	   380753.0000000000	632	1	67	37.750000	 25255575.8445128314
   417727.0000000087	   378295.1396484375	   378295.0000000000	143	1	67	38.000000	 25255351.2041602246
   417727.9999999926	   375836.6542968750	   375836.0000000000	670	1	67	38.000000	 25255127.4572595656
   417728.9999999767	   373378.2939453125	   373378.0000000000	301	1	67	38.750000	 25254903.8883512728
   417729.9999999619	   370919.8935546875	   370919.0000000000	915	1	67	38.750000	 25254680.9720814042
   417730.9999999458	   368461.8457031250	   368461.0000000000	866	1	67	38.500000	 25254457.7800982296
   417731.9999999310	   366004.1357421875	   366004.0000000000	139	1	67	38.750000	 25254234.6858359985
   417732.9999999165	   363546.7744140625	   363546.0000000000	793	1	67	39.000000	 25254012.1430010572
   417734.0000000767	   361089.5693359375	   361089.0000000000	583	2	67	38.750000	 25253790.5633691363
   417735.0000000603	   358632.0908203125	   358632.0000000000	93	1	67	39.000000	 25253566.5861255005
   417736.0000000452	   356174.9003906250	   356174.0000000000	922	1	67	39.000000	 25253342.8496946916
   417737.0000000313	   353718.1914062500	   353718.0000000000	196	1	67	39.500000	 25253119.8915440328
   417738.0000000177	   351261.7880859375	   351261.0000000000	807	1	67	39.750000	 25252897.3068282939
   417739.0000000041	   348805.5019531250	   348805.0000000000	514	1	67	39.500000	 25252675.0082963891
   417739.9999999895	   346348.9707031250	   346348.0000000000	994	1	67	39.750000	 25252451.9838350452
   417740.9999999764	   343892.1269531250	   343892.0000000000	130	1	67	39.250000	 25252229.2874376401
   417741.9999999645	   341435.1220703125	   341435.0000000000	125	1	67	39.750000	 25252007.0656862967
   417742.9999999523	   338977.9892578125	   338977.0000000000	1013	1	67	40.250000	 25251783.4863067865
   417743.9999999403	   336520.9921875000	   336520.0000000000	1016	1	67	40.250000	 25251557.3836233318
   417744.9999999295	   334064.3935546875	   334064.0000000000	403	1	67	40.250000	 25251333.0434132367
   417745.9999999190	   331608.3779296875	   331608.0000000000	387	1	67	41.000000	 25251110.5424577259
   417747.0000000835	   329152.8359375000	   329152.0000000000	856	2	67	41.750000	 25250888.2683052272
   417748.0000000710	   326697.1054687500	   326697.0000000000	108	1	67	42.000000	 25250664.8878584877
   417749.0000000588	   324241.4853515625	   324241.0000000000	497	1	67	42.000000	 25250442.2926722132
   417750.0000000464	   321785.9726562500	   321785.0000000000	996	1	67	42.000000	 25250220.0918612629
   417751.0000000356	   319330.4775390625	   319330.0000000000	489	1	67	42.000000	 25249998.4878479093
   417752.0000000242	   316874.8544921875	   316874.0000000000	875	1	67	42.500000	 25249776.9780659899
   417753.0000000120	   314419.3935546875	   314419.0000000000	403	1	67	42.750000	 25249554.8296056949
   417754.0000000012	   311963.8320312500	   311963.0000000000	852	1	67	42.500000	 25249333.6723183170
   417754.9999999905	   309508.4404296875	   309508.0000000000	451	1	67	42.500000	 25249111.6739296205
   417755.9999999806	   307053.0976562500	   307053.0000000000	100	1	67	42.250000	 25248890.1885775998
   417756.9999999705	   304597.8144531250	   304597.0000000000	834	1	67	42.250000	 25248668.3995915242
   417757.9999999608	   302142.3085937500	   302142.0000000000	316	1	67	42.000000	 25248446.2685807645
   417758.9999999520	   299686.9072265625	   299686.0000000000	929	1	67	42.000000	 25248223.4151300378
   417759.9999999438	   297231.9667968750	   297231.0000000000	990	1	67	41.750000	 25247999.7170878164
   417760.9999999350	   294777.2998046875	   294777.0000000000	307	1	67	41.250000	 25247777.0067290105
   417761.9999999260	   292322.6591796875	   292322.0000000000	675	1	67	41.250000	 25247556.6765822284
   417762.9999999179	   289868.4218750000	   289868.0000000000	432	1	67	41.750000	 25247334.7479937226
   417764.0000000857	   287414.6259765625	   287414.0000000000	641	2	67	41.750000	 25247112.8961359635
   417765.0000000770	   284960.7929687500	   284960.0000000000	812	1	67	41.000000	 25246890.2032273635
   417766.0000000694	   282507.1386718750	   282507.0000000000	142	1	67	41.000000	 25246668.7178746760
   417767.0000000618	   280053.2832031250	   280053.0000000000	290	1	67	40.250000	 25246446.9288879074
   417768.0000000540	   277599.1093750000	   277599.0000000000	112	1	67	40.500000	 25246223.7997232005
   417769.0000000476	   275144.9667968750	   275144.0000000000	990	1	67	40.750000	 25246004.2373859845
   417770.0000000419	   272691.2500000000	   272691.0000000000	256	1	67	41.250000	 25245784.4551756196
   417771.0000000370	   270237.7509765625	   270237.0000000000	769	1	67	41.500000	 25245564.4879925773
   417772.0000000309	   267784.5468750000	   267784.0000000000	560	1	67	37.250000	 25245341.5787003189
   417773.0000000254	   265333.8906250000	   265333.0000000000	912	1	67	34.500000	 25245120.7041052505
   417774.0000000171	   262885.4375000000	   262885.0000000000	448	1	67	36.000000	 25244900.5659108497
   417775.0000000083	   260437.8046875000	   260437.0000000000	824	1	67	38.500000	 25244679.8588389456
   417775.9999999992	   257989.9082031250	   257989.0000000000	930	1	67	37.500000	 25244459.3506998084
   417776.9999999899	   255541.7255859375	   255541.0000000000	743	1	67	37.250000	 25244237.7711163424
   417777.9999999821	   253093.6425781250	   253093.0000000000	658	1	67	38.000000	 25244017.9330658317
   417778.9999999764	   250647.4921875000	   250647.0000000000	504	1	67	39.000000	 25243800.3146845251
   417779.9999999698	   248203.3437500000	   248203.0000000000	352	1	67	42.000000	 25243582.9894674160
   417780.9999999614	   245760.9345703125	   245760.0000000000	957	1	67	41.250000	 25243365.6607608125
   417781.9999999514	   243320.1005859375	   243320.0000000000	103	1	67	41.500000	 25243148.0388906859
   417782.9999999410	   240880.1298828125	   240880.0000000000	133	1	67	41.500000	 25242930.1517771110
   417783.9999999321	   238441.0458984375	   238441.0000000000	47	1	67	41.750000	 25242712.1111010760
   417784.9999999215	   236002.8281250000	   236002.0000000000	848	1	67	41.500000	 25242492.4545337930
   417786.0000000856	   233565.5234375000	   233565.0000000000	536	2	67	41.250000	 25242272.4907924570
   417787.0000000740	   231127.8984375000	   231127.0000000000	920	1	67	40.250000	 25242053.6474063881
   417788.0000000627	   228689.8349609375	   228689.0000000000	855	1	67	40.750000	 25241834.4968961179
   417789.0000000516	   226251.3837890625	   226251.0000000000	393	1	67	40.250000	 25241615.5069279596
   417790.0000000406	   223813.0341796875	   223813.0000000000	35	1	67	40.250000	 25241397.4278619848
   417791.0000000305	   221375.0810546875	   221375.0000000000	83	1	67	40.250000	 25241177.7678045109
   417792.0000000219	   218938.3886718750	   218938.0000000000	398	1	67	39.750000	 25240958.9907284901
   417793.0000000115	   216503.7363281250	   216503.0000000000	754	1	67	40.000000	 25240738.5105100833
   417793.9999999983	   214070.0556640625	   214070.0000000000	57	1	67	39.250000	 25240518.4630583338
   417794.9999999859	   211636.7070312500	   211636.0000000000	724	1	67	39.000000	 25240299.2671777532
   417795.9999999746	   209203.8818359375	   209203.0000000000	903	1	67	39.000000	 25240082.1025041491
   417796.9999999625	   206771.1015625000	   206771.0000000000	104	1	67	39.000000	 25239864.5329853557
   417797.9999999494	   204338.6435546875	   204338.0000000000	659	1	67	39.250000	 25239647.9720903821
   417798.9999999377	   201907.2089843750	   201907.0000000000	214	1	67	39.750000	 25239430.2559894882
   417799.9999999265	   199476.9765625000	   199476.0000000000	1000	1	67	40.000000	 25239212.7143907733
   417800.9999999140	   197047.7333984375	   197047.0000000000	751	1	67	39.750000	 25238994.4678029902
   417802.0000000758	   194619.5888671875	   194619.0000000000	603	2	67	39.750000	 25238776.6678913869
   417803.0000000623	   192191.8017578125	   192191.0000000000	821	1	67	39.250000	 25238560.4315708727
   417804.0000000499	   189764.5849609375	   189764.0000000000	599	1	67	40.000000	 25238343.2040767409
   417805.0000000374	   187337.4501953125	   187337.0000000000	461	1	67	40.000000	 25238126.3884081841
   417806.0000000240	   184910.3427734375	   184910.0000000000	351	1	67	40.500000	 25237909.7577123418
   417807.0000000114	   182483.5605468750	   182483.0000000000	574	1	67	40.250000	 25237690.9038564377
   417808.0000000003	   180057.0664062500	   180057.0000000000	68	1	67	40.250000	 25237472.7898900248
   417808.9999999883	   177630.7207031250	   177630.0000000000	738	1	67	40.000000	 25237254.4141703546
   417809.9999999752	   175204.5263671875	   175204.0000000000	539	1	67	40.000000	 25237036.5654480793
   417810.9999999639	   172779.3496093750	   172779.0000000000	358	1	67	40.500000	 25236819.2402323373
   417811.9999999529	   170356.5371093750	   170356.0000000000	550	1	67	41.000000	 25236602.8782694302
   417812.9999999385	   167936.2871093750	   167936.0000000000	294	1	67	41.250000	 25236384.9318262115
   417813.9999999219	   165518.1562500000	   165518.0000000000	160	1	67	41.500000	 25236165.8929989524
   417815.0000000806	   163101.4384765625	   163101.0000000000	449	2	67	40.750000	 25235948.0442275479
   417816.0000000653	   160684.0371093750	   160684.0000000000	38	1	67	38.500000	 25235733.8251546733
   417817.0000000491	   158266.1503906250	   158266.0000000000	154	1	67	40.000000	 25235519.3443285003
   417818.0000000334	   155848.0800781250	   155848.0000000000	82	1	67	40.250000	 25235304.1445525438
   417819.0000000185	   153430.2792968750	   153430.0000000000	286	1	67	40.750000	 25235087.4545263685
   417820.0000000061	   151013.2011718750	   151013.0000000000	206	1	67	40.750000	 25234872.5514034480
   417820.9999999942	   148596.6191406250	   148596.0000000000	634	1	67	41.250000	 25234656.6256966703
   417821.9999999796	   146180.0810546875	   146180.0000000000	83	1	67	40.750000	 25234441.3456493169
   417822.9999999643	   143763.4355468750	   143763.0000000000	446	1	67	40.750000	 25234225.3920231424
   417823.9999999508	   141347.0468750000	   141347.0000000000	48	1	67	40.750000	 25234008.8520685621
   417824.9999999389	   138931.2265625000	   138931.0000000000	232	1	67	41.250000	 25233792.8181702979
   417825.9999999260	   136515.6748046875	   136515.0000000000	691	1	67	41.250000	 25233576.7389017381
   417827.0000000868	   134100.9794921875	   134100.0000000000	1003	2	67	41.500000	 25233360.2337977737
   417828.0000000736	   131686.6132812500	   131686.0000000000	628	1	67	41.750000	 25233145.4981973507
   417829.0000000604	   129272.9980468750	   129272.0000000000	1022	1	67	42.250000	 25232930.7625969239
   417830.0000000471	   126859.5761718750	   126859.0000000000	590	1	67	42.500000	 25232716.2782798968
   417831.0000000331	   124446.3173828125	   124446.0000000000	325	1	67	42.250000	 25232501.7451024055
   417832.0000000204	   122033.0742187500	   122033.0000000000	76	1	67	42.500000	 25232287.1491037235
   417833.0000000077	   119619.5605468750	   119619.0000000000	574	1	67	42.500000	 25232073.7327408642
   417833.9999999960	   117205.9589843750	   117205.0000000000	982	1	67	43.000000	 25231859.8626716435
   417834.9999999845	   114791.9833984375	   114791.0000000000	1007	1	67	42.750000	 25231646.0624032952
   417835.9999999733	   112377.8847656250	   112377.0000000000	906	1	67	42.750000	 25231432.2411945499
   417836.9999999641	   109964.0000000000	   109964.0000000000	0	1	67	42.500000	 25231218.2629331648
   417837.9999999554	   107550.3417968750	   107550.0000000000	350	1	67	42.500000	 25231004.7453577965
   417838.9999999466	   105137.1904296875	   105137.0000000000	195	1	67	42.750000	 25230790.9066981524
   417839.9999999384	   102724.9140625000	   102724.0000000000	936	1	67	42.500000	 25230576.0803550892
   417840.9999999288	   100313.6884765625	   100313.0000000000	705	1	67	42.250000	 25230360.7095650993
   417841.9999999191	    97903.0332031250	    97903.0000000000	34	1	67	42.000000	 25230146.7522441112
   417843.0000000832	    95493.5625000000	    95493.0000000000	576	2	67	41.750000	 25229932.5121796355
   417844.0000000717	    93084.3193359375	    93084.0000000000	327	1	67	42.000000	 25229718.0139019117
   417845.0000000600	    90674.9365234375	    90674.0000000000	959	1	67	41.750000	 25229503.8576488644
   417846.0000000471	    88265.5517578125	    88265.0000000000	565	1	67	41.750000	 25229289.5129335783
   417847.0000000365	    85856.3544921875	    85856.0000000000	363	1	67	42.000000	 25229077.2796960026
   417848.0000000262	    83447.3310546875	    83447.0000000000	339	1	67	42.000000	 25228864.4182499200
   417849.0000000160	    81038.6240234375	    81038.0000000000	639	1	67	42.000000	 25228650.5900608189
   417850.0000000056	    78630.4833984375	    78630.0000000000	495	1	67	42.000000	 25228434.9924179800
   417850.9999999951	    76223.0351562500	    76223.0000000000	36	1	67	41.750000	 25228220.0578841232
   417851.9999999846	    73815.8710937500	    73815.0000000000	892	1	67	41.500000	 25228005.8388098702
   417852.9999999741	    71408.9570312500	    71408.0000000000	980	1	67	41.250000	 25227792.0664616004
   417853.9999999640	    69002.0703125000	    69002.0000000000	72	1	67	41.250000	 25227578.6849984787
   417854.9999999535	    66595.2167968750	    66595.0000000000	222	1	67	41.750000	 25227366.6297532693
   417855.9999999429	    64188.2177734375	    64188.0000000000	223	1	67	42.000000	 25227154.1103318594
   417856.9999999338	    61781.4746093750	    61781.0000000000	486	1	67	42.250000	 25226941.7584322654
   417857.9999999258	    59374.7998046875	    59374.0000000000	819	1	67	41.750000	 25226729.7380868122
   417858.9999999186	    56968.0253906250	    56968.0000000000	26	1	67	41.750000	 25226518.0702358894
   417860.0000000866	    54561.5429687500	    54561.0000000000	556	2	67	41.750000	 25226306.5907973610
   417861.0000000789	    52154.9345703125	    52154.0000000000	957	1	67	41.750000	 25226094.6577030122
   417862.0000000717	    49748.2236328125	    49748.0000000000	229	1	67	42.000000	 25225883.5622197762
   417863.0000000641	    47341.5097656250	    47341.0000000000	522	1	67	42.000000	 25225672.8087612204
   417864.0000000573	    44934.7919921875	    44934.0000000000	811	1	67	42.000000	 25225461.4410541840
   417865.0000000512	    42528.1855468750	    42528.0000000000	190	1	67	42.000000	 25225250.6945753060
   417866.0000000450	    40121.6083984375	    40121.0000000000	623	1	67	42.250000	 25225040.3424717523
   417867.0000000392	    37714.9951171875	    37714.0000000000	1019	1	67	42.250000	 25224830.3987035565
   417868.0000000338	    35308.5810546875	    35308.0000000000	595	1	67	42.500000	 25224618.5738000050
   417869.0000000300	    32902.4013671875	    32902.0000000000	411	1	67	42.500000	 25224407.3805944808
   417870.0000000247	    30496.1914062500	    30496.0000000000	196	1	67	42.250000	 25224196.6096850075
   417871.0000000194	    28089.9755859375	    28089.0000000000	999	1	67	42.250000	 25223985.6607831940
   417872.0000000143	    25683.7656250000	    25683.0000000000	784	1	67	42.250000	 25223774.3524064943
   417873.0000000098	    23277.6044921875	    23277.0000000000	619	1	67	42.250000	 25223564.3981677629
   417874.0000000060	    20871.6259765625	    20871.0000000000	641	1	67	42.250000	 25223354.0460635461
   417875.0000000024	    18465.5283203125	    18465.0000000000	541	1	67	42.250000	 25223144.7828538418
   417875.9999999976	    16059.2187500000	    16059.0000000000	224	1	67	42.500000	 25222933.8479120731
   417876.9999999937	    13652.8369140625	    13652.0000000000	857	1	67	42.250000	 25222723.0490818620
   417877.9999999899	    11246.3339843750	    11246.0000000000	342	1	67	42.000000	 25222511.4091503359
   417878.9999999868	     8839.7822265625	     8839.0000000000	801	1	67	42.000000	 25222298.5826026350
   417879.9999999843	     6433.3115234375	     6433.0000000000	319	1	67	41.500000	 25222085.7700149752
   417880.9999999825	     4026.8281250000	     4026.0000000000	848	1	67	41.500000	 25221873.4530137740
   417881.9999999810	     1620.2705078125	     1620.0000000000	277	1	67	41.000000	 25221661.9387232661
   417882.9999999797	     -786.4707031250	  1047789.0000000000	542	1	67	41.000000	 25221450.0649578646
   417883.9999999796	    -3193.4765625000	  1045382.0000000000	536	1	67	41.000000	 25221239.8280241154
   417884.9999999804	    -5600.6386718750	  1042975.0000000000	370	1	67	40.750000	 25221029.5841100104
   417885.9999999815	    -8007.5380859375	  1040568.0000000000	473	1	67	41.000000	 25220821.1270998344
   417886.9999999833	   -10414.2460937500	  1038161.0000000000	772	1	67	41.250000	 25220610.7505636625
   417887.9999999847	   -12820.6718750000	  1035755.0000000000	336	1	67	40.250000	 25220400.6811517291
   417888.9999999858	   -15226.7792968750	  1033349.0000000000	226	1	67	40.250000	 25220190.8106725551
   417889.9999999868	   -17633.1337890625	  1030942.0000000000	887	1	67	40.500000	 25219980.9227431603
   417890.9999999890	   -20039.9091796875	  1028536.0000000000	93	1	67	40.750000	 25219771.9387355894
   417891.9999999913	   -22446.8134765625	  1026129.0000000000	191	1	67	40.750000	 25219564.1343638338
   417892.9999999938	   -24853.8466796875	  1023722.0000000000	157	1	67	40.750000	 25219355.7017835565
   417893.9999999969	   -27261.0156250000	  1021314.0000000000	1008	1	67	41.250000	 25219148.4104484729
   417895.0000000011	   -29668.1699218750	  1018907.0000000000	850	1	67	41.750000	 25218942.7733952552
   417896.0000000063	   -32075.0771484375	  1016500.0000000000	945	1	67	41.750000	 25218736.7000859044
   417897.0000000120	   -34481.1279296875	  1014094.0000000000	893	1	67	42.250000	 25218530.9269204475
   417898.0000000177	   -36886.8330078125	  1011689.0000000000	171	1	67	42.750000	 25218324.4382953979
   417899.0000000216	   -39292.6318359375	  1009283.0000000000	377	1	67	42.500000	 25218116.9794378020
   417900.0000000249	   -41698.3095703125	  1006877.0000000000	707	1	67	42.250000	 25217908.2013426721
   417901.0000000286	   -44104.3427734375	  1004471.0000000000	673	1	67	42.500000	 25217699.5453990661
   417902.0000000335	   -46510.0556640625	  1002065.0000000000	967	1	67	42.500000	 25217489.3608146161
   417903.0000000394	   -48915.3798828125	   999660.0000000000	635	1	67	41.500000	 25217279.7939681336
   417904.0000000436	   -51320.2099609375	   997255.0000000000	809	1	67	42.000000	 25217070.1328908838
   417905.0000000476	   -53722.2871093750	   994853.0000000000	730	1	67	42.250000	 25216861.6898400486
   417906.0000000497	   -56121.5273437500	   992454.0000000000	484	1	67	42.500000	 25216653.2607499734
   417907.0000000505	   -58518.5488281250	   990057.0000000000	462	1	67	42.500000	 25216444.1615712419
   417908.0000000505	   -60913.1699218750	   987662.0000000000	850	1	67	42.500000	 25216234.1200800575
   417909.0000000492	   -63307.7451171875	   985268.0000000000	261	1	67	42.000000	 25216026.1097965389
   417910.0000000484	   -65702.8076171875	   982873.0000000000	197	1	67	41.750000	 25215818.5252986252
   417911.0000000493	   -68097.8945312500	   980478.0000000000	108	1	67	42.250000	 25215611.3037650958
   417912.0000000501	   -70492.8583984375	   978083.0000000000	145	1	67	42.000000	 25215404.4940571114
   417913.0000000499	   -72887.8750000000	   975688.0000000000	128	1	67	42.000000	 25215196.9584196620
   417914.0000000505	   -75282.9882812500	   973293.0000000000	12	1	67	42.250000	 25214988.4874494374
   417915.0000000524	   -77678.3974609375	   970897.0000000000	617	1	67	41.750000	 25214781.1681942791
   417916.0000000554	   -80074.0175781250	   968501.0000000000	1006	1	67	42.000000	 25214575.0041443519
   417917.0000000582	   -82468.8037109375	   966107.0000000000	201	1	67	42.000000	 25214368.9308357015
   417918.0000000622	   -84863.2910156250	   963712.0000000000	726	1	67	42.250000	 25214163.9219909981
   417919.0000000648	   -87256.4853515625	   961319.0000000000	527	1	67	42.000000	 25213957.7963316962
   417920.0000000673	   -89647.5224609375	   958928.0000000000	489	1	67	42.250000	 25213752.4943234809
   417921.0000000671	   -92036.0537109375	   956539.0000000000	969	1	67	42.250000	 25213547.0876146592
   417922.0000000659	   -94421.8134765625	   954154.0000000000	191	1	67	42.000000	 25213340.9898767769
   417923.0000000637	   -96806.1699218750	   951769.0000000000	850	1	67	42.250000	 25213135.1155022345
   417924.0000000615	   -99190.2578125000	   949385.0000000000	760	1	67	42.000000	 25212929.8483958207
   417925.0000000597	  -101574.9140625000	   947001.0000000000	88	1	67	41.750000	 25212723.8274391852
   417926.0000000590	  -103959.9345703125	   944616.0000000000	67	1	67	42.250000	 25212516.9933013022
   417927.0000000588	  -106344.5400390625	   942231.0000000000	471	1	67	41.250000	 25212311.4435005486
   417928.0000000598	  -108728.5644531250	   939847.0000000000	446	1	67	41.750000	 25212104.1137755215
   417929.0000000597	  -111112.1650390625	   937463.0000000000	855	1	67	41.000000	 25211897.6146819666
   417930.0000000592	  -113495.7158203125	   935080.0000000000	291	1	67	41.000000	 25211690.6898028366
   417931.0000000582	  -115879.1904296875	   932696.0000000000	829	1	67	41.000000	 25211485.0562411509
   417932.0000000567	  -118262.6015625000	   930313.0000000000	408	1	67	41.500000	 25211280.1241790652
   417933.0000000553	  -120646.1074218750	   927929.0000000000	914	1	67	41.750000	 25211074.2253739573
   417934.0000000543	  -123029.5644531250	   925546.0000000000	446	1	67	41.250000	 25210867.5901688151
   417935.0000000548	  -125413.0712890625	   923162.0000000000	951	1	67	39.500000	 25210663.2688643485
   417936.0000000554	  -127796.6552734375	   920779.0000000000	353	1	67	41.500000	 25210460.5215709992
   417937.0000000558	  -130180.0576171875	   918395.0000000000	965	1	67	41.750000	 25210256.0397243835
   417938.0000000583	  -132563.3320312500	   916012.0000000000	684	1	67	40.750000	 25210051.7393596284
   417939.0000000602	  -134946.9951171875	   913629.0000000000	5	1	67	40.250000	 25209846.5315828808
   417940.0000000623	  -137330.2285156250	   911245.0000000000	790	1	67	41.250000	 25209640.2488716207
   417941.0000000669	  -139712.6279296875	   908863.0000000000	381	1	67	39.750000	 25209434.0010600910
   417942.0000000723	  -142094.9599609375	   906481.0000000000	41	1	67	39.250000	 25209228.9991950728
   417943.0000000768	  -144477.2958984375	   904098.0000000000	721	1	67	40.250000	 25209025.8645054102
   417944.0000000813	  -146859.2187500000	   901716.0000000000	800	1	67	41.500000	 25208821.1732548177
   417945.0000000860	  -149240.6650390625	   899335.0000000000	343	1	67	40.750000	 25208617.2323642522
   417945.9999999143	  -151621.4130859375	   896954.0000000000	601	0	67	41.000000	 25208412.9320493080
   417946.9999999180	  -154001.2636718750	   894574.0000000000	754	1	67	41.250000	 25208208.5863135718
   417947.9999999206	  -156380.8017578125	   892195.0000000000	203	1	67	40.250000	 25208004.4464909509
   417948.9999999222	  -158760.3906250000	   889815.0000000000	624	1	67	39.000000	 25207799.7412810065
   417949.9999999237	  -161139.3720703125	   887436.0000000000	643	1	67	40.250000	 25207594.9837203994
   417950.9999999280	  -163517.4394531250	   885058.0000000000	574	1	67	41.000000	 25207392.7983235307
   417951.9999999307	  -165895.4287109375	   882680.0000000000	585	1	67	41.000000	 25207190.4279546291
   417952.9999999324	  -168273.0322265625	   880302.0000000000	991	1	67	41.250000	 25206987.2967558205
   417953.9999999359	  -170650.1474609375	   877925.0000000000	873	1	67	41.000000	 25206785.3137818873
   417954.9999999387	  -173027.0009765625	   875548.0000000000	1023	1	67	41.750000	 25206582.8177712783
   417955.9999999412	  -175403.9033203125	   873172.0000000000	99	1	67	41.750000	 25206380.3601512834
   417956.9999999428	  -177780.5341796875	   870795.0000000000	477	1	67	41.750000	 25206178.3911380693
   417957.9999999466	  -180156.5429687500	   868419.0000000000	468	1	67	42.250000	 25205975.7625053972
   417958.9999999505	  -182532.0615234375	   866043.0000000000	961	1	67	42.000000	 25205774.2960583158
   417959.9999999538	  -184907.2958984375	   863668.0000000000	721	1	67	41.750000	 25205572.9587431177
   417960.9999999566	  -187282.4648437500	   861293.0000000000	548	1	67	39.000000	 25205370.3370908089
   417961.9999999600	  -189657.5625000000	   858918.0000000000	448	1	67	40.000000	 25205168.8741339073
   417962.9999999639	  -192032.5712890625	   856543.0000000000	439	1	67	42.750000	 25204966.8353191391
   417963.9999999704	  -194407.4326171875	   854168.0000000000	581	1	67	43.250000	 25204764.3113870919
   417964.9999999762	  -196781.9375000000	   851794.0000000000	64	1	67	43.000000	 25204560.8625928201
   417965.9999999813	  -199156.0761718750	   849419.0000000000	946	1	67	42.750000	 25204358.3491313122
   417966.9999999873	  -201529.4648437500	   847046.0000000000	548	1	67	43.250000	 25204156.8128826767
   417967.9999999934	  -203902.0615234375	   844673.0000000000	961	1	67	43.000000	 25203954.1493488848
   417968.9999999988	  -206272.9960937500	   842303.0000000000	4	1	67	43.500000	 25203751.8836806044
   417970.0000000024	  -208642.6113281250	   839933.0000000000	398	1	67	43.750000	 25203549.3457892127
   417971.0000000052	  -211012.1220703125	   837563.0000000000	899	1	67	43.500000	 25203347.4221462868
   417972.0000000087	  -213380.9111328125	   835195.0000000000	91	1	67	43.250000	 25203144.8493544534
   417973.0000000127	  -215749.2480468750	   832826.0000000000	770	1	67	43.500000	 25202942.5592562556
   417974.0000000158	  -218117.3134765625	   830458.0000000000	703	1	67	43.000000	 25202740.4366805889
   417975.0000000193	  -220484.5380859375	   828091.0000000000	473	1	67	43.250000	 25202539.5984420218
   417976.0000000233	  -222850.5771484375	   825725.0000000000	433	1	67	43.750000	 25202339.5978146046
   417977.0000000274	  -225215.1240234375	   823360.0000000000	897	1	67	44.000000	 25202138.4873522334
   417978.0000000293	  -227577.8505859375	   820998.0000000000	153	1	67	43.750000	 25201937.8934174106
   417979.0000000297	  -229938.6816406250	   818637.0000000000	326	1	67	43.750000	 25201736.9539684244
   417980.0000000295	  -232298.7500000000	   816277.0000000000	256	1	67	43.750000	 25201536.6985687502
   417981.0000000296	  -234658.6064453125	   813917.0000000000	403	1	67	43.250000	 25201335.8498610109
   417982.0000000297	  -237017.3398437500	   811558.0000000000	676	1	67	43.000000	 25201135.8422546126
   417983.0000000299	  -239375.4062500000	   809200.0000000000	608	1	67	43.000000	 25200935.9951903261
   417984.0000000296	  -241733.2958984375	   806842.0000000000	721	1	67	42.750000	 25200736.1341660134
   417985.0000000299	  -244089.9248046875	   804486.0000000000	77	1	67	41.750000	 25200535.3378089257
   417986.0000000292	  -246445.7392578125	   802130.0000000000	267	1	67	42.250000	 25200334.6566236839
