   417092.0000000130	    81479.5380859375	    81479.0000000000	551	1	42	48.000000	 22692515.3596708216
   417093.0000000103	    82731.3750000000	    82731.0000000000	384	1	42	48.250000	 22693000.3540357687
   417094.0000000586	    83983.6806640625	    83983.0000000000	697	1	42	48.000000	 22693501.4758927301
   417095.0000000977	    85234.2197265625	    85234.0000000000	225	253	42	47.750000	 22694210.0775490589
   417096.0000000044	    86484.7373046875	    86484.0000000000	755	0	42	48.000000	 22694720.8459360972
   417097.0000000038	    87735.4423828125	    87735.0000000000	453	1	42	47.750000	 22695207.4701523073
   417098.0000000032	    88986.3994140625	    88986.0000000000	409	1	42	47.750000	 22695692.6459991150
   417099.0000000037	    90238.3945312500	    90238.0000000000	404	1	42	47.750000	 22696178.4395838529
   417100.0000000033	    91490.7900390625	    91490.0000000000	809	1	42	47.750000	 22696665.2592426799
   417101.0000000027	    92743.0527343750	    92743.0000000000	54	1	42	47.250000	 22697152.0265508220
   417102.0000000016	    93995.6455078125	    93995.0000000000	661	1	42	47.250000	 22697637.7782554813
   417103.0000000016	    95248.5888671875	    95248.0000000000	603	1	42	47.250000	 22698124.4338819347
   417104.0000000010	    96501.8955078125	    96501.0000000000	917	1	42	47.750000	 22698610.9324564636
   417104.9999999997	    97755.0146484375	    97755.0000000000	15	1	42	47.750000	 22699098.3140130937
   417105.9999999970	    99008.2998046875	    99008.0000000000	307	1	42	47.750000	 22699584.0238376334
   417106.9999999951	   100261.6630859375	   100261.0000000000	679	1	42	47.250000	 22700069.3881473206
   417107.9999999932	   101514.9423828125	   101514.0000000000	965	1	42	47.250000	 22700555.0735412836
   417108.9999999917	   102768.2714843750	   102768.0000000000	278	1	42	47.500000	 22701040.7030944116
   417109.9999999909	   104022.0000000000	   104022.0000000000	0	1	42	47.000000	 22701526.6676918566
   417110.9999999902	   105276.0830078125	   105276.0000000000	85	1	42	47.250000	 22702012.4159063324
   417111.9999999899	   106530.0136718750	   106530.0000000000	14	1	42	47.000000	 22702499.2530153468
   417112.9999999875	   107783.5283203125	   107783.0000000000	541	1	42	47.000000	 22702985.1931828968
   417113.9999999857	   109036.6972656250	   109036.0000000000	714	1	42	47.250000	 22703471.8976705335
   417114.9999999839	   110289.7841796875	   110289.0000000000	803	1	42	47.000000	 22703957.7087062001
   417115.9999999844	   111542.8583984375	   111542.0000000000	879	1	42	46.750000	 22704444.3782927170
   417116.9999999854	   112795.6875000000	   112795.0000000000	704	1	42	47.000000	 22704931.7772988789
   417117.9999999857	   114048.1650390625	   114048.0000000000	169	1	42	47.000000	 22705418.3770845272
   417118.9999999858	   115300.5722656250	   115300.0000000000	586	1	42	47.000000	 22705905.0501612201
   417119.9999999870	   116552.8837890625	   116552.0000000000	905	1	42	47.250000	 22706391.7860584296
   417120.9999999868	   117805.0527343750	   117805.0000000000	54	1	42	47.500000	 22706878.3893342540
   417121.9999999883	   119057.4384765625	   119057.0000000000	449	1	42	47.250000	 22707364.7657565661
   417122.9999999899	   120309.8828125000	   120309.0000000000	904	1	42	47.500000	 22707851.6238052994
   417123.9999999903	   121562.2363281250	   121562.0000000000	242	1	42	47.000000	 22708338.4015832990
   417124.9999999901	   122814.3330078125	   122814.0000000000	341	1	42	47.000000	 22708824.5581331439
   417125.9999999902	   124066.6826171875	   124066.0000000000	699	1	42	47.250000	 22709311.8035775274
   417126.9999999914	   125318.9941406250	   125318.0000000000	1018	1	42	47.500000	 22709799.9878441729
   417127.9999999920	   126571.3291015625	   126571.0000000000	337	1	42	47.750000	 22710287.5159822218
   417128.9999999939	   127823.3291015625	   127823.0000000000	337	1	42	47.750000	 22710775.7491093352
   417129.9999999949	   129075.3183593750	   129075.0000000000	326	1	42	47.750000	 22711262.7013895176
   417130.9999999976	   130327.1328125000	   130327.0000000000	136	1	42	47.500000	 22711750.0166340880
   417131.9999999991	   131578.9521484375	   131578.0000000000	975	1	42	47.750000	 22712236.5535985455
   417133.0000000018	   132831.1933593750	   132831.0000000000	198	1	42	47.250000	 22712722.8846498653
   417134.0000000048	   134083.8281250000	   134083.0000000000	848	1	42	47.000000	 22713209.5716859326
   417135.0000000068	   135336.8671875000	   135336.0000000000	888	1	42	47.000000	 22713697.4104377031
   417136.0000000079	   136590.0654296875	   136590.0000000000	67	1	42	47.000000	 22714184.9525358044
   417137.0000000088	   137843.1699218750	   137843.0000000000	174	1	42	47.000000	 22714672.4771836549
   417138.0000000107	   139095.5595703125	   139095.0000000000	573	1	42	47.500000	 22715159.5481252149
   417139.0000000132	   140347.6611328125	   140347.0000000000	677	1	42	47.250000	 22715645.9524675757
   417140.0000000166	   141599.9033203125	   141599.0000000000	925	1	42	46.750000	 22716132.0636457577
   417141.0000000207	   142852.1689453125	   142852.0000000000	173	1	42	46.250000	 22716618.3667763360
   417142.0000000241	   144104.1552734375	   144104.0000000000	159	1	42	46.000000	 22717105.1759639308
   417143.0000000265	   145355.8212890625	   145355.0000000000	841	1	42	46.250000	 22717590.7043045461
   417144.0000000306	   146607.4902343750	   146607.0000000000	502	1	42	45.750000	 22718077.7228947543
   417145.0000000352	   147858.8984375000	   147858.0000000000	920	1	42	46.000000	 22718566.0258220546
   417146.0000000374	   149110.2714843750	   149110.0000000000	278	1	42	46.000000	 22719052.7721891217
   417147.0000000420	   150361.7636718750	   150361.0000000000	782	1	42	45.750000	 22719540.3945572674
   417148.0000000457	   151612.9296875000	   151612.0000000000	952	1	42	46.500000	 22720027.7202716768
   417149.0000000499	   152863.6123046875	   152863.0000000000	627	1	42	46.500000	 22720516.0615896061
   417150.0000000547	   154113.8945312500	   154113.0000000000	916	1	42	46.750000	 22721004.3086760640
   417151.0000000605	   155363.8925781250	   155363.0000000000	914	1	42	47.000000	 22721492.2625983469
   417152.0000000679	   156614.2519531250	   156614.0000000000	258	1	42	46.500000	 22721979.5603913367
   417153.0000000765	   157864.7734375000	   157864.0000000000	792	1	42	46.500000	 22722467.9575487450
   417154.0000000844	   159115.4589843750	   159115.0000000000	470	1	42	46.250000	 22722957.3982303552
   417154.9999999156	   160366.0507812500	   160366.0000000000	52	0	42	46.750000	 22723444.9613172971
   417155.9999999222	   161616.9179687500	   161616.0000000000	940	1	42	46.000000	 22723933.4631766751
   417156.9999999286	   162867.6621093750	   162867.0000000000	678	1	42	46.750000	 22724422.7537867166
   417157.9999999346	   164118.2626953125	   164118.0000000000	269	1	42	47.000000	 22724910.9206017777
   417158.9999999412	   165368.4277343750	   165368.0000000000	438	1	42	46.750000	 22725398.1171836443
   417159.9999999489	   166618.2939453125	   166618.0000000000	301	1	42	47.000000	 22725884.6436761916
   417160.9999999571	   167867.7548828125	   167867.0000000000	773	1	42	46.250000	 22726372.1857722290
   417161.9999999658	   169116.8544921875	   169116.0000000000	875	1	42	47.000000	 22726860.4398376979
   417162.9999999752	   170366.0439453125	   170366.0000000000	45	1	42	47.000000	 22727349.0638479181
   417163.9999999842	   171615.0673828125	   171615.0000000000	69	1	42	47.000000	 22727837.9949823804
   417164.9999999924	   172863.8271484375	   172863.0000000000	847	1	42	47.000000	 22728326.2350878119
   417166.0000000003	   174112.3193359375	   174112.0000000000	327	1	42	46.750000	 22728814.6915762275
   417167.0000000087	   175360.6308593750	   175360.0000000000	646	1	42	47.000000	 22729303.7169421390
   417168.0000000168	   176608.8085937500	   176608.0000000000	828	1	42	46.750000	 22729792.3688730970
   417169.0000000258	   177856.5039062500	   177856.0000000000	516	1	42	47.250000	 22730280.4414560497
   417170.0000000360	   179103.8007812500	   179103.0000000000	820	1	42	47.250000	 22730768.7374016084
   417171.0000000466	   180350.8369140625	   180350.0000000000	857	1	42	47.500000	 22731256.9775063545
   417172.0000000580	   181597.5654296875	   181597.0000000000	579	1	42	47.000000	 22731746.6240997575
   417173.0000000690	   182844.4638671875	   182844.0000000000	475	1	42	47.250000	 22732235.5761739425
   417174.0000000821	   184091.2441406250	   184091.0000000000	250	1	42	47.250000	 22732724.8702721000
   417174.9999999178	   185337.2500000000	   185337.0000000000	256	0	42	47.750000	 22733213.5082921758
   417175.9999999292	   186583.1298828125	   186583.0000000000	133	1	42	47.500000	 22733701.8496080488
   417176.9999999409	   187828.7832031250	   187828.0000000000	802	1	42	46.750000	 22734190.0268916041
   417177.9999999536	   189074.2548828125	   189074.0000000000	261	1	42	46.500000	 22734679.6281140186
   417178.9999999670	   190319.8261718750	   190319.0000000000	846	1	42	46.500000	 22735169.1525552012
   417179.9999999812	   191565.1669921875	   191565.0000000000	171	1	42	46.750000	 22735658.2058398239
   417180.9999999944	   192810.6035156250	   192810.0000000000	618	1	42	46.750000	 22736147.5173882134
   417182.0000000079	   194056.3046875000	   194056.0000000000	312	1	42	46.250000	 22736635.9494446777
   417183.0000000213	   195302.2783203125	   195302.0000000000	285	1	42	46.000000	 22737125.4738858603
   417184.0000000331	   196547.8994140625	   196547.0000000000	921	1	42	46.000000	 22737614.0978953987
   417185.0000000451	   197793.0029296875	   197793.0000000000	3	1	42	45.750000	 22738103.4722649977
   417186.0000000584	   199037.6416015625	   199037.0000000000	657	1	42	46.250000	 22738591.4226950258
   417187.0000000730	   200281.7890625000	   200281.0000000000	808	1	42	46.000000	 22739081.4392324910
   417187.9999999129	   201525.0634765625	   201525.0000000000	65	0	42	46.000000	 22739570.8869422451
   417188.9999999283	   202768.0009765625	   202768.0000000000	1	1	42	46.000000	 22740059.7517639697
   417189.9999999436	   204010.4121093750	   204010.0000000000	422	1	42	45.750000	 22740548.4036929011
   417190.9999999601	   205252.5957031250	   205252.0000000000	610	1	42	45.750000	 22741036.4378831722
   417191.9999999771	   206494.8408203125	   206494.0000000000	861	1	42	45.500000	 22741524.3254913352
   417192.9999999949	   207737.4785156250	   207737.0000000000	490	1	42	45.250000	 22742013.5846877098
   417194.0000000121	   208980.2500000000	   208980.0000000000	256	1	42	45.000000	 22742504.4039351791
   417195.0000000289	   210223.4736328125	   210223.0000000000	485	1	42	45.250000	 22742992.8115603961
   417196.0000000464	   211466.5830078125	   211466.0000000000	597	1	42	45.500000	 22743483.4318751022
   417197.0000000629	   212709.5458984375	   212709.0000000000	559	1	42	45.500000	 22743973.1482680105
   417198.0000000786	   213952.0156250000	   213952.0000000000	16	1	42	45.750000	 22744463.3881681189
   417198.9999999198	   215193.8525390625	   215193.0000000000	873	0	42	46.500000	 22744953.5059665106
   417199.9999999366	   216435.6582031250	   216435.0000000000	674	1	42	46.000000	 22745442.1997755542
   417200.9999999553	   217677.2294921875	   217677.0000000000	235	1	42	45.500000	 22745933.4552784748
   417201.9999999718	   218918.4541015625	   218918.0000000000	465	1	42	46.500000	 22746424.3513071798
   417202.9999999892	   220159.3496093750	   220159.0000000000	358	1	42	46.500000	 22746914.4899954833
   417204.0000000069	   221399.9628906250	   221399.0000000000	986	1	42	46.750000	 22747404.3041093238
   417205.0000000268	   222640.4648437500	   222640.0000000000	476	1	42	46.250000	 22747895.4967910610
   417206.0000000470	   223881.3388671875	   223881.0000000000	347	1	42	46.500000	 22748386.3474480882
   417207.0000000675	   225122.7480468750	   225122.0000000000	766	1	42	46.750000	 22748877.0166226253
   417207.9999999124	   226363.5898437500	   226363.0000000000	604	0	42	46.750000	 22749367.2495914921
   417208.9999999321	   227604.3710937500	   227604.0000000000	380	1	42	46.750000	 22749857.3882791102
   417209.9999999526	   228844.9765625000	   228844.0000000000	1000	1	42	47.000000	 22750347.7538195625
   417210.9999999733	   230085.3427734375	   230085.0000000000	351	1	42	46.250000	 22750838.4578945078
   417211.9999999941	   231325.6523437500	   231325.0000000000	668	1	42	46.250000	 22751329.3574120328
   417213.0000000155	   232565.8417968750	   232565.0000000000	862	1	42	46.250000	 22751820.4314317293
   417214.0000000359	   233805.6953125000	   233805.0000000000	712	1	42	46.000000	 22752310.8877134658
   417215.0000000562	   235045.9228515625	   235045.0000000000	945	1	42	45.750000	 22752800.3598019294
   417216.0000000772	   236285.5898437500	   236285.0000000000	604	1	42	45.750000	 22753290.5962105133
   417216.9999999228	   237524.7373046875	   237524.0000000000	755	0	42	45.750000	 22753780.0369385369
   417217.9999999458	   238764.3408203125	   238764.0000000000	349	1	42	45.750000	 22754270.2942868173
   417218.9999999686	   240003.6191406250	   240003.0000000000	634	1	42	45.500000	 22754761.1972938403
   417219.9999999912	   241242.8154296875	   241242.0000000000	835	1	42	45.750000	 22755251.9048582837
   417221.0000000150	   242482.0791015625	   242482.0000000000	81	1	42	45.250000	 22755741.7085002325
   417222.0000000393	   243721.7226562500	   243721.0000000000	740	1	42	45.500000	 22756232.2066613883
   417223.0000000634	   244961.6933593750	   244961.0000000000	710	1	42	45.000000	 22756722.6524718516
   417224.0000000859	   246201.9521484375	   246201.0000000000	975	1	42	45.000000	 22757212.9133103378
   417224.9999999339	   247441.9335937500	   247441.0000000000	956	0	42	45.000000	 22757704.6435084343
   417225.9999999555	   248681.2099609375	   248681.0000000000	215	1	42	45.750000	 22758195.9304209277
   417226.9999999775	   249920.1689453125	   249920.0000000000	173	1	42	46.000000	 22758686.4460329749
   417228.0000000022	   251159.5498046875	   251159.0000000000	563	1	42	45.750000	 22759177.6387133375
   417229.0000000263	   252398.9472656250	   252398.0000000000	970	1	42	45.750000	 22759669.5154430568
   417230.0000000489	   253638.0205078125	   253638.0000000000	21	1	42	46.250000	 22760159.5249981135
   417231.0000000732	   254877.4521484375	   254877.0000000000	463	1	42	45.750000	 22760650.4698852450
   417231.9999999228	   256116.7490234375	   256116.0000000000	767	0	42	46.250000	 22761141.6870459914
   417232.9999999466	   257355.9189453125	   257355.0000000000	941	1	42	45.750000	 22761632.4574309476
   417233.9999999698	   258595.0830078125	   258595.0000000000	85	1	42	45.500000	 22762121.7829366475
   417234.9999999944	   259834.8652343750	   259834.0000000000	886	1	42	45.000000	 22762613.5305344760
   417236.0000000184	   261076.0390625000	   261076.0000000000	40	1	42	46.000000	 22763105.6585475989
   417237.0000000410	   262317.8828125000	   262317.0000000000	904	1	42	46.000000	 22763598.2263070457
   417238.0000000636	   263559.3759765625	   263559.0000000000	385	1	42	46.000000	 22764090.9546086080
   417239.0000000864	   264800.8593750000	   264800.0000000000	880	1	42	46.250000	 22764582.1437994577
   417239.9999999352	   266042.4218750000	   266042.0000000000	432	0	42	45.750000	 22765074.1357508339
   417240.9999999591	   267284.4902343750	   267284.0000000000	502	1	42	45.750000	 22765565.6564958356
   417241.9999999834	   268527.1962890625	   268527.0000000000	201	1	42	46.000000	 22766057.5855762064
   417243.0000000075	   269770.2353515625	   269770.0000000000	241	1	42	46.000000	 22766549.6228480674
   417244.0000000310	   271013.5048828125	   271013.0000000000	517	1	42	46.250000	 22767040.7527079135
   417245.0000000539	   272257.0429687500	   272257.0000000000	44	1	42	46.000000	 22767531.5475234352
   417246.0000000773	   273500.6630859375	   273500.0000000000	679	1	42	46.000000	 22768023.6441263035
   417246.9999999253	   274744.1679687500	   274744.0000000000	172	0	42	46.250000	 22768515.5348665603
   417247.9999999489	   275987.9033203125	   275987.0000000000	925	1	42	46.250000	 22769006.3959927820
   417248.9999999726	   277231.7949218750	   277231.0000000000	814	1	42	46.000000	 22769497.8818373494
   417249.9999999967	   278476.1894531250	   278476.0000000000	194	1	42	46.250000	 22769990.3134845346
   417251.0000000198	   279721.6152343750	   279721.0000000000	630	1	42	46.750000	 22770482.9126542099
   417252.0000000423	   280967.8486328125	   280967.0000000000	869	1	42	47.000000	 22770975.5711549371
   417253.0000000639	   282214.3251953125	   282214.0000000000	333	1	42	47.000000	 22771467.6991687156
   417254.0000000863	   283460.7822265625	   283460.0000000000	801	1	42	46.000000	 22771960.7869452015
   417254.9999999331	   284706.8447265625	   284706.0000000000	865	0	42	46.250000	 22772453.1697823964
   417255.9999999561	   285953.2802734375	   285953.0000000000	287	1	42	46.750000	 22772945.5735095032
   417256.9999999796	   287200.2353515625	   287200.0000000000	241	1	42	46.750000	 22773437.1500953399
   417258.0000000037	   288447.7851562500	   288447.0000000000	804	1	42	46.750000	 22773929.2955586910
   417259.0000000273	   289695.7265625000	   289695.0000000000	744	1	42	47.000000	 22774421.0326866694
   417260.0000000513	   290943.7861328125	   290943.0000000000	805	1	42	47.000000	 22774914.4659772888
   417261.0000000732	   292191.4589843750	   292191.0000000000	470	1	42	47.250000	 22775407.3792515993
   417261.9999999200	   293439.0927734375	   293439.0000000000	95	0	42	47.250000	 22775898.9209874719
   417262.9999999440	   294687.3544921875	   294687.0000000000	363	1	42	47.250000	 22776390.9059086740
   417263.9999999669	   295936.3046875000	   295936.0000000000	312	1	42	46.750000	 22776882.9885515086
   417264.9999999896	   297186.0576171875	   297186.0000000000	59	1	42	47.250000	 22777375.6086615920
   417266.0000000113	   298435.7587890625	   298435.0000000000	777	1	42	47.250000	 22777867.8972175308
   417267.0000000328	   299685.7597656250	   299685.0000000000	778	1	42	47.000000	 22778360.1334228404
   417268.0000000547	   300935.3144531250	   300935.0000000000	322	1	42	46.750000	 22778853.2072392665
   417269.0000000767	   302184.5634765625	   302184.0000000000	577	1	42	47.000000	 22779346.8883237913
   417269.9999999246	   303433.6201171875	   303433.0000000000	635	0	42	46.750000	 22779839.6201653667
   417270.9999999501	   304683.1455078125	   304683.0000000000	149	1	42	46.500000	 22780332.8998935409
   417271.9999999749	   305932.6484375000	   305932.0000000000	664	1	42	46.500000	 22780826.8462208584
   417272.9999999985	   307182.1201171875	   307182.0000000000	123	1	42	46.750000	 22781320.1748101860
   417274.0000000217	   308431.1884765625	   308431.0000000000	193	1	42	46.750000	 22781813.7756233290
   417275.0000000441	   309680.5693359375	   309680.0000000000	583	1	42	46.750000	 22782304.6995707527
   417276.0000000689	   310930.2617187500	   310930.0000000000	268	1	42	46.500000	 22782797.3580707796
   417276.9999999182	   312180.4941406250	   312180.0000000000	506	0	42	46.250000	 22783289.4896238782
   417277.9999999426	   313431.8701171875	   313431.0000000000	891	1	42	46.750000	 22783783.3312498853
   417278.9999999650	   314683.3037109375	   314683.0000000000	311	1	42	46.250000	 22784276.5621182732
   417279.9999999884	   315935.0283203125	   315935.0000000000	29	1	42	46.250000	 22784769.8034565151
   417281.0000000114	   317186.5156250000	   317186.0000000000	528	1	42	46.000000	 22785262.9051930048
   417282.0000000341	   318437.4853515625	   318437.0000000000	497	1	42	46.250000	 22785756.0976708010
   417283.0000000564	   319689.1435546875	   319689.0000000000	147	1	42	46.000000	 22786248.4350871928
   417284.0000000806	   320941.2207031250	   320941.0000000000	226	1	42	46.000000	 22786742.2069123276
   417284.9999999287	   322193.4550781250	   322193.0000000000	466	0	42	45.750000	 22787235.8322058730
   417285.9999999510	   323446.0673828125	   323446.0000000000	69	1	42	45.500000	 22787729.0281738229
   417286.9999999740	   324698.7275390625	   324698.0000000000	745	1	42	45.500000	 22788223.2920959145
   417287.9999999960	   325951.4023437500	   325951.0000000000	412	1	42	45.750000	 22788717.6886400767
   417289.0000000176	   327204.4794921875	   327204.0000000000	491	1	42	45.750000	 22789210.2459296659
   417290.0000000406	   328458.0712890625	   328458.0000000000	73	1	42	45.750000	 22789703.8118423447
   417291.0000000633	   329712.4619140625	   329712.0000000000	473	1	42	46.250000	 22790196.9868699200
   417292.0000000855	   330967.5595703125	   330967.0000000000	573	1	42	46.000000	 22790690.4341212660
   417292.9999999321	   332223.1962890625	   332223.0000000000	201	0	42	46.000000	 22791183.6057091318
   417293.9999999529	   333479.2783203125	   333479.0000000000	285	1	42	45.500000	 22791677.6357987151
   417294.9999999743	   334735.1894531250	   334735.0000000000	194	1	42	45.750000	 22792171.8752909191
   417295.9999999963	   335990.8134765625	   335990.0000000000	833	1	42	46.250000	 22792665.8251090907
   417297.0000000196	   337246.6093750000	   337246.0000000000	624	1	42	46.000000	 22793159.7470065281
   417298.0000000436	   338503.1513671875	   338503.0000000000	155	1	42	46.250000	 22793653.8957567737
   417299.0000000675	   339759.8710937500	   339759.0000000000	892	1	42	46.500000	 22794148.8507078886
   417299.9999999163	   341016.7470703125	   341016.0000000000	765	0	42	46.500000	 22794642.9890380874
   417300.9999999403	   342273.8535156250	   342273.0000000000	874	1	42	46.750000	 22795137.9963398688
   417301.9999999648	   343530.8203125000	   343530.0000000000	840	1	42	46.750000	 22795633.2863353118
   417302.9999999889	   344788.0195312500	   344788.0000000000	20	1	42	46.750000	 22796128.4541792348
   417304.0000000125	   346045.3730468750	   346045.0000000000	382	1	42	47.250000	 22796624.0373388790
   417305.0000000343	   347303.2001953125	   347303.0000000000	205	1	42	47.250000	 22797117.6660727821
   417306.0000000576	   348561.3242187500	   348561.0000000000	332	1	42	47.000000	 22797611.7136119083
   417307.0000000787	   349819.5380859375	   349819.0000000000	551	1	42	46.750000	 22798105.5622189604
   417307.9999999264	   351077.1367187500	   351077.0000000000	140	0	42	47.250000	 22798600.6393720955
   417308.9999999477	   352335.4355468750	   352335.0000000000	446	1	42	47.250000	 22799094.8439638577
   417309.9999999724	   353594.7626953125	   353594.0000000000	781	1	42	47.500000	 22799589.5964920484
   417310.9999999962	   354854.8886718750	   354854.0000000000	910	1	42	47.500000	 22800083.4067078047
   417312.0000000203	   356115.2255859375	   356115.0000000000	231	1	42	47.000000	 22800579.1469194107
   417313.0000000433	   357375.7548828125	   357375.0000000000	773	1	42	47.000000	 22801073.4108414985
   417314.0000000675	   358636.6787109375	   358636.0000000000	695	1	42	46.500000	 22801567.6119423956
   417314.9999999169	   359897.6406250000	   359897.0000000000	656	0	42	46.250000	 22802062.9264182374
   417315.9999999387	   361158.4277343750	   361158.0000000000	438	1	42	46.500000	 22802558.3978969045
   417316.9999999590	   362418.9550781250	   362418.0000000000	978	1	42	47.000000	 22803054.0054878108
   417317.9999999802	   363679.6660156250	   363679.0000000000	682	1	42	46.750000	 22803548.4264625497
   417319.0000000024	   364940.6767578125	   364940.0000000000	693	1	42	46.250000	 22804042.0342560560
   417320.0000000243	   366202.1230468750	   366202.0000000000	126	1	42	45.750000	 22804536.5564419217
   417321.0000000459	   367464.6318359375	   367464.0000000000	647	1	42	46.500000	 22805030.1153749526
   417322.0000000669	   368727.8271484375	   368727.0000000000	847	1	42	45.750000	 22805524.0721734688
   417322.9999999132	   369990.9794921875	   369990.0000000000	1003	0	42	46.250000	 22806018.7130711749
   417323.9999999336	   371254.7871093750	   371254.0000000000	806	1	42	45.750000	 22806512.7815513760
   417324.9999999551	   372519.1376953125	   372519.0000000000	141	1	42	46.000000	 22807008.3088708743
   417325.9999999758	   373783.0224609375	   373783.0000000000	23	1	42	46.500000	 22807505.0577069782
   417326.9999999957	   375046.1367187500	   375046.0000000000	140	1	42	47.000000	 22808000.2395122983
   417328.0000000165	   376308.8388671875	   376308.0000000000	859	1	42	47.000000	 22808494.9850615039
   417329.0000000389	   377571.5732421875	   377571.0000000000	587	1	42	46.500000	 22808990.3797589168
   417330.0000000635	   378834.9472656250	   378834.0000000000	970	1	42	46.500000	 22809486.5457561389
   417331.0000000857	   380099.8203125000	   380099.0000000000	840	1	42	46.500000	 22809982.1568365134
   417331.9999999317	   381364.9492187500	   381364.0000000000	972	0	42	46.750000	 22810477.1572091244
   417332.9999999528	   382630.7001953125	   382630.0000000000	717	1	42	46.500000	 22810971.9900094122
   417333.9999999747	   383899.7607421875	   383899.0000000000	779	1	42	47.500000	 22811468.6585741043
   417334.9999999923	   385171.5244140625	   385171.0000000000	537	1	42	48.000000	 22811965.1456576250
   417336.0000000092	   386444.4824218750	   386444.0000000000	494	1	42	47.750000	 22812461.1720551215
   417337.0000000260	   387719.1132812500	   387719.0000000000	116	1	42	47.500000	 22812955.0171733461
   417338.0000000425	   388997.1855468750	   388997.0000000000	190	1	42	47.000000	 22813451.3332448751
   417339.0000000536	   390277.5986328125	   390277.0000000000	613	1	42	47.500000	 22813946.0264461562
   417340.0000000650	   391558.9462890625	   391558.0000000000	969	1	42	47.500000	 22814440.5381648764
   417341.0000000770	   392839.6191406250	   392839.0000000000	634	1	42	47.000000	 22814936.0829373337
   417341.9999999127	   394119.9355468750	   394119.0000000000	958	0	42	47.250000	 22815432.1617373377
   417342.9999999258	   395400.4931640625	   395400.0000000000	505	1	42	47.250000	 22815928.1811558455
   417343.9999999384	   396680.5937500000	   396680.0000000000	608	1	42	47.750000	 22816424.2040645257
   417344.9999999509	   397960.1611328125	   397960.0000000000	165	1	42	47.750000	 22816920.0315306336
   417345.9999999650	   399239.7070312500	   399239.0000000000	724	1	42	47.750000	 22817416.0788692161
   417346.9999999806	   400519.7958984375	   400519.0000000000	815	1	42	47.750000	 22817913.5641066879
   417347.9999999962	   401799.5791015625	   401799.0000000000	593	1	42	47.750000	 22818410.4769764766
   417349.0000000102	   403078.9863281250	   403078.0000000000	1010	1	42	48.000000	 22818905.4877711646
   417350.0000000258	   404358.4150390625	   404358.0000000000	425	1	42	47.750000	 22819402.4006409533
   417351.0000000412	   405638.4238281250	   405638.0000000000	434	1	42	47.750000	 22819899.6555354148
   417352.0000000561	   406918.2304687500	   406918.0000000000	236	1	42	48.000000	 22820395.2142672352
   417353.0000000715	   408198.6953125000	   408198.0000000000	712	1	42	47.500000	 22820890.6613173671
   417353.9999999120	   409479.7148437500	   409479.0000000000	732	0	42	47.500000	 22821386.7401159965
   417354.9999999271	   410760.7763671875	   410760.0000000000	795	1	42	47.750000	 22821883.2097499818
   417355.9999999410	   412042.3398437500	   412042.0000000000	348	1	42	47.750000	 22822380.6007566936
   417356.9999999551	   413324.0927734375	   413324.0000000000	95	1	42	48.000000	 22822876.7911871932
   417357.9999999695	   414605.7802734375	   414605.0000000000	799	1	42	47.750000	 22823372.7652347200
   417358.9999999856	   415887.6162109375	   415887.0000000000	631	1	42	47.750000	 22823869.8177062497
   417360.0000000026	   417170.0439453125	   417170.0000000000	45	1	42	48.000000	 22824368.1684749499
   417361.0000000184	   418453.1972656250	   418453.0000000000	202	1	42	48.000000	 22824865.5629711524
   417362.0000000331	   419736.5341796875	   419736.0000000000	547	1	42	48.000000	 22825361.9104535915
   417363.0000000483	   421019.2294921875	   421019.0000000000	235	1	42	47.750000	 22825858.8617140055
   417364.0000000633	   422301.7402343750	   422301.0000000000	758	1	42	48.000000	 22826356.1724493094
   417365.0000000791	   423584.5712890625	   423584.0000000000	585	1	42	47.500000	 22826853.5669455118
   417365.9999999207	   424867.2539062500	   424867.0000000000	260	0	42	47.250000	 22827350.9789417461
   417366.9999999357	   426150.4687500000	   426150.0000000000	480	1	42	47.500000	 22827848.0034932010
   417367.9999999513	   427434.6230468750	   427434.0000000000	638	1	42	47.250000	 22828346.0610983633
   417368.9999999659	   428719.3701171875	   428719.0000000000	379	1	42	47.750000	 22828844.3769672960
   417369.9999999791	   430004.7099609375	   430004.0000000000	727	1	42	47.250000	 22829341.4329296909
   417370.9999999934	   431290.7421875000	   431290.0000000000	760	1	42	47.250000	 22829837.9444444701
   417372.0000000060	   432577.4960937500	   432577.0000000000	508	1	42	47.000000	 22830333.8242612444
   417373.0000000204	   433864.4892578125	   433864.0000000000	501	1	42	46.750000	 22830831.0861360542
   417374.0000000335	   435151.4521484375	   435151.0000000000	463	1	42	46.750000	 22831327.9815563224
   417375.0000000467	   436438.1191406250	   436438.0000000000	122	1	42	47.250000	 22831824.1615169644
   417376.0000000604	   437724.7929687500	   437724.0000000000	812	1	42	47.250000	 22832320.3554376364
   417377.0000000754	   439012.1787109375	   439012.0000000000	183	1	42	46.750000	 22832816.8250716329
   417378.0000000847	   440299.5078125000	   440299.0000000000	520	1	42	46.750000	 22833312.8375111111
   417378.9999999232	   441586.8115234375	   441586.0000000000	831	0	42	46.750000	 22833808.5917359889
   417379.9999999382	   442874.9882812500	   442874.0000000000	1012	1	42	46.750000	 22834304.7751861326
   417380.9999999515	   444163.8281250000	   444163.0000000000	848	1	42	47.000000	 22834801.4193229750
   417381.9999999647	   445452.6015625000	   445452.0000000000	616	1	42	46.500000	 22835299.3338368982
   417382.9999999782	   446741.1337890625	   446741.0000000000	137	1	42	47.000000	 22835797.1750597730
   417383.9999999922	   448029.8330078125	   448029.0000000000	853	1	42	46.750000	 22836294.3322332911
   417385.0000000077	   449319.2792968750	   449319.0000000000	286	1	42	46.250000	 22836792.6585720964
   417386.0000000224	   450610.5390625000	   450610.0000000000	552	1	42	46.750000	 22837290.8662495203
   417387.0000000353	   451902.6865234375	   451902.0000000000	703	1	42	47.250000	 22837788.2642366104
   417388.0000000485	   453194.6484375000	   453194.0000000000	664	1	42	46.000000	 22838287.3060356937
   417389.0000000590	   454486.6171875000	   454486.0000000000	632	1	42	45.750000	 22838784.9902072810
   417390.0000000708	   455779.4414062500	   455779.0000000000	452	1	42	47.000000	 22839284.0424768999
   417391.0000000828	   457073.3369140625	   457073.0000000000	345	1	42	47.000000	 22839781.8941703178
   417391.9999999194	   458368.1533203125	   458368.0000000000	157	0	42	46.750000	 22840280.3636521921
   417392.9999999295	   459663.4472656250	   459663.0000000000	458	1	42	47.250000	 22840778.3549480326
   417393.9999999413	   460959.6113281250	   460959.0000000000	626	1	42	46.500000	 22841276.5661163367
   417394.9999999520	   462256.1699218750	   462256.0000000000	174	1	42	46.500000	 22841774.7319143526
   417395.9999999633	   463553.4892578125	   463553.0000000000	501	1	42	46.250000	 22842272.4998468570
   417396.9999999740	   464852.1953125000	   464852.0000000000	200	1	42	46.500000	 22842771.3636542633
   417397.9999999812	   466151.4052734375	   466151.0000000000	415	1	42	47.000000	 22843268.9117149822
   417398.9999999893	   467451.1826171875	   467451.0000000000	187	1	42	46.500000	 22843766.1491612755
   417399.9999999982	   468751.9052734375	   468751.0000000000	927	1	42	46.500000	 22844263.9170944616
   417401.0000000061	   470054.1679687500	   470054.0000000000	172	1	42	47.000000	 22844762.8192931712
   417402.0000000124	   471358.6308593750	   471358.0000000000	646	1	42	48.000000	 22845260.9467019141
   417403.0000000174	   472664.5693359375	   472664.0000000000	583	1	42	47.250000	 22845759.8349412903
   417404.0000000224	   473971.4453125000	   473971.0000000000	456	1	42	47.250000	 22846257.2748111933
   417405.0000000268	   475278.0351562500	   475278.0000000000	36	1	42	45.750000	 22846756.4352743365
   417406.0000000318	   476584.6923828125	   476584.0000000000	709	1	42	46.500000	 22847255.3060634620
   417407.0000000371	   477891.7646484375	   477891.0000000000	783	1	42	46.000000	 22847753.8522781655
   417408.0000000420	   479199.6757812500	   479199.0000000000	692	1	42	45.500000	 22848252.7230672874
   417409.0000000463	   480509.9414062500	   480509.0000000000	964	1	42	46.500000	 22848751.2413618676
   417410.0000000482	   481822.8378906250	   481822.0000000000	858	1	42	47.250000	 22849250.3494750559
   417411.0000000485	   483136.8574218750	   483136.0000000000	878	1	42	47.500000	 22849749.2726162001
   417412.0000000484	   484450.6933593750	   484450.0000000000	710	1	42	46.500000	 22850247.1976040751
   417413.0000000509	   485764.8720703125	   485764.0000000000	893	1	42	46.500000	 22850745.1923921555
   417414.0000000547	   487079.4980468750	   487079.0000000000	510	1	42	46.500000	 22851243.2674509436
   417415.0000000578	   488395.7294921875	   488395.0000000000	747	1	42	46.000000	 22851741.8834671825
   417416.0000000577	   489713.1621093750	   489713.0000000000	166	1	42	46.250000	 22852240.9531904124
   417417.0000000598	   491030.7685546875	   491030.0000000000	787	1	42	46.750000	 22852740.8291138485
   417418.0000000591	   492348.9902343750	   492348.0000000000	1014	1	42	46.250000	 22853238.8832336292
   417419.0000000586	   493669.1005859375	   493669.0000000000	103	1	42	46.000000	 22853737.8133551180
   417420.0000000559	   494989.4580078125	   494989.0000000000	469	1	42	46.500000	 22854236.4014526643
   417421.0000000539	   496309.4863281250	   496309.0000000000	498	1	42	46.250000	 22854735.9144123830
   417422.0000000505	   497628.8466796875	   497628.0000000000	867	1	42	46.750000	 22855234.8654749803
   417423.0000000498	   498948.4199218750	   498948.0000000000	430	1	42	47.000000	 22855733.4745122008
   417424.0000000490	   500267.9853515625	   500267.0000000000	1009	1	42	46.750000	 22856234.0519359037
   417425.0000000500	   501587.8486328125	   501587.0000000000	869	1	42	46.500000	 22856733.0239375420
   417426.0000000516	   502908.2597656250	   502908.0000000000	266	1	42	46.000000	 22857232.3135332540
   417427.0000000509	   504229.6435546875	   504229.0000000000	659	1	42	46.500000	 22857731.2087543085
   417428.0000000504	   505552.2099609375	   505552.0000000000	215	1	42	46.750000	 22858231.1754197218
   417429.0000000495	   506875.0058593750	   506875.0000000000	6	1	42	46.250000	 22858731.1455752924
   417430.0000000485	   508198.3554687500	   508198.0000000000	364	1	42	46.250000	 22859229.3811775967
   417431.0000000487	   509521.7939453125	   509521.0000000000	813	1	42	45.750000	 22859728.5381519496
   417432.0000000466	   510846.1259765625	   510846.0000000000	129	1	42	45.500000	 22860227.3007516414
   417433.0000000444	   512170.9082031250	   512170.0000000000	930	1	42	46.000000	 22860727.7630041651
   417434.0000000408	   513495.6816406250	   513495.0000000000	698	1	42	45.750000	 22861227.5028174147
   417435.0000000385	   514819.9101562500	   514819.0000000000	932	1	42	46.000000	 22861728.4850869775
   417436.0000000345	   516143.9072265625	   516143.0000000000	929	1	42	47.000000	 22862228.1201989204
   417437.0000000325	   517468.0615234375	   517468.0000000000	63	1	42	46.250000	 22862727.3295245916
   417438.0000000345	   518792.4775390625	   518792.0000000000	489	1	42	46.000000	 22863228.1721910834
   417439.0000000342	   520117.3330078125	   520117.0000000000	341	1	42	46.500000	 22863728.6204828806
   417440.0000000334	   521442.9912109375	   521442.0000000000	1015	1	42	46.750000	 22864229.9133662060
   417441.0000000307	   522769.6923828125	   522769.0000000000	709	1	42	47.000000	 22864730.6652927510
   417442.0000000283	   524096.6542968750	   524096.0000000000	670	1	42	47.250000	 22865230.7541103549
   417443.0000000257	   525423.5214843750	   525423.0000000000	534	1	42	47.000000	 22865730.0751177147
   417444.0000000241	   526750.5400390625	   526750.0000000000	553	1	42	46.250000	 22866230.2825966515
   417445.0000000226	   528078.0556640625	   528078.0000000000	57	1	42	46.250000	 22866730.2213419750
   417446.0000000210	   529406.6728515625	   529406.0000000000	689	1	42	46.750000	 22867230.4288209155
   417447.0000000181	   530736.1816406250	   530736.0000000000	186	1	42	46.250000	 22867730.2349448800
   417448.0000000153	   532066.4169921875	   532066.0000000000	427	1	42	46.750000	 22868230.3621530756
   417449.0000000110	   533396.1171875000	   533396.0000000000	120	1	42	46.750000	 22868730.4649314061
   417450.0000000075	   534725.6621093750	   534725.0000000000	678	1	42	47.000000	 22869230.2396450900
   417451.0000000056	   536055.1181640625	   536055.0000000000	121	1	42	46.500000	 22869730.3598729409
   417452.0000000026	   537384.7128906250	   537384.0000000000	730	1	42	46.750000	 22870230.4172802977
   417453.0000000001	   538714.7138671875	   538714.0000000000	731	1	42	47.000000	 22870731.1866570935
   417453.9999999976	   540045.3554687500	   540045.0000000000	364	1	42	47.250000	 22871233.1182194538
   417454.9999999938	   541376.6718750000	   541376.0000000000	688	1	42	47.750000	 22871733.9678676426
   417455.9999999900	   542708.0830078125	   542708.0000000000	85	1	42	47.750000	 22872234.6569736935
   417456.9999999867	   544040.1542968750	   544040.0000000000	158	1	42	47.500000	 22872735.1820474230
   417457.9999999842	   545372.9072265625	   545372.0000000000	929	1	42	48.000000	 22873236.8274259493
   417458.9999999801	   546705.6855468750	   546705.0000000000	702	1	42	47.750000	 22873737.4292809144
   417459.9999999763	   548038.1738281250	   548038.0000000000	178	1	42	47.750000	 22874237.3854771368
   417460.9999999729	   549370.9355468750	   549370.0000000000	958	1	42	47.250000	 22874737.3381831795
   417461.9999999694	   550703.2958984375	   550703.0000000000	303	1	42	47.750000	 22875238.2750824541
   417462.9999999675	   552035.6357421875	   552035.0000000000	651	1	42	47.500000	 22875738.9327775687
   417463.9999999646	   553368.9169921875	   553368.0000000000	939	1	42	47.250000	 22876239.1856274940
   417464.9999999619	   554702.5917968750	   554702.0000000000	606	1	42	47.500000	 22876738.7579182424
   417465.9999999586	   556036.2832031250	   556036.0000000000	290	1	42	46.750000	 22877240.4626277834
   417466.9999999551	   557370.1113281250	   557370.0000000000	114	1	42	47.500000	 22877740.6666172370
   417467.9999999523	   558704.1699218750	   558704.0000000000	174	1	42	46.500000	 22878240.9194671586
   417468.9999999501	   560038.0595703125	   560038.0000000000	61	1	42	47.000000	 22878742.6695469953
   417469.9999999485	   561372.3359375000	   561372.0000000000	344	1	42	46.750000	 22879244.8628626317
   417470.9999999464	   562707.6826171875	   562707.0000000000	699	1	42	47.250000	 22879746.6303926818
   417471.9999999423	   564042.7490234375	   564042.0000000000	767	1	42	47.500000	 22880247.2147974297
   417472.9999999384	   565378.3583984375	   565378.0000000000	367	1	42	47.000000	 22880747.5828192011
   417473.9999999370	   566714.7031250000	   566714.0000000000	720	1	42	47.000000	 22881249.9890276268
   417474.9999999334	   568051.0947265625	   568051.0000000000	97	1	42	47.250000	 22881752.3219456896
   417475.9999999305	   569388.0644531250	   569388.0000000000	66	1	42	47.500000	 22882254.5606323071
   417476.9999999264	   570725.1943359375	   570725.0000000000	199	1	42	47.500000	 22882755.2881289721
   417477.9999999221	   572062.4121093750	   572062.0000000000	422	1	42	46.750000	 22883257.1080103591
   417478.9999999172	   573399.7031250000	   573399.0000000000	720	1	42	47.000000	 22883758.4846559428
   417479.9999999136	   574737.3320312500	   574737.0000000000	340	1	42	46.750000	 22884259.9415722527
   417481.0000000852	   576075.6562500000	   576075.0000000000	672	2	42	46.750000	 22884761.1052745543
   417482.0000000816	   577413.8681640625	   577413.0000000000	889	1	42	46.500000	 22885263.2951006964
   417483.0000000774	   578752.0361328125	   578752.0000000000	37	1	42	46.750000	 22885765.7222502083
   417484.0000000725	   580090.5595703125	   580090.0000000000	573	1	42	47.000000	 22886266.7952617183
   417485.0000000683	   581429.5234375000	   581429.0000000000	536	1	42	46.250000	 22886767.3447660282
   417486.0000000636	   582769.0742187500	   582769.0000000000	76	1	42	46.750000	 22887266.8961170726
   417487.0000000597	   584109.2968750000	   584109.0000000000	304	1	42	46.250000	 22887766.5661294498
   417488.0000000556	   585449.8896484375	   585449.0000000000	911	1	42	45.500000	 22888267.4541682452
   417489.0000000520	   586791.1113281250	   586791.0000000000	114	1	42	45.500000	 22888768.0525330529
   417490.0000000488	   588132.9707031250	   588132.0000000000	994	1	42	45.750000	 22889271.0625200942
   417491.0000000432	   589474.9570312500	   589474.0000000000	980	1	42	46.000000	 22889774.5017835982
   417492.0000000369	   590818.1445312500	   590818.0000000000	148	1	42	46.500000	 22890276.4263669848
   417493.0000000310	   592162.4843750000	   592162.0000000000	496	1	42	46.250000	 22890778.9198278747
   417494.0000000232	   593507.7851562500	   593507.0000000000	804	1	42	46.250000	 22891279.6926961914
   417495.0000000152	   594853.6669921875	   594853.0000000000	683	1	42	45.750000	 22891781.3974070922
   417496.0000000083	   596200.6015625000	   596200.0000000000	616	1	42	45.750000	 22892282.7182125077
   417497.0000000014	   597547.8554687500	   597547.0000000000	876	1	42	45.500000	 22892785.3442954570
   417497.9999999941	   598895.1982421875	   598895.0000000000	203	1	42	45.750000	 22893287.8482268937
   417498.9999999861	   600243.3017578125	   600243.0000000000	309	1	42	45.500000	 22893790.4114893340
   417499.9999999790	   601593.4267578125	   601593.0000000000	437	1	42	46.250000	 22894294.8279663958
   417500.9999999687	   602944.8232421875	   602944.0000000000	843	1	42	47.000000	 22894797.4435801655
   417501.9999999593	   604297.5146484375	   604297.0000000000	527	1	42	46.500000	 22895300.5722306147
   417502.9999999475	   605651.2822265625	   605651.0000000000	289	1	42	46.750000	 22895803.5926902555
   417503.9999999366	   607006.3066406250	   607006.0000000000	314	1	42	46.750000	 22896308.0021883249
   417504.9999999241	   608361.8642578125	   608361.0000000000	885	1	42	47.000000	 22896811.0994291976
   417505.9999999126	   609717.4599609375	   609717.0000000000	471	1	42	46.500000	 22897314.0465977937
   417507.0000000760	   611073.3076171875	   611073.0000000000	315	2	42	46.250000	 22897817.5067532435
   417508.0000000647	   612429.3095703125	   612429.0000000000	317	1	42	46.750000	 22898321.0960903913
   417509.0000000540	   613786.3339843750	   613786.0000000000	342	1	42	47.250000	 22898824.6993875988
   417510.0000000417	   615143.3144531250	   615143.0000000000	322	1	42	47.500000	 22899329.2973485477
   417511.0000000276	   616500.4277343750	   616500.0000000000	438	1	42	47.000000	 22899831.6023492627
   417512.0000000159	   617857.5097656250	   617857.0000000000	522	1	42	46.500000	 22900335.3557187505
   417513.0000000031	   619214.9101562500	   619214.0000000000	932	1	42	46.500000	 22900837.5071569979
   417513.9999999914	   620572.9589843750	   620572.0000000000	982	1	42	46.500000	 22901339.5259731859
   417514.9999999796	   621931.9980468750	   621931.0000000000	1022	1	42	46.250000	 22901841.9740651399
   417515.9999999681	   623291.7500000000	   623291.0000000000	768	1	42	46.500000	 22902345.2074175738
   417516.9999999551	   624652.7187500000	   624652.0000000000	736	1	42	46.750000	 22902848.5594320372
   417517.9999999413	   626014.5000000000	   626014.0000000000	512	1	42	47.000000	 22903351.5589519665
   417518.9999999263	   627378.1855468750	   627378.0000000000	190	1	42	46.500000	 22903853.7452913411
   417520.0000000855	   628744.3837890625	   628744.0000000000	393	2	42	46.500000	 22904357.0763162859
   417521.0000000685	   630112.2871093750	   630112.0000000000	294	1	42	46.500000	 22904861.5311866663
   417522.0000000503	   631480.8652343750	   631480.0000000000	886	1	42	46.750000	 22905365.3508688994
   417523.0000000310	   632848.2402343750	   632848.0000000000	246	1	42	46.500000	 22905868.1060871482
   417524.0000000139	   634215.8291015625	   634215.0000000000	849	1	42	46.500000	 22906370.9520459808
   417524.9999999972	   635583.4121093750	   635583.0000000000	422	1	42	46.250000	 22906875.9234432317
   417525.9999999802	   636951.3896484375	   636951.0000000000	399	1	42	46.500000	 22907379.6454038061
   417526.9999999642	   638319.4355468750	   638319.0000000000	446	1	42	46.250000	 22907883.6989185251
   417527.9999999473	   639687.9453125000	   639687.0000000000	968	1	42	45.750000	 22908387.0439539924
   417528.9999999311	   641056.6494140625	   641056.0000000000	665	1	42	46.000000	 22908891.7256772332
   417529.9999999137	   642425.6708984375	   642425.0000000000	687	1	42	45.750000	 22909395.3603867218
   417531.0000000735	   643795.3681640625	   643795.0000000000	377	2	42	46.000000	 22909898.8484636284
   417532.0000000575	   645165.0292968750	   645165.0000000000	30	1	42	45.500000	 22910402.4552523568
   417533.0000000424	   646534.6259765625	   646534.0000000000	641	1	42	45.250000	 22910906.4843365029
   417534.0000000270	   647904.7539062500	   647904.0000000000	772	1	42	45.250000	 22911410.1225354783
   417535.0000000115	   649275.5576171875	   649275.0000000000	571	1	42	45.750000	 22911914.6018357947
   417535.9999999955	   650646.8115234375	   650646.0000000000	831	1	42	45.750000	 22912417.7967989706
   417536.9999999804	   652018.4140625000	   652018.0000000000	424	1	42	45.000000	 22912921.2360652052
   417537.9999999633	   653390.1337890625	   653390.0000000000	137	1	42	45.000000	 22913424.9580257796
   417538.9999999468	   654762.2685546875	   654762.0000000000	275	1	42	45.250000	 22913929.6955898553
   417539.9999999292	   656134.7929687500	   656134.0000000000	812	1	42	45.000000	 22914433.5466823205
   417541.0000000860	   657507.6220703125	   657507.0000000000	637	2	42	45.000000	 22914937.0033496432
   417542.0000000673	   658880.0488281250	   658880.0000000000	50	1	42	44.750000	 22915439.9505202882
   417543.0000000485	   660252.7207031250	   660252.0000000000	738	1	42	44.750000	 22915943.8818841428
   417544.0000000307	   661625.6015625000	   661625.0000000000	616	1	42	45.250000	 22916447.0733578354
   417545.0000000138	   662998.5263671875	   662998.0000000000	539	1	42	44.750000	 22916949.9891175367
   417545.9999999971	   664371.1367187500	   664371.0000000000	140	1	42	44.750000	 22917455.1036067307
   417546.9999999789	   665743.5146484375	   665743.0000000000	527	1	42	45.250000	 22917959.7643902525
   417547.9999999616	   667115.6738281250	   667115.0000000000	690	1	42	45.500000	 22918464.0063678659
   417548.9999999460	   668487.7705078125	   668487.0000000000	789	1	42	45.250000	 22918968.8625932820
   417549.9999999311	   669859.9023437500	   669859.0000000000	924	1	42	45.250000	 22919473.6769379005
   417550.9999999152	   671232.1699218750	   671232.0000000000	174	1	42	45.000000	 22919977.4617189951
   417552.0000000747	   672605.1376953125	   672605.0000000000	141	2	42	44.750000	 22920481.7210963257
   417553.0000000579	   673977.7998046875	   673977.0000000000	819	1	42	44.750000	 22920985.5303079896
   417554.0000000416	   675350.1093750000	   675350.0000000000	112	1	42	45.000000	 22921490.1771307997
   417555.0000000249	   676722.5830078125	   676722.0000000000	597	1	42	45.250000	 22921993.7350590676
   417556.0000000106	   678095.2451171875	   678095.0000000000	251	1	42	45.000000	 22922498.7064556368
   417556.9999999956	   679468.3486328125	   679468.0000000000	357	1	42	44.750000	 22923003.3428079076
   417557.9999999793	   680841.4179687500	   680841.0000000000	428	1	42	45.000000	 22923509.4380001463
   417558.9999999623	   682214.3710937500	   682214.0000000000	380	1	42	45.750000	 22924015.0201557092
   417559.9999999468	   683588.2695312500	   683588.0000000000	276	1	42	46.250000	 22924519.9287317805
   417560.9999999299	   684962.4814453125	   684962.0000000000	493	1	42	46.250000	 22925025.2596039362
   417561.9999999134	   686335.7597656250	   686335.0000000000	778	1	42	46.250000	 22925531.3024455234
   417563.0000000721	   687708.8642578125	   687708.0000000000	885	2	42	47.000000	 22926036.4971556291
   417564.0000000572	   689081.9365234375	   689081.0000000000	959	1	42	46.250000	 22926541.7058755644
   417565.0000000436	   690455.5380859375	   690455.0000000000	551	1	42	46.750000	 22927045.6162976772
   417566.0000000303	   691829.3798828125	   691829.0000000000	389	1	42	46.000000	 22927550.7587062679
   417567.0000000162	   693203.0351562500	   693203.0000000000	36	1	42	45.750000	 22928057.0877310298
   417568.0000000022	   694576.6533203125	   694576.0000000000	669	1	42	46.250000	 22928562.9874799922
   417568.9999999882	   695949.9902343750	   695949.0000000000	1014	1	42	45.500000	 22929068.9221294113
   417569.9999999742	   697324.1796875000	   697324.0000000000	184	1	42	46.000000	 22929573.5515013151
   417570.9999999608	   698698.5869140625	   698698.0000000000	601	1	42	46.000000	 22930079.5350112058
   417571.9999999473	   700072.9423828125	   700072.0000000000	965	1	42	45.750000	 22930586.1816300526
   417572.9999999350	   701447.3759765625	   701447.0000000000	385	1	42	46.000000	 22931091.9068761729
   417573.9999999214	   702821.7587890625	   702821.0000000000	777	1	42	45.750000	 22931597.3564089946
   417575.0000000835	   704197.2919921875	   704197.0000000000	299	2	42	46.000000	 22932102.8652223423
   417576.0000000691	   705574.4160156250	   705574.0000000000	426	1	42	46.500000	 22932608.3740861714
   417577.0000000540	   706953.8974609375	   706953.0000000000	919	1	42	46.750000	 22933114.4064571969
   417578.0000000361	   708334.7714843750	   708334.0000000000	790	1	42	47.000000	 22933619.7268595174
   417579.0000000179	   709718.3925781250	   709718.0000000000	402	1	42	46.750000	 22934125.8185622431
   417579.9999999949	   711104.9453125000	   711104.0000000000	968	1	42	47.500000	 22934631.2122569643
   417580.9999999714	   712493.1142578125	   712493.0000000000	117	1	42	47.500000	 22935136.4314495064
   417581.9999999473	   713881.8779296875	   713881.0000000000	899	1	42	46.750000	 22935641.4761398658
   417582.9999999235	   715271.5781250000	   715271.0000000000	592	1	42	46.500000	 22936145.8926217034
   417584.0000000756	   716662.5869140625	   716662.0000000000	601	2	42	46.500000	 22936652.2285790518
   417585.0000000508	   718053.6933593750	   718053.0000000000	710	1	42	46.250000	 22937158.6378779486
   417586.0000000275	   719445.0644531250	   719445.0000000000	66	1	42	46.750000	 22937665.9301582389
   417587.0000000033	   720836.6289062500	   720836.0000000000	644	1	42	47.000000	 22938172.2452256978
   417587.9999999804	   722228.5097656250	   722228.0000000000	522	1	42	46.500000	 22938678.6580140740
   417588.9999999568	   723621.0419921875	   723621.0000000000	43	1	42	46.500000	 22939184.2715819441
   417589.9999999336	   725014.2871093750	   725014.0000000000	294	1	42	46.250000	 22939689.5780255683
   417591.0000000848	   726408.5136718750	   726408.0000000000	526	2	42	46.000000	 22940195.5091377236
   417592.0000000607	   727803.2138671875	   727803.0000000000	219	1	42	45.500000	 22940702.0021975189
   417593.0000000353	   729198.5966796875	   729198.0000000000	611	1	42	46.000000	 22941208.2195440233
   417594.0000000101	   730594.5859375000	   730594.0000000000	600	1	42	46.000000	 22941714.8103254437
   417594.9999999845	   731990.7353515625	   731990.0000000000	753	1	42	46.000000	 22942221.1184131987
   417595.9999999588	   733388.1933593750	   733388.0000000000	198	1	42	46.250000	 22942727.5346924476
   417596.9999999314	   734787.0000000000	   734787.0000000000	0	1	42	46.750000	 22943233.1587315388
   417598.0000000792	   736186.5009765625	   736186.0000000000	513	2	42	46.500000	 22943738.3639149182
   417599.0000000537	   737586.8974609375	   737586.0000000000	919	1	42	46.000000	 22944244.8674452491
   417600.0000000263	   738988.3046875000	   738988.0000000000	312	1	42	46.000000	 22944750.9207601137
   417600.9999999985	   740391.3642578125	   740391.0000000000	373	1	42	45.750000	 22945258.0141090304
   417601.9999999690	   741795.9335937500	   741795.0000000000	956	1	42	46.250000	 22945763.4392160475
   417602.9999999384	   743200.8447265625	   743200.0000000000	865	1	42	45.250000	 22946269.3738702387
   417604.0000000845	   744606.1933593750	   744606.0000000000	198	2	42	45.250000	 22946776.0937344395
   417605.0000000561	   746011.2070312500	   746011.0000000000	212	1	42	45.500000	 22947284.2829582393
   417606.0000000262	   747416.8164062500	   747416.0000000000	836	1	42	46.000000	 22947791.4461087212
   417606.9999999962	   748823.5097656250	   748823.0000000000	522	1	42	46.000000	 22948298.3056251407
   417607.9999999664	   750230.8173828125	   750230.0000000000	837	1	42	46.250000	 22948804.7707662284
   417608.9999999359	   751638.1669921875	   751638.0000000000	171	1	42	45.250000	 22949310.4715872332
   417610.0000000820	   753046.5625000000	   753046.0000000000	576	2	42	45.500000	 22949818.1930948645
   417611.0000000510	   754455.4121093750	   754455.0000000000	422	1	42	46.000000	 22950324.5954154469
   417612.0000000200	   755864.7138671875	   755864.0000000000	731	1	42	45.750000	 22950830.5684602633
   417612.9999999900	   757274.3466796875	   757274.0000000000	355	1	42	45.250000	 22951337.7316107266
   417613.9999999602	   758683.8144531250	   758683.0000000000	834	1	42	45.250000	 22951845.6276710369
   417614.9999999280	   760092.9833984375	   760092.0000000000	1007	1	42	45.750000	 22952352.5395387858
   417616.0000000722	   761502.6298828125	   761502.0000000000	645	2	42	45.500000	 22952858.5404538698
   417617.0000000427	   762912.5029296875	   762912.0000000000	515	1	42	45.000000	 22953365.3790298924
   417618.0000000137	   764322.3388671875	   764322.0000000000	347	1	42	45.500000	 22953874.8246707395
   417618.9999999818	   765731.4667968750	   765731.0000000000	478	1	42	46.000000	 22954382.1274236515
   417619.9999999506	   767140.2734375000	   767140.0000000000	280	1	42	46.250000	 22954890.1770464219
   417620.9999999206	   768548.9990234375	   768548.0000000000	1023	1	42	46.000000	 22955398.4674820565
   417622.0000000664	   769957.9062500000	   769957.0000000000	928	2	42	46.250000	 22955906.6392058656
   417623.0000000374	   771366.8623046875	   771366.0000000000	883	1	42	46.250000	 22956414.7970194221
   417624.0000000086	   772775.9501953125	   772775.0000000000	973	1	42	46.750000	 22956923.4539096467
   417624.9999999799	   774185.6621093750	   774185.0000000000	678	1	42	47.000000	 22957431.1091563888
   417625.9999999513	   775595.9667968750	   775595.0000000000	990	1	42	47.250000	 22957939.4065717012
   417626.9999999218	   777006.7607421875	   777006.0000000000	779	1	42	47.250000	 22958447.3898830935
   417628.0000000678	   778419.0947265625	   778419.0000000000	97	2	42	47.250000	 22958955.7744996883
   417629.0000000368	   779832.6542968750	   779832.0000000000	670	1	42	47.500000	 22959463.7857318223
   417630.0000000051	   781246.4326171875	   781246.0000000000	443	1	42	47.250000	 22959972.6799461134
   417630.9999999721	   782660.0791015625	   782660.0000000000	81	1	42	46.750000	 22960480.3491542563
   417631.9999999393	   784073.4589843750	   784073.0000000000	470	1	42	47.000000	 22960987.6588875204
   417633.0000000834	   785487.4658203125	   785487.0000000000	477	2	42	46.750000	 22961495.3245550208
   417634.0000000531	   786901.6679687500	   786901.0000000000	684	1	42	46.750000	 22962003.2415557206
   417635.0000000215	   788316.0380859375	   788316.0000000000	39	1	42	46.500000	 22962510.9177435264
   417635.9999999907	   789730.9082031250	   789730.0000000000	930	1	42	46.750000	 22963018.9464259110
   417636.9999999591	   791145.8574218750	   791145.0000000000	878	1	42	47.000000	 22963527.3206231371
   417637.9999999279	   792560.5615234375	   792560.0000000000	575	1	42	46.500000	 22964035.5307880454
   417639.0000000718	   793975.1142578125	   793975.0000000000	117	2	42	46.500000	 22964543.7164725587
   417640.0000000409	   795389.0449218750	   795389.0000000000	46	1	42	46.250000	 22965050.7260612696
   417641.0000000108	   796802.8417968750	   796802.0000000000	862	1	42	45.750000	 22965558.2661368586
   417641.9999999817	   798216.7089843750	   798216.0000000000	726	1	42	45.750000	 22966066.1203163639
   417642.9999999524	   799630.6904296875	   799630.0000000000	707	1	42	45.250000	 22966574.1908788458
   417643.9999999239	   801044.9306640625	   801044.0000000000	953	1	42	45.500000	 22967082.0590183921
   417645.0000000702	   802459.4189453125	   802459.0000000000	429	2	42	45.000000	 22967590.6739779897
   417646.0000000400	   803873.6367187500	   803873.0000000000	652	1	42	45.250000	 22968098.9120629877
   417647.0000000104	   805287.9082031250	   805287.0000000000	930	1	42	45.250000	 22968607.4502918422
   417647.9999999804	   806702.1542968750	   806702.0000000000	158	1	42	45.250000	 22969116.0269113220
   417648.9999999519	   808116.4775390625	   808116.0000000000	489	1	42	45.250000	 22969625.5947037116
   417649.9999999230	   809530.3759765625	   809530.0000000000	385	1	42	45.500000	 22970135.2357871570
   417651.0000000684	   810943.9755859375	   810943.0000000000	999	2	42	46.500000	 22970645.0024625100
   417652.0000000395	   812356.6367187500	   812356.0000000000	652	1	42	46.500000	 22971154.6260957234
   417653.0000000118	   813768.7890625000	   813768.0000000000	808	1	42	47.000000	 22971664.0089154094
   417653.9999999853	   815180.7783203125	   815180.0000000000	797	1	42	47.000000	 22972172.2016287223
   417654.9999999597	   816592.8964843750	   816592.0000000000	918	1	42	46.000000	 22972681.5320970602
   417655.9999999341	   818005.4462890625	   818005.0000000000	457	1	42	46.000000	 22973190.6845730431
   417657.0000000822	   819418.2656250000	   819418.0000000000	272	2	42	45.750000	 22973700.0010315254
   417658.0000000541	   820830.3320312500	   820830.0000000000	340	1	42	46.000000	 22974208.2949566692
   417659.0000000271	   822241.9941406250	   822241.0000000000	1018	1	42	46.500000	 22974715.9013422728
   417660.0000000015	   823653.7011718750	   823653.0000000000	718	1	42	46.000000	 22975224.6419926956
   417660.9999999768	   825065.3369140625	   825065.0000000000	345	1	42	45.500000	 22975732.9289367944
   417661.9999999520	   826477.1611328125	   826477.0000000000	165	1	42	45.500000	 22976240.9296970442
   417662.9999999281	   827888.6982421875	   827888.0000000000	715	1	42	45.250000	 22976749.3178522587
   417664.0000000767	   829300.0908203125	   829300.0000000000	93	2	42	45.500000	 22977256.9137175158
   417665.0000000509	   830710.9580078125	   830710.0000000000	981	1	42	45.000000	 22977764.0280061364
   417666.0000000269	   832121.4238281250	   832121.0000000000	434	1	42	44.750000	 22978272.0950770825
   417667.0000000026	   833531.6748046875	   833531.0000000000	691	1	42	44.500000	 22978780.2179888748
   417667.9999999787	   834941.3525390625	   834941.0000000000	361	1	42	44.500000	 22979288.7666862160
   417668.9999999556	   836350.8515625000	   836350.0000000000	872	1	42	44.750000	 22979796.8267767914
   417669.9999999337	   837760.2421875000	   837760.0000000000	248	1	42	44.250000	 22980305.8256896287
   417671.0000000863	   839169.6005859375	   839169.0000000000	615	2	42	44.250000	 22980815.3236292824
   417672.0000000637	   840578.4160156250	   840578.0000000000	426	1	42	44.250000	 22981325.1147829592
   417673.0000000414	   841987.1269531250	   841987.0000000000	130	1	42	44.250000	 22981835.1537298746
   417674.0000000200	   843395.8046875000	   843395.0000000000	824	1	42	43.750000	 22982345.1333457939
   417674.9999999988	   844804.5009765625	   844804.0000000000	513	1	42	44.000000	 22982855.2002127618
   417675.9999999775	   846213.3066406250	   846213.0000000000	314	1	42	44.000000	 22983364.3910779916
   417676.9999999566	   847622.5449218750	   847622.0000000000	558	1	42	44.000000	 22983873.5435526110
   417677.9999999349	   849031.8339843750	   849031.0000000000	854	1	42	43.750000	 22984382.7379080206
   417678.9999999130	   850440.9042968750	   850440.0000000000	926	1	42	43.250000	 22984893.0246481597
   417680.0000000663	   851850.0683593750	   851850.0000000000	70	2	42	43.250000	 22985404.0198177472
   417681.0000000443	   853258.8525390625	   853258.0000000000	873	1	42	43.000000	 22985914.5578412637
   417682.0000000231	   854667.5009765625	   854667.0000000000	513	1	42	43.000000	 22986424.1954325065
   417683.0000000023	   856076.0537109375	   856076.0000000000	55	1	42	42.750000	 22986934.9393684790
   417683.9999999806	   857483.8408203125	   857483.0000000000	861	1	42	43.250000	 22987445.8682771660
   417684.9999999589	   858891.7207031250	   858891.0000000000	738	1	42	43.250000	 22987955.2057245038
   417685.9999999392	   860300.9082031250	   860300.0000000000	930	1	42	43.250000	 22988463.8661021590
   417686.9999999189	   861710.5917968750	   861710.0000000000	606	1	42	43.000000	 22988974.7496398762
   417688.0000000719	   863119.8193359375	   863119.0000000000	839	2	42	43.000000	 22989485.9786426388
   417689.0000000502	   864528.1240234375	   864528.0000000000	127	1	42	43.250000	 22989998.1604782119
   417690.0000000292	   865936.0634765625	   865936.0000000000	65	1	42	43.750000	 22990510.4260746799
   417691.0000000092	   867343.8310546875	   867343.0000000000	851	1	42	43.500000	 22991021.0024881586
   417691.9999999906	   868751.6494140625	   868751.0000000000	665	1	42	43.250000	 22991532.2664404735
   417692.9999999721	   870159.5732421875	   870159.0000000000	587	1	42	43.250000	 22992043.5827434547
   417693.9999999535	   871567.5302734375	   871567.0000000000	543	1	42	43.250000	 22992553.9881442524
   417694.9999999352	   872975.7529296875	   872975.0000000000	771	1	42	43.000000	 22993063.4966029003
   417695.9999999178	   874385.1513671875	   874385.0000000000	155	1	42	43.000000	 22993573.2668148205
   417697.0000000739	   875796.2050781250	   875796.0000000000	210	2	42	43.500000	 22994082.9532160237
   417698.0000000534	   877208.5371093750	   877208.0000000000	550	1	42	43.250000	 22994594.0880371369
   417699.0000000315	   878621.5273437500	   878621.0000000000	540	1	42	43.500000	 22995104.9645951688
   417700.0000000100	   880034.1943359375	   880034.0000000000	199	1	42	43.250000	 22995615.6247702427
   417700.9999999887	   881446.7216796875	   881446.0000000000	739	1	42	43.500000	 22996126.6758304723
   417701.9999999687	   882859.2890625000	   882859.0000000000	296	1	42	43.500000	 22996638.6657129489
   417702.9999999483	   884271.7998046875	   884271.0000000000	819	1	42	43.750000	 22997149.5492506698
   417703.9999999282	   885684.0859375000	   885684.0000000000	88	1	42	43.250000	 22997660.7887731008
   417705.0000000832	   887096.3408203125	   887096.0000000000	349	2	42	43.750000	 22998172.3248994239
   417706.0000000633	   888508.7675781250	   888508.0000000000	786	1	42	44.000000	 22998684.3496823348
   417707.0000000442	   889921.5410156250	   889921.0000000000	554	1	42	44.500000	 22999196.6013180800
   417708.0000000249	   891335.0019531250	   891335.0000000000	2	1	42	44.500000	 22999707.3696839511
   417709.0000000049	   892749.4257812500	   892749.0000000000	436	1	42	44.750000	 23000219.1082830355
   417709.9999999837	   894163.2539062500	   894163.0000000000	260	1	42	44.500000	 23000730.0162513219
   417710.9999999626	   895576.8916015625	   895576.0000000000	913	1	42	45.000000	 23001241.1196621954
   417711.9999999419	   896990.5751953125	   896990.0000000000	589	1	42	44.750000	 23001752.0415905304
   417712.9999999212	   898404.1289062500	   898404.0000000000	132	1	42	44.750000	 23002262.2480592541
   417714.0000000758	   899817.7294921875	   899817.0000000000	747	2	42	45.250000	 23002773.6620340683
   417715.0000000551	   901231.1982421875	   901231.0000000000	203	1	42	45.500000	 23003285.1388798505
   417716.0000000346	   902644.7021484375	   902644.0000000000	719	1	42	45.500000	 23003796.7204269767
   417717.0000000146	   904058.2011718750	   904058.0000000000	206	1	42	45.500000	 23004307.8343077116
   417717.9999999952	   905471.7246093750	   905471.0000000000	742	1	42	45.750000	 23004819.3006829657
   417718.9999999753	   906884.6044921875	   906884.0000000000	619	1	42	45.500000	 23005330.3238224275
   417719.9999999554	   908297.0302734375	   908297.0000000000	31	1	42	45.750000	 23005840.7745941989
   417720.9999999367	   909709.4609375000	   909709.0000000000	472	1	42	45.500000	 23006352.1816384494
   417721.9999999186	   911121.6982421875	   911121.0000000000	715	1	42	45.250000	 23006864.0319185033
   417723.0000000754	   912534.0830078125	   912534.0000000000	85	2	42	45.750000	 23007375.2329998277
   417724.0000000578	   913946.0039062500	   913946.0000000000	4	1	42	45.750000	 23007885.9350543171
   417725.0000000414	   915357.8535156250	   915357.0000000000	874	1	42	45.500000	 23008397.1641055308
   417726.0000000249	   916769.5644531250	   916769.0000000000	578	1	42	45.000000	 23008908.4664478078
   417727.0000000087	   918181.0869140625	   918181.0000000000	89	1	42	45.750000	 23009419.7478496730
   417727.9999999926	   919592.3349609375	   919592.0000000000	343	1	42	45.500000	 23009930.4917842783
   417728.9999999767	   921003.4267578125	   921003.0000000000	437	1	42	45.500000	 23010440.8413435593
   417729.9999999619	   922414.2001953125	   922414.0000000000	205	1	42	45.250000	 23010953.5606443249
   417730.9999999458	   923825.0488281250	   923825.0000000000	50	1	42	45.500000	 23011465.5749560148
   417731.9999999310	   925235.9736328125	   925235.0000000000	997	1	42	45.500000	 23011977.4008048102
   417732.9999999165	   926646.9804687500	   926646.0000000000	1004	1	42	45.500000	 23012489.4918970466
   417734.0000000767	   928057.8652343750	   928057.0000000000	886	2	42	45.750000	 23013002.2600084841
   417735.0000000603	   929468.1884765625	   929468.0000000000	193	1	42	46.000000	 23013515.0630708188
   417736.0000000452	   930878.5312500000	   930878.0000000000	544	1	42	45.750000	 23014027.6776702777
   417737.0000000313	   932289.0820312500	   932289.0000000000	84	1	42	45.500000	 23014538.9241710119
   417738.0000000177	   933699.6562500000	   933699.0000000000	672	1	42	45.250000	 23015050.5441066958
   417739.0000000041	   935110.0625000000	   935110.0000000000	64	1	42	45.000000	 23015563.0225939080
   417739.9999999895	   936519.9716796875	   936519.0000000000	995	1	42	45.250000	 23016074.3458758928
   417740.9999999764	   937929.2724609375	   937929.0000000000	279	1	42	45.500000	 23016584.8524864540
   417741.9999999645	   939338.1464843750	   939338.0000000000	150	1	42	45.000000	 23017097.1215703674
   417742.9999999523	   940746.6132812500	   940746.0000000000	628	1	42	45.000000	 23017609.7501291782
   417743.9999999403	   942154.9628906250	   942154.0000000000	986	1	42	44.750000	 23018122.2879467197
   417744.9999999295	   943563.3906250000	   943563.0000000000	400	1	42	44.500000	 23018634.0125830248
   417745.9999999190	   944972.1376953125	   944972.0000000000	141	1	42	44.250000	 23019145.5731870048
   417747.0000000835	   946381.0927734375	   946381.0000000000	95	2	42	44.250000	 23019658.9346051514
   417748.0000000710	   947789.5908203125	   947789.0000000000	605	1	42	44.500000	 23020171.7620967180
   417749.0000000588	   949197.9033203125	   949197.0000000000	925	1	42	44.750000	 23020683.9439295605
   417750.0000000464	   950606.0498046875	   950606.0000000000	51	1	42	44.500000	 23021195.3754023425
   417751.0000000356	   952013.9570312500	   952013.0000000000	980	1	42	44.250000	 23021708.5484080724
   417752.0000000242	   953421.4394531250	   953421.0000000000	450	1	42	44.250000	 23022221.9587371685
   417753.0000000120	   954828.8183593750	   954828.0000000000	838	1	42	44.000000	 23022734.0149282962
   417754.0000000012	   956235.7968750000	   956235.0000000000	816	1	42	43.750000	 23023246.0606488883
   417754.9999999905	   957642.6972656250	   957642.0000000000	714	1	42	43.750000	 23023758.6961873733
   417755.9999999806	   959049.3720703125	   959049.0000000000	381	1	42	44.000000	 23024271.7016706094
   417756.9999999705	   960455.7841796875	   960455.0000000000	803	1	42	44.000000	 23024783.9742440246
   417757.9999999608	   961861.7255859375	   961861.0000000000	743	1	42	44.250000	 23025295.4755169936
   417758.9999999520	   963267.4863281250	   963267.0000000000	498	1	42	44.250000	 23025809.4023722783
   417759.9999999438	   964673.4453125000	   964673.0000000000	456	1	42	44.250000	 23026322.7708199099
   417760.9999999350	   966079.3779296875	   966079.0000000000	387	1	42	44.250000	 23026836.6976751983
   417761.9999999260	   967485.0595703125	   967485.0000000000	61	1	42	44.250000	 23027349.9998121373
   417762.9999999179	   968890.8701171875	   968890.0000000000	891	1	42	44.250000	 23027863.9929781109
   417764.0000000857	   970296.8398437500	   970296.0000000000	860	2	42	44.750000	 23028379.0645182617
   417765.0000000770	   971702.4921875000	   971702.0000000000	504	1	42	45.000000	 23028893.2950076275
   417766.0000000694	   973108.0390625000	   973108.0000000000	40	1	42	44.750000	 23029407.4452255517
   417767.0000000618	   974513.1386718750	   974513.0000000000	142	1	42	44.500000	 23029921.7210851870
   417768.0000000540	   975917.5976562500	   975917.0000000000	612	1	42	45.250000	 23030435.2291345783
   417769.0000000476	   977321.8378906250	   977321.0000000000	858	1	42	45.000000	 23030948.5836214684
   417770.0000000419	   978726.2441406250	   978726.0000000000	250	1	42	45.000000	 23031461.8613271713
   417771.0000000370	   980130.5126953125	   980130.0000000000	525	1	42	45.000000	 23031976.0987955183
   417772.0000000309	   981534.8828125000	   981534.0000000000	904	1	42	45.000000	 23032489.6836254299
   417773.0000000254	   982941.4277343750	   982941.0000000000	438	1	42	45.000000	 23033004.4446009733
   417774.0000000171	   984349.9833984375	   984349.0000000000	1007	1	42	45.250000	 23033516.9370468780
   417775.0000000083	   985759.0751953125	   985759.0000000000	77	1	42	44.500000	 23034030.0053506047
   417775.9999999992	   987167.5996093750	   987167.0000000000	614	1	42	44.000000	 23034543.8449548110
   417776.9999999899	   988575.5605468750	   988575.0000000000	574	1	42	44.500000	 23035056.6131146811
   417777.9999999821	   989983.4101562500	   989983.0000000000	420	1	42	44.250000	 23035569.2626125254
   417778.9999999764	   991392.8349609375	   991392.0000000000	855	1	42	44.250000	 23036082.2715845816
   417779.9999999698	   992804.0205078125	   992804.0000000000	21	1	42	44.000000	 23036596.1460885257
   417780.9999999614	   994216.6269531250	   994216.0000000000	642	1	42	43.750000	 23037109.7309191376
   417781.9999999514	   995630.5664062500	   995630.0000000000	580	1	42	43.250000	 23037623.1656781398
   417782.9999999410	   997045.0800781250	   997045.0000000000	82	1	42	43.500000	 23038135.7628260143
   417783.9999999321	   998460.1806640625	   998460.0000000000	185	1	42	43.250000	 23038649.7804225646
   417784.9999999215	   999875.8876953125	   999875.0000000000	909	1	42	43.500000	 23039164.7577824555
   417786.0000000856	  1001292.2148437500	  1001292.0000000000	220	2	42	43.250000	 23039678.9986925386
   417787.0000000740	  1002707.9218750000	  1002707.0000000000	944	1	42	43.250000	 23040190.6395679340
   417788.0000000627	  1004122.9238281250	  1004122.0000000000	946	1	42	42.750000	 23040705.1213413589
   417789.0000000516	  1005537.2802734375	  1005537.0000000000	287	1	42	43.250000	 23041219.9067488648
   417790.0000000406	  1006951.4414062500	  1006951.0000000000	452	1	42	43.250000	 23041734.6014150940
   417791.0000000305	  1008365.7070312500	  1008365.0000000000	724	1	42	43.000000	 23042247.7150898241
   417792.0000000219	  1009780.9931640625	  1009780.0000000000	1017	1	42	42.750000	 23042762.7133894339
   417793.0000000115	  1011197.9726562500	  1011197.0000000000	996	1	42	43.500000	 23043279.2996608876
   417793.9999999983	  1012615.6855468750	  1012615.0000000000	702	1	42	43.750000	 23043792.8844928630
   417794.9999999859	  1014033.4589843750	  1014033.0000000000	470	1	42	43.250000	 23044307.1778040826
   417795.9999999746	  1015451.4560546875	  1015451.0000000000	467	1	42	43.000000	 23044822.3575869128
   417796.9999999625	  1016869.2304687500	  1016869.0000000000	236	1	42	43.500000	 23045338.2772599235
   417797.9999999494	  1018287.0185546875	  1018287.0000000000	19	1	42	43.750000	 23045853.7746375315
   417798.9999999377	  1019705.5957031250	  1019705.0000000000	610	1	42	44.000000	 23046368.8322688378
   417799.9999999265	  1021125.0585937500	  1021125.0000000000	60	1	42	44.750000	 23046884.6367700063
   417800.9999999140	  1022545.2216796875	  1022545.0000000000	227	1	42	44.500000	 23047400.0224659480
   417802.0000000758	  1023966.2343750000	  1023966.0000000000	240	2	42	44.750000	 23047915.5686542057
   417803.0000000623	  1025387.3007812500	  1025387.0000000000	308	1	42	44.750000	 23048430.6751466766
   417804.0000000499	  1026808.6552734375	  1026808.0000000000	671	1	42	44.250000	 23048946.0782928504
   417805.0000000374	  1028229.8242187500	  1028229.0000000000	844	1	42	44.250000	 23049462.8949079923
   417806.0000000240	  1029650.7255859375	  1029650.0000000000	743	1	42	44.250000	 23049978.7517604902
   417807.0000000114	  1031071.6826171875	  1031071.0000000000	699	1	42	44.250000	 23050493.8163721822
   417808.0000000003	  1032492.6669921875	  1032492.0000000000	683	1	42	44.000000	 23051009.3346894979
   417808.9999999883	  1033913.5000000000	  1033913.0000000000	512	1	42	44.000000	 23051525.8790808432
   417809.9999999752	  1035334.1923828125	  1035334.0000000000	197	1	42	44.500000	 23052040.8040907681
   417810.9999999639	  1036755.6259765625	  1036755.0000000000	641	1	42	44.000000	 23052554.9647799209
   417811.9999999529	  1038179.1523437500	  1038179.0000000000	156	1	42	44.250000	 23053069.8025380746
   417812.9999999385	  1039604.9746093750	  1039604.0000000000	998	1	42	44.500000	 23053585.4883785807
   417813.9999999219	  1041032.6298828125	  1041032.0000000000	645	1	42	44.750000	 23054100.0818350464
   417815.0000000806	  1042461.3623046875	  1042461.0000000000	371	2	42	44.750000	 23054614.8637039140
   417816.0000000653	  1043889.2011718750	  1043889.0000000000	206	1	42	44.250000	 23055130.4134328738
   417817.0000000491	  1045316.2050781250	  1045316.0000000000	210	1	42	44.500000	 23055646.2737762295
   417818.0000000334	  1046742.7861328125	  1046742.0000000000	805	1	42	44.750000	 23056161.5582617335
   417819.0000000185	  1048169.3212890625	  1048169.0000000000	329	1	42	44.250000	 23056674.6370373927
   417820.0000000061	  1049596.3173828125	     1020.0000000000	325	1	42	44.000000	 23057188.2148889862
   417820.9999999942	  1051023.5302734375	     2447.0000000000	543	1	42	44.000000	 23057704.3474548012
   417821.9999999796	  1052450.4980468750	     3874.0000000000	510	1	42	43.750000	 23058220.4102204219
   417822.9999999643	  1053877.0625000000	     5301.0000000000	64	1	42	44.250000	 23058734.5115799308
   417823.9999999508	  1055303.6093750000	     6727.0000000000	624	1	42	44.000000	 23059248.5989787132
   417824.9999999389	  1056730.4296875000	     8154.0000000000	440	1	42	43.750000	 23059764.3371691927
   417825.9999999260	  1058157.2744140625	     9581.0000000000	281	1	42	44.000000	 23060280.7454489879
   417827.0000000868	  1059584.6611328125	    11008.0000000000	677	2	42	44.500000	 23060796.5848014653
   417828.0000000736	  1061012.0849609375	    12436.0000000000	87	1	42	44.750000	 23061312.4765544012
   417829.0000000604	  1062439.9775390625	    13863.0000000000	1001	1	42	45.250000	 23061829.0837669633
   417830.0000000471	  1063867.7968750000	    15291.0000000000	816	1	42	45.500000	 23062346.9439063743
   417831.0000000331	  1065295.4785156250	    16719.0000000000	490	1	42	45.500000	 23062862.6088064797
   417832.0000000204	  1066722.9003906250	    18146.0000000000	922	1	42	45.250000	 23063378.6401611567
   417833.0000000077	  1068149.7851562500	    19573.0000000000	804	1	42	45.500000	 23063894.2771405093
   417833.9999999960	  1069576.2509765625	    21000.0000000000	257	1	42	45.750000	 23064411.0344246477
   417834.9999999845	  1071002.1152343750	    22426.0000000000	118	1	42	46.000000	 23064927.2891419828
   417835.9999999733	  1072427.5156250000	    23851.0000000000	528	1	42	46.250000	 23065442.2350916192
   417836.9999999641	  1073852.8671875000	    25276.0000000000	888	1	42	45.750000	 23065958.3118159138
   417837.9999999554	  1075278.1787109375	    26702.0000000000	183	1	42	45.500000	 23066474.1337666176
   417838.9999999466	  1076703.7177734375	    28127.0000000000	735	1	42	45.750000	 23066990.4931845702
   417839.9999999384	  1078129.8349609375	    29553.0000000000	855	1	42	45.750000	 23067506.5803787187
   417840.9999999288	  1079556.7138671875	    30980.0000000000	731	1	42	46.000000	 23068022.1231259368
   417841.9999999191	  1080983.8623046875	    32407.0000000000	883	1	42	46.000000	 23068538.7931583188
   417843.0000000832	  1082411.9130859375	    33835.0000000000	935	2	42	45.750000	 23069055.7528149076
   417844.0000000717	  1083839.9150390625	    35263.0000000000	937	1	42	46.250000	 23069573.0266259015
   417845.0000000600	  1085267.5000000000	    36691.0000000000	512	1	42	46.500000	 23070090.3562777340
   417846.0000000471	  1086694.7988281250	    38118.0000000000	818	1	42	46.750000	 23070607.0681916028
   417847.0000000365	  1088121.9921875000	    39545.0000000000	1016	1	42	46.500000	 23071124.4606639631
   417848.0000000262	  1089549.0634765625	    40973.0000000000	65	1	42	46.500000	 23071641.0818358548
   417849.0000000160	  1090976.2011718750	    42400.0000000000	206	1	42	46.500000	 23072158.5964597389
   417850.0000000056	  1092403.5908203125	    43827.0000000000	605	1	42	46.250000	 23072676.2018248662
   417850.9999999951	  1093831.4062500000	    45255.0000000000	416	1	42	46.500000	 23073193.7548393533
   417851.9999999846	  1095259.2216796875	    46683.0000000000	227	1	42	46.750000	 23073710.7354861498
   417852.9999999741	  1096686.9794921875	    48110.0000000000	1003	1	42	46.750000	 23074227.7335831709
   417853.9999999640	  1098114.5175781250	    49538.0000000000	530	1	42	46.750000	 23074744.9794734120
   417854.9999999535	  1099541.7763671875	    50965.0000000000	795	1	42	47.000000	 23075261.5482946672
   417855.9999999429	  1100968.6113281250	    52392.0000000000	626	1	42	46.750000	 23075777.5098477900
   417856.9999999338	  1102395.4101562500	    53819.0000000000	420	1	42	46.750000	 23076293.6389227360
   417857.9999999258	  1103821.9980468750	    55245.0000000000	1022	1	42	46.000000	 23076811.1011952758
   417858.9999999186	  1105248.1894531250	    56672.0000000000	194	1	42	46.250000	 23077327.7712269686
   417860.0000000866	  1106674.4042968750	    58098.0000000000	414	2	42	46.500000	 23077843.9142114744
   417861.0000000789	  1108100.1953125000	    59524.0000000000	200	1	42	45.750000	 23078360.4620916396
   417862.0000000717	  1109525.5996093750	    60949.0000000000	614	1	42	45.750000	 23078877.7044910192
   417863.0000000641	  1110950.7021484375	    62374.0000000000	719	1	42	46.000000	 23079394.5734554492
   417864.0000000573	  1112375.5146484375	    63799.0000000000	527	1	42	45.750000	 23079911.2574471980
   417865.0000000512	  1113800.1386718750	    65224.0000000000	142	1	42	46.000000	 23080428.8488509357
   417866.0000000450	  1115224.5273437500	    66648.0000000000	540	1	42	45.750000	 23080947.2639057636
   417867.0000000392	  1116648.5898437500	    68072.0000000000	604	1	42	45.500000	 23081464.6563767567
   417868.0000000338	  1118072.5673828125	    69496.0000000000	581	1	42	45.250000	 23081980.3108042628
   417869.0000000300	  1119496.4707031250	    70920.0000000000	482	1	42	44.750000	 23082497.8847571164
   417870.0000000247	  1120920.0771484375	    72344.0000000000	79	1	42	44.750000	 23083015.7379141189
   417871.0000000194	  1122343.3789062500	    73767.0000000000	388	1	42	45.000000	 23083533.5561706871
   417872.0000000143	  1123766.4091796875	    75190.0000000000	419	1	42	45.250000	 23084050.5856766030
   417873.0000000098	  1125189.2021484375	    76613.0000000000	207	1	42	45.000000	 23084567.2522174343
   417874.0000000060	  1126611.8789062500	    78035.0000000000	900	1	42	44.750000	 23085084.9518119693
   417875.0000000024	  1128034.1630859375	    79458.0000000000	167	1	42	45.000000	 23085603.4541172162
   417875.9999999976	  1129455.9423828125	    80879.0000000000	965	1	42	45.250000	 23086121.2863338143
   417876.9999999937	  1130877.3525390625	    82301.0000000000	361	1	42	45.250000	 23086639.3977539018
   417877.9999999899	  1132298.3720703125	    83722.0000000000	381	1	42	45.250000	 23087158.3851757385
   417878.9999999868	  1133719.0556640625	    85143.0000000000	57	1	42	45.750000	 23087678.1892683171
   417879.9999999843	  1135139.5107421875	    86563.0000000000	523	1	42	45.750000	 23088196.2902178653
   417880.9999999825	  1136559.6767578125	    87983.0000000000	693	1	42	45.750000	 23088713.7420184948
   417881.9999999810	  1137979.4726562500	    89403.0000000000	484	1	42	45.500000	 23089231.1379782930
   417882.9999999797	  1139398.8027343750	    90822.0000000000	822	1	42	45.750000	 23089748.7468308844
   417883.9999999796	  1140817.5712890625	    92241.0000000000	585	1	42	46.000000	 23090266.1323201433
   417884.9999999804	  1142235.9189453125	    93659.0000000000	941	1	42	45.750000	 23090784.2262886502
   417885.9999999815	  1143654.2226562500	    95078.0000000000	228	1	42	45.750000	 23091302.2469661050
   417886.9999999833	  1145072.4306640625	    96496.0000000000	441	1	42	45.500000	 23091821.7823236920
   417887.9999999847	  1146490.6474609375	    97914.0000000000	663	1	42	45.500000	 23092340.6231620610
   417888.9999999858	  1147908.8701171875	    99332.0000000000	891	1	42	45.500000	 23092859.0905655026
   417889.9999999868	  1149326.5634765625	   100750.0000000000	577	1	42	45.250000	 23093376.9681510404
   417890.9999999890	  1150743.5507812500	   102167.0000000000	564	1	42	46.000000	 23093895.7496583983
   417891.9999999913	  1152160.1259765625	   103584.0000000000	129	1	42	45.750000	 23094414.7091581151
   417892.9999999938	  1153576.2968750000	   105000.0000000000	304	1	42	45.750000	 23094932.4680816196
   417893.9999999969	  1154992.0292968750	   106416.0000000000	30	1	42	45.500000	 23095450.2235149518
   417895.0000000011	  1156407.4785156250	   107831.0000000000	490	1	42	45.250000	 23095969.2039543912
   417896.0000000063	  1157822.9199218750	   109246.0000000000	942	1	42	44.750000	 23096487.4619538300
   417897.0000000120	  1159238.9218750000	   110662.0000000000	944	1	42	44.500000	 23097003.8737183474
   417898.0000000177	  1160654.9619140625	   112078.0000000000	985	1	42	44.250000	 23097522.0025859512
   417899.0000000216	  1162070.6337890625	   113494.0000000000	649	1	42	44.000000	 23098040.1628644615
   417900.0000000249	  1163486.1230468750	   114910.0000000000	126	1	42	44.250000	 23098558.4348246269
   417901.0000000286	  1164900.9511718750	   116324.0000000000	974	1	42	44.500000	 23099075.9703848250
   417902.0000000335	  1166315.8632812500	   117739.0000000000	884	1	42	44.250000	 23099594.6960506514
   417903.0000000394	  1167730.8515625000	   119154.0000000000	872	1	42	44.500000	 23100114.8980060034
   417904.0000000436	  1169146.0068359375	   120570.0000000000	7	1	42	44.500000	 23100634.8626386896
   417905.0000000476	  1170563.6562500000	   121987.0000000000	672	1	42	45.000000	 23101154.1851027757
   417906.0000000497	  1171983.8447265625	   123407.0000000000	865	1	42	45.250000	 23101673.0922518559
   417907.0000000505	  1173405.9501953125	   124829.0000000000	973	1	42	45.500000	 23102192.6171395741
   417908.0000000505	  1174830.1787109375	   126254.0000000000	183	1	42	45.250000	 23102712.2013583221
   417909.0000000492	  1176254.1757812500	   127678.0000000000	180	1	42	45.000000	 23103230.6687624380
   417910.0000000484	  1177677.3847656250	   129101.0000000000	394	1	42	45.750000	 23103748.8464925326
   417911.0000000493	  1179100.2304687500	   130524.0000000000	236	1	42	46.250000	 23104268.1026466377
   417912.0000000501	  1180522.9892578125	   131946.0000000000	1013	1	42	45.750000	 23104787.6275343522
   417913.0000000499	  1181945.3486328125	   133369.0000000000	357	1	42	46.000000	 23105306.7126764692
   417914.0000000505	  1183367.3193359375	   134791.0000000000	327	1	42	46.000000	 23105824.7193938754
   417915.0000000524	  1184788.7089843750	   136212.0000000000	726	1	42	45.750000	 23106343.5916425250
   417916.0000000554	  1186209.6269531250	   137633.0000000000	642	1	42	46.250000	 23106864.0483721606
   417917.0000000582	  1187631.0507812500	   139055.0000000000	52	1	42	46.250000	 23107382.8787399940
   417918.0000000622	  1189052.4833984375	   140476.0000000000	495	1	42	45.500000	 23107902.6304798424
   417919.0000000648	  1190474.9511718750	   141898.0000000000	974	1	42	45.750000	 23108422.5532324091
   417920.0000000673	  1191899.2666015625	   143323.0000000000	273	1	42	46.250000	 23108943.5858198963
   417921.0000000671	  1193325.7890625000	   144749.0000000000	808	1	42	46.750000	 23109462.9396956265
   417922.0000000659	  1194754.7939453125	   146178.0000000000	813	1	42	46.750000	 23109981.8887261562
   417923.0000000637	  1196184.9003906250	   147608.0000000000	922	1	42	46.500000	 23110501.2042119578
   417924.0000000615	  1197615.0039062500	   149039.0000000000	4	1	42	46.250000	 23111021.4131497219
   417925.0000000597	  1199044.2373046875	   150468.0000000000	243	1	42	46.750000	 23111541.0113291964
   417926.0000000590	  1200472.8095703125	   151896.0000000000	829	1	42	47.000000	 23112059.6532354914
   417927.0000000588	  1201901.5283203125	   153325.0000000000	541	1	42	46.250000	 23112579.0071112178
   417928.0000000598	  1203330.5498046875	   154754.0000000000	563	1	42	46.250000	 23113098.8705334514
   417929.0000000597	  1204759.6679687500	   156183.0000000000	684	1	42	46.000000	 23113618.8491275273
   417930.0000000592	  1206188.5517578125	   157612.0000000000	565	1	42	46.000000	 23114138.6881198287
   417931.0000000582	  1207617.2412109375	   159041.0000000000	247	1	42	45.750000	 23114658.3875104226
   417932.0000000567	  1209045.6738281250	   160469.0000000000	690	1	42	46.000000	 23115179.0745844431
   417933.0000000553	  1210473.7578125000	   161897.0000000000	776	1	42	46.500000	 23115698.6518234797
   417934.0000000543	  1211901.5615234375	   163325.0000000000	575	1	42	46.500000	 23116217.7788463756
   417935.0000000548	  1213329.0273437500	   164753.0000000000	28	1	42	45.750000	 23116738.2181264944
   417936.0000000554	  1214756.1357421875	   166180.0000000000	139	1	42	46.250000	 23117259.0866823420
   417937.0000000558	  1216183.1162109375	   167607.0000000000	119	1	42	46.500000	 23117778.7930526175
   417938.0000000583	  1217609.9580078125	   169033.0000000000	981	1	42	46.250000	 23118298.6809047163
   417939.0000000602	  1219036.1015625000	   170460.0000000000	104	1	42	46.250000	 23118818.0906206220
   417940.0000000623	  1220462.3750000000	   171886.0000000000	384	1	42	46.000000	 23119337.5701373667
   417941.0000000669	  1221889.1845703125	   173313.0000000000	189	1	42	46.000000	 23119857.3707377091
   417942.0000000723	  1223315.7734375000	   174739.0000000000	792	1	42	45.750000	 23120377.7018249333
   417943.0000000768	  1224742.0703125000	   176166.0000000000	72	1	42	45.750000	 23120899.3277198561
   417944.0000000813	  1226168.4902343750	   177592.0000000000	502	1	42	45.750000	 23121420.5417892039
   417945.0000000860	  1227595.0751953125	   179019.0000000000	77	1	42	45.500000	 23121941.6476670541
   417945.9999999143	  1229022.0878906250	   180446.0000000000	90	0	42	45.250000	 23122461.1062932201
   417946.9999999180	  1230449.7246093750	   181873.0000000000	742	1	42	45.500000	 23122982.6658774242
   417947.9999999206	  1231877.3798828125	   183301.0000000000	389	1	42	45.250000	 23123504.5744666718
   417948.9999999222	  1233304.6103515625	   184728.0000000000	625	1	42	45.500000	 23124025.7745766640
   417949.9999999237	  1234732.2158203125	   186156.0000000000	221	1	42	45.500000	 23124544.2035894878
   417950.9999999280	  1236160.4375000000	   187584.0000000000	448	1	42	45.250000	 23125064.7754902802
   417951.9999999307	  1237588.4228515625	   189012.0000000000	433	1	42	45.250000	 23125587.0226140209
   417952.9999999324	  1239016.5068359375	   190440.0000000000	519	1	42	45.250000	 23126107.3641724810
   417953.9999999359	  1240444.7832031250	   191868.0000000000	802	1	42	45.250000	 23126628.8539558202
   417954.9999999387	  1241873.0273437500	   193297.0000000000	28	1	42	45.000000	 23127151.2616217025
   417955.9999999412	  1243300.9462890625	   194724.0000000000	969	1	42	45.500000	 23127674.2800458856
   417956.9999999428	  1244728.8427734375	   196152.0000000000	863	1	42	45.500000	 23128194.7821464837
   417957.9999999466	  1246157.0703125000	   197581.0000000000	72	1	42	45.000000	 23128715.3400872387
   417958.9999999505	  1247585.5195312500	   199009.0000000000	532	1	42	45.250000	 23129236.0585701317
   417959.9999999538	  1249013.8789062500	   200437.0000000000	900	1	42	44.750000	 23129757.9078283608
   417960.9999999566	  1250442.1171875000	   201866.0000000000	120	1	42	45.250000	 23130280.3329444602
   417961.9999999600	  1251870.0615234375	   203294.0000000000	63	1	42	45.250000	 23130801.9134690650
   417962.9999999639	  1253297.8291015625	   204721.0000000000	849	1	42	45.500000	 23131322.9181358032
   417963.9999999704	  1254725.4443359375	   206149.0000000000	455	1	42	45.000000	 23131845.5840640888
   417964.9999999762	  1256153.1103515625	   207577.0000000000	113	1	42	45.750000	 23132368.7560493685
   417965.9999999813	  1257580.8496093750	   209004.0000000000	870	1	42	45.750000	 23132888.9998855181
   417966.9999999873	  1259009.0517578125	   210433.0000000000	53	1	42	45.000000	 23133409.5054749362
   417967.9999999934	  1260437.7500000000	   211861.0000000000	768	1	42	44.500000	 23133930.7439741865
   417968.9999999988	  1261867.8105468750	   213291.0000000000	830	1	42	45.500000	 23134452.6665227823
   417970.0000000024	  1263298.8671875000	   214722.0000000000	888	1	42	46.000000	 23134974.8892159462
   417971.0000000052	  1264729.7490234375	   216153.0000000000	767	1	42	45.750000	 23135496.0090545192
   417972.0000000087	  1266161.0419921875	   217585.0000000000	43	1	42	45.250000	 23136016.7659280486
   417973.0000000127	  1267592.5195312500	   219016.0000000000	532	1	42	45.250000	 23136539.3795063682
   417974.0000000158	  1269023.9873046875	   220447.0000000000	1011	1	42	45.500000	 23137061.3020556271
   417975.0000000193	  1270455.9902343750	   221879.0000000000	1014	1	42	45.250000	 23137583.0780228302
   417976.0000000233	  1271888.8496093750	   223312.0000000000	870	1	42	45.750000	 23138104.2606818974
   417977.0000000274	  1273322.9287109375	   224746.0000000000	951	1	42	45.750000	 23138626.7660687193
   417978.0000000293	  1274758.5351562500	   226182.0000000000	548	1	42	46.250000	 23139149.0725235008
   417979.0000000297	  1276195.7324218750	   227619.0000000000	750	1	42	46.250000	 23139670.3180044554
   417980.0000000295	  1277633.3789062500	   229057.0000000000	388	1	42	46.250000	 23140190.8166155741
   417981.0000000296	  1279070.9501953125	   230494.0000000000	973	1	42	45.750000	 23140711.5804701149
   417982.0000000297	  1280509.3261718750	   231933.0000000000	334	1	42	45.750000	 23141232.6130583026
   417983.0000000299	  1281948.1250000000	   233372.0000000000	128	1	42	45.500000	 23141753.5200047716
   417984.0000000296	  1283386.7675781250	   234810.0000000000	786	1	42	45.000000	 23142274.8422669806
   417985.0000000299	  1284826.3535156250	   236250.0000000000	362	1	42	45.250000	 23142797.3755752221
   417986.0000000292	  1286266.5107421875	   237690.0000000000	523	1	42	45.750000	 23143318.7362280563
