   417092.0000000130	  1025856.7744140625	  1025856.0000000000	793	1	30	45.500000	 23458517.8979766816
   417093.0000000103	  1021499.1708984375	  1021499.0000000000	175	1	30	45.750000	 23457936.2851555683
   417094.0000000586	  1017142.1455078125	  1017142.0000000000	149	1	30	45.750000	 23457369.6550911143
   417095.0000000977	  1012783.4589843750	  1012783.0000000000	470	253	30	45.250000	 23457010.6479179263
   417096.0000000044	  1008424.8603515625	  1008424.0000000000	881	0	30	45.250000	 23456453.3781996891
   417097.0000000038	  1004066.5302734375	  1004066.0000000000	543	1	30	44.500000	 23455870.9626671933
   417098.0000000032	   999708.5595703125	   999708.0000000000	573	1	30	45.000000	 23455288.5296844505
   417099.0000000037	   995351.7314453125	   995351.0000000000	749	1	30	45.000000	 23454706.1420720443
   417100.0000000033	   990995.4062500000	   990995.0000000000	416	1	30	45.250000	 23454122.4910628833
   417101.0000000027	   986639.0400390625	   986639.0000000000	41	1	30	44.500000	 23453539.9324384555
   417102.0000000016	   982283.1230468750	   982283.0000000000	126	1	30	44.250000	 23452957.5029459037
   417103.0000000016	   977927.6699218750	   977927.0000000000	686	1	30	44.500000	 23452376.2635590434
   417104.0000000010	   973572.6933593750	   973572.0000000000	710	1	30	45.000000	 23451794.5809363611
   417104.9999999997	   969217.6142578125	   969217.0000000000	629	1	30	44.750000	 23451213.7812957950
   417105.9999999970	   964862.8193359375	   964862.0000000000	839	1	30	45.000000	 23450633.1701181270
   417106.9999999951	   960508.2041015625	   960508.0000000000	209	1	30	45.250000	 23450052.0703336783
   417107.9999999932	   956153.6152343750	   956153.0000000000	630	1	30	44.750000	 23449471.2916335091
   417108.9999999917	   951799.2128906250	   951799.0000000000	218	1	30	44.500000	 23448891.0294601917
   417109.9999999909	   947445.2753906250	   947445.0000000000	282	1	30	44.500000	 23448309.8145038970
   417110.9999999902	   943091.8437500000	   943091.0000000000	864	1	30	44.500000	 23447729.0986242369
   417111.9999999899	   938738.3574218750	   938738.0000000000	366	1	30	44.500000	 23447149.7578229643
   417112.9999999875	   934384.5625000000	   934384.0000000000	576	1	30	43.750000	 23446569.5200802274
   417113.9999999857	   930030.5009765625	   930030.0000000000	513	1	30	43.750000	 23445988.9019221961
   417114.9999999839	   925676.5078125000	   925676.0000000000	520	1	30	43.750000	 23445406.5317606665
   417115.9999999844	   921322.6103515625	   921322.0000000000	625	1	30	44.000000	 23444824.7339661457
   417116.9999999854	   916968.5458984375	   916968.0000000000	559	1	30	44.000000	 23444244.8103266433
   417117.9999999857	   912614.2841796875	   912614.0000000000	291	1	30	44.250000	 23443664.5167423896
   417118.9999999858	   908260.0029296875	   908260.0000000000	3	1	30	44.250000	 23443083.7240815014
   417119.9999999870	   903905.7773437500	   903905.0000000000	796	1	30	44.750000	 23442503.5666088089
   417120.9999999868	   899551.5068359375	   899551.0000000000	519	1	30	44.750000	 23441921.5594116747
   417121.9999999883	   895197.5761718750	   895197.0000000000	590	1	30	44.250000	 23441341.0424640886
   417122.9999999899	   890843.7978515625	   890843.0000000000	817	1	30	44.500000	 23440760.4347752333
   417123.9999999903	   886490.0478515625	   886490.0000000000	49	1	30	44.000000	 23440180.6053671800
   417124.9999999901	   882136.1406250000	   882136.0000000000	144	1	30	44.250000	 23439601.5856501907
   417125.9999999902	   877782.5810546875	   877782.0000000000	595	1	30	44.500000	 23439021.2222650647
   417126.9999999914	   873429.0917968750	   873429.0000000000	94	1	30	44.250000	 23438441.2253345102
   417127.9999999920	   869075.7646484375	   869075.0000000000	783	1	30	44.000000	 23437860.8584592082
   417128.9999999939	   864722.1972656250	   864722.0000000000	202	1	30	43.750000	 23437281.7689406611
   417129.9999999949	   860368.7158203125	   860368.0000000000	733	1	30	44.250000	 23436702.5433105528
   417130.9999999976	   856015.1972656250	   856015.0000000000	202	1	30	44.500000	 23436123.9668286778
   417131.9999999991	   851661.7783203125	   851661.0000000000	797	1	30	44.500000	 23435544.6120666862
   417133.0000000018	   847308.8808593750	   847308.0000000000	902	1	30	44.500000	 23434964.0497481152
   417134.0000000048	   842956.5136718750	   842956.0000000000	526	1	30	44.250000	 23434385.4174254127
   417135.0000000068	   838604.6406250000	   838604.0000000000	656	1	30	44.750000	 23433807.0782669187
   417136.0000000079	   834253.0468750000	   834253.0000000000	48	1	30	45.500000	 23433228.1562708579
   417137.0000000088	   829901.4892578125	   829901.0000000000	501	1	30	46.000000	 23432648.2151811570
   417138.0000000107	   825549.2958984375	   825549.0000000000	303	1	30	45.000000	 23432068.9651204497
   417139.0000000132	   821196.9287109375	   821196.0000000000	951	1	30	45.500000	 23431489.1915525794
   417140.0000000166	   816844.8349609375	   816844.0000000000	855	1	30	45.000000	 23430910.4126477540
   417141.0000000207	   812492.8798828125	   812492.0000000000	901	1	30	45.500000	 23430330.8240518980
   417142.0000000241	   808140.7167968750	   808140.0000000000	734	1	30	45.250000	 23429752.4569726475
   417143.0000000265	   803788.3662109375	   803788.0000000000	375	1	30	44.750000	 23429173.3814141192
   417144.0000000306	   799436.1455078125	   799436.0000000000	149	1	30	45.250000	 23428594.3651859574
   417145.0000000352	   795083.7480468750	   795083.0000000000	766	1	30	45.500000	 23428016.4902029634
   417146.0000000374	   790731.4580078125	   790731.0000000000	469	1	30	45.750000	 23427437.3448435962
   417147.0000000420	   786379.3857421875	   786379.0000000000	395	1	30	46.000000	 23426860.0771287307
   417148.0000000457	   782027.0830078125	   782027.0000000000	85	1	30	46.500000	 23426281.0818409435
   417149.0000000499	   777674.4492187500	   777674.0000000000	460	1	30	45.250000	 23425702.1005131863
   417150.0000000547	   773321.4775390625	   773321.0000000000	489	1	30	45.250000	 23425123.5973216854
   417151.0000000605	   768968.3759765625	   768968.0000000000	385	1	30	45.250000	 23424544.6578740776
   417152.0000000679	   764615.7216796875	   764615.0000000000	739	1	30	45.500000	 23423965.9208487011
   417153.0000000765	   760263.3339843750	   760263.0000000000	342	1	30	45.000000	 23423387.1384523548
   417154.0000000844	   755911.2207031250	   755911.0000000000	226	1	30	45.000000	 23422809.2564883120
   417154.9999999156	   751559.1162109375	   751559.0000000000	119	0	30	45.000000	 23422231.5002164841
   417155.9999999222	   747207.3916015625	   747207.0000000000	401	1	30	46.000000	 23421653.1087059639
   417156.9999999286	   742855.7099609375	   742855.0000000000	727	1	30	45.500000	 23421075.0766703375
   417157.9999999346	   738503.9433593750	   738503.0000000000	966	1	30	46.500000	 23420497.7810347229
   417158.9999999412	   734151.8789062500	   734151.0000000000	900	1	30	46.000000	 23419918.7997062989
   417159.9999999489	   729799.6220703125	   729799.0000000000	637	1	30	46.000000	 23419340.5792077743
   417160.9999999571	   725447.1025390625	   725447.0000000000	105	1	30	46.250000	 23418762.6588531360
   417161.9999999658	   721094.2998046875	   721094.0000000000	307	1	30	46.250000	 23418185.0211921595
   417162.9999999752	   716741.6962890625	   716741.0000000000	713	1	30	46.000000	 23417606.1794647910
   417163.9999999842	   712389.1035156250	   712389.0000000000	106	1	30	46.000000	 23417030.0774243400
   417164.9999999924	   708036.3417968750	   708036.0000000000	350	1	30	46.250000	 23416453.7136306241
   417166.0000000003	   703683.4101562500	   703683.0000000000	420	1	30	46.250000	 23415876.2783925720
   417167.0000000087	   699330.4287109375	   699330.0000000000	439	1	30	46.250000	 23415298.8396643549
   417168.0000000168	   694977.4091796875	   694977.0000000000	419	1	30	46.250000	 23414720.3120415919
   417169.0000000258	   690624.0302734375	   690624.0000000000	31	1	30	46.000000	 23414142.3498061746
   417170.0000000360	   686270.3808593750	   686270.0000000000	390	1	30	46.250000	 23413565.0402091295
   417171.0000000466	   681916.5791015625	   681916.0000000000	593	1	30	46.000000	 23412987.9609551392
   417172.0000000580	   677562.5751953125	   677562.0000000000	589	1	30	45.750000	 23412411.1434543803
   417173.0000000690	   673208.8232421875	   673208.0000000000	843	1	30	46.000000	 23411833.0590667389
   417174.0000000821	   668855.1142578125	   668855.0000000000	117	1	30	46.750000	 23411257.8923576847
   417174.9999999178	   664500.7119140625	   664500.0000000000	729	0	30	47.250000	 23410681.9264786169
   417175.9999999292	   660146.3251953125	   660146.0000000000	333	1	30	47.250000	 23410105.5208034217
   417176.9999999409	   655791.8320312500	   655791.0000000000	852	1	30	47.500000	 23409527.8063605279
   417177.9999999536	   651437.2646484375	   651437.0000000000	271	1	30	47.000000	 23408950.6573049687
   417178.9999999670	   647082.8828125000	   647082.0000000000	904	1	30	47.000000	 23408373.0021924078
   417179.9999999812	   642728.4179687500	   642728.0000000000	428	1	30	47.000000	 23407795.7344748192
   417180.9999999944	   638374.1679687500	   638374.0000000000	172	1	30	46.250000	 23407218.8681129217
   417182.0000000079	   634020.2871093750	   634020.0000000000	294	1	30	46.750000	 23406643.5548217744
   417183.0000000213	   629666.8066406250	   629666.0000000000	826	1	30	47.250000	 23406068.3322718740
   417184.0000000331	   625313.0761718750	   625313.0000000000	78	1	30	46.750000	 23405492.3523822650
   417185.0000000451	   620958.9707031250	   620958.0000000000	994	1	30	47.250000	 23404915.8350253999
   417186.0000000584	   616604.4638671875	   616604.0000000000	475	1	30	47.000000	 23404339.7539240085
   417187.0000000730	   612249.6406250000	   612249.0000000000	656	1	30	47.750000	 23403764.1649188362
   417187.9999999129	   607894.0273437500	   607894.0000000000	28	0	30	47.750000	 23403187.8639940880
   417188.9999999283	   603538.1992187500	   603538.0000000000	204	1	30	47.750000	 23402612.8403762728
   417189.9999999436	   599181.9443359375	   599181.0000000000	967	1	30	48.500000	 23402036.6022222154
   417190.9999999601	   594825.6044921875	   594825.0000000000	619	1	30	48.000000	 23401461.4634325542
   417191.9999999771	   590469.4589843750	   590469.0000000000	470	1	30	48.250000	 23400886.3211527169
   417192.9999999949	   586113.8007812500	   586113.0000000000	820	1	30	48.250000	 23400310.8333580196
   417194.0000000121	   581758.3847656250	   581758.0000000000	394	1	30	48.500000	 23399735.9039709866
   417195.0000000289	   577403.5312500000	   577403.0000000000	544	1	30	48.500000	 23399159.5646050908
   417196.0000000464	   573048.6816406250	   573048.0000000000	698	1	30	48.250000	 23398583.4346418381
   417197.0000000629	   568693.8115234375	   568693.0000000000	831	1	30	48.250000	 23398008.1178598367
   417198.0000000786	   564338.6035156250	   564338.0000000000	618	1	30	48.250000	 23397432.4660335109
   417198.9999999198	   559982.8525390625	   559982.0000000000	873	0	30	48.500000	 23396857.2644731328
   417199.9999999366	   555627.1904296875	   555627.0000000000	195	1	30	48.750000	 23396281.7836587988
   417200.9999999553	   551271.3984375000	   551271.0000000000	408	1	30	48.500000	 23395707.1474352740
   417201.9999999718	   546915.4189453125	   546915.0000000000	429	1	30	48.500000	 23395131.2931860015
   417202.9999999892	   542559.1787109375	   542559.0000000000	183	1	30	48.500000	 23394556.6848832369
   417204.0000000069	   538202.8271484375	   538202.0000000000	847	1	30	48.750000	 23393980.7503625527
   417205.0000000268	   533846.4609375000	   533846.0000000000	472	1	30	48.750000	 23393405.7651339918
   417206.0000000470	   529490.5439453125	   529490.0000000000	557	1	30	48.750000	 23392831.4395242110
   417207.0000000675	   525135.3134765625	   525135.0000000000	321	1	30	49.250000	 23392257.3617076389
   417207.9999999124	   520779.6347656250	   520779.0000000000	650	0	30	48.750000	 23391682.7045935355
   417208.9999999321	   516424.0302734375	   516424.0000000000	31	1	30	48.500000	 23391107.6670143194
   417209.9999999526	   512068.3378906250	   512068.0000000000	346	1	30	49.000000	 23390532.9993798546
   417210.9999999733	   507712.5371093750	   507712.0000000000	550	1	30	49.000000	 23389958.2410041243
   417211.9999999941	   503356.8164062500	   503356.0000000000	836	1	30	48.750000	 23389383.8211628869
   417213.0000000155	   499001.0781250000	   499001.0000000000	80	1	30	49.000000	 23388809.1465480663
   417214.0000000359	   494645.1289062500	   494645.0000000000	132	1	30	48.500000	 23388234.8558387235
   417215.0000000562	   490289.6708984375	   490289.0000000000	687	1	30	49.000000	 23387659.7240280397
   417216.0000000772	   485933.7636718750	   485933.0000000000	782	1	30	48.750000	 23387086.2150890045
   417216.9999999228	   481577.4619140625	   481577.0000000000	473	0	30	49.000000	 23386511.7673774958
   417217.9999999458	   477221.7490234375	   477221.0000000000	767	1	30	49.250000	 23385937.9931943193
   417218.9999999686	   472865.8212890625	   472865.0000000000	841	1	30	49.250000	 23385363.8630264252
   417219.9999999912	   468509.9296875000	   468509.0000000000	952	1	30	48.750000	 23384789.6805078797
   417221.0000000150	   464154.2431640625	   464154.0000000000	249	1	30	49.000000	 23384215.8818941079
   417222.0000000393	   459799.0419921875	   459799.0000000000	43	1	30	49.250000	 23383642.2054318748
   417223.0000000634	   455444.3154296875	   455444.0000000000	323	1	30	48.750000	 23383068.6197109222
   417224.0000000859	   451089.9726562500	   451089.0000000000	996	1	30	49.000000	 23382495.1352017857
   417224.9999999339	   446735.4853515625	   446735.0000000000	497	0	30	49.250000	 23381921.6891330443
   417225.9999999555	   442380.4150390625	   442380.0000000000	425	1	30	49.250000	 23381348.6583302282
   417226.9999999775	   438025.1279296875	   438025.0000000000	131	1	30	49.000000	 23380774.7131350562
   417228.0000000022	   433670.3955078125	   433670.0000000000	405	1	30	49.250000	 23380201.3019162677
   417229.0000000263	   429315.7958984375	   429315.0000000000	815	1	30	49.250000	 23379627.8592872135
   417230.0000000489	   424960.9873046875	   424960.0000000000	1011	1	30	48.750000	 23379054.1234946810
   417231.0000000732	   420606.6650390625	   420606.0000000000	681	1	30	49.250000	 23378481.3230341934
   417231.9999999228	   416252.3212890625	   416252.0000000000	329	0	30	50.250000	 23377908.3655715473
   417232.9999999466	   411897.9521484375	   411897.0000000000	975	1	30	49.500000	 23377335.1044250466
   417233.9999999698	   407543.7304687500	   407543.0000000000	748	1	30	49.000000	 23376761.1138588935
   417234.9999999944	   403190.2373046875	   403190.0000000000	243	1	30	49.000000	 23376188.1144656576
   417236.0000000184	   398838.2734375000	   398838.0000000000	280	1	30	49.000000	 23375614.7800280973
   417237.0000000410	   394487.0820312500	   394487.0000000000	84	1	30	49.250000	 23375041.0267853141
   417238.0000000636	   390135.6708984375	   390135.0000000000	687	1	30	48.750000	 23374467.7202685103
   417239.0000000864	   385784.3789062500	   385784.0000000000	388	1	30	48.500000	 23373893.8762844838
   417239.9999999352	   381433.2832031250	   381433.0000000000	290	0	30	48.000000	 23373320.5488770902
   417240.9999999591	   377082.8193359375	   377082.0000000000	839	1	30	48.500000	 23372747.3226310201
   417241.9999999834	   372733.1210937500	   372733.0000000000	124	1	30	48.750000	 23372174.3616283983
   417243.0000000075	   368383.8964843750	   368383.0000000000	918	1	30	48.500000	 23371601.3657253236
   417244.0000000310	   364035.0166015625	   364035.0000000000	17	1	30	48.750000	 23371028.7502375804
   417245.0000000539	   359686.5117187500	   359686.0000000000	524	1	30	48.500000	 23370455.7997054793
   417246.0000000773	   355338.2041015625	   355338.0000000000	209	1	30	48.250000	 23369882.4338576756
   417246.9999999253	   350989.9228515625	   350989.0000000000	945	0	30	47.750000	 23369308.8621472456
   417247.9999999489	   346641.9892578125	   346641.0000000000	1013	1	30	47.750000	 23368737.1226612329
   417248.9999999726	   342294.3642578125	   342294.0000000000	373	1	30	48.000000	 23368165.5786177889
   417249.9999999967	   337947.3320312500	   337947.0000000000	340	1	30	48.500000	 23367594.5511012003
   417251.0000000198	   333601.4541015625	   333601.0000000000	465	1	30	48.500000	 23367022.1170959845
   417252.0000000423	   329256.5166015625	   329256.0000000000	529	1	30	48.500000	 23366450.1716975272
   417253.0000000639	   324911.9345703125	   324911.0000000000	957	1	30	48.500000	 23365877.6958121955
   417254.0000000863	   320567.4726562500	   320567.0000000000	484	1	30	48.250000	 23365305.4642298743
   417254.9999999331	   316222.7314453125	   316222.0000000000	749	0	30	47.750000	 23364733.1000760235
   417255.9999999561	   311878.4980468750	   311878.0000000000	510	1	30	48.000000	 23364160.6137201451
   417256.9999999796	   307534.8818359375	   307534.0000000000	903	1	30	48.250000	 23363589.0173260495
   417258.0000000037	   303192.0244140625	   303192.0000000000	25	1	30	48.250000	 23363017.7036256231
   417259.0000000273	   298849.6777343750	   298849.0000000000	694	1	30	48.000000	 23362445.2661302164
   417260.0000000513	   294507.5634765625	   294507.0000000000	577	1	30	48.000000	 23361873.2369701639
   417261.0000000732	   290165.1718750000	   290165.0000000000	176	1	30	47.500000	 23361302.5479887500
   417261.9999999200	   285822.8857421875	   285822.0000000000	907	0	30	47.500000	 23360730.9167447276
   417262.9999999440	   281481.3466796875	   281481.0000000000	355	1	30	48.000000	 23360160.7303294539
   417263.9999999669	   277140.6162109375	   277140.0000000000	631	1	30	48.250000	 23359590.0692681223
   417264.9999999896	   272800.8310546875	   272800.0000000000	851	1	30	48.250000	 23359019.6594902016
   417266.0000000113	   268461.0878906250	   268461.0000000000	90	1	30	48.250000	 23358450.0628935210
   417267.0000000328	   264121.7978515625	   264121.0000000000	817	1	30	48.500000	 23357879.2692108005
   417268.0000000547	   259782.1718750000	   259782.0000000000	176	1	30	48.250000	 23357309.0269553661
   417269.0000000767	   255442.3896484375	   255442.0000000000	399	1	30	48.000000	 23356737.1024973206
   417269.9999999246	   251102.5175781250	   251102.0000000000	530	0	30	48.000000	 23356164.6580720507
   417270.9999999501	   246763.2373046875	   246763.0000000000	243	1	30	48.000000	 23355594.0493606888
   417271.9999999749	   242424.0595703125	   242424.0000000000	61	1	30	48.250000	 23355023.6779727004
   417272.9999999985	   238084.9902343750	   238084.0000000000	1014	1	30	48.250000	 23354453.8335821070
   417274.0000000217	   233745.6318359375	   233745.0000000000	647	1	30	48.250000	 23353883.6890476272
   417275.0000000441	   229406.7236328125	   229406.0000000000	741	1	30	48.250000	 23353312.5847504809
   417276.0000000689	   225068.2363281250	   225068.0000000000	242	1	30	48.750000	 23352742.3564544097
   417276.9999999182	   220730.4316406250	   220730.0000000000	442	0	30	48.500000	 23352171.4581195302
   417277.9999999426	   216393.8779296875	   216393.0000000000	899	1	30	48.750000	 23351602.1267656125
   417278.9999999650	   212057.5185546875	   212057.0000000000	531	1	30	48.750000	 23351032.0415621474
   417279.9999999884	   207721.5771484375	   207721.0000000000	591	1	30	48.750000	 23350462.5391962305
   417281.0000000114	   203385.5390625000	   203385.0000000000	552	1	30	48.500000	 23349892.6110447273
   417282.0000000341	   199049.0957031250	   199049.0000000000	98	1	30	48.500000	 23349323.0598183237
   417283.0000000564	   194713.4599609375	   194713.0000000000	471	1	30	48.750000	 23348753.0828063488
   417284.0000000806	   190378.3818359375	   190378.0000000000	391	1	30	49.000000	 23348183.8247434869
   417284.9999999287	   186043.6035156250	   186043.0000000000	618	0	30	49.000000	 23347615.2787005343
   417285.9999999510	   181709.3271484375	   181709.0000000000	335	1	30	49.250000	 23347046.0171481669
   417286.9999999740	   177375.2080078125	   177375.0000000000	213	1	30	49.250000	 23346477.9666418657
   417287.9999999960	   173041.2402343750	   173041.0000000000	246	1	30	49.250000	 23345908.1885626428
   417289.0000000176	   168707.8183593750	   168707.0000000000	838	1	30	49.000000	 23345339.4330672845
   417290.0000000406	   164375.0136718750	   164375.0000000000	14	1	30	49.500000	 23344770.6845515966
   417291.0000000633	   160043.1591796875	   160043.0000000000	163	1	30	49.500000	 23344202.6898861267
   417292.0000000855	   155712.1289062500	   155712.0000000000	132	1	30	49.750000	 23343633.6796171367
   417292.9999999321	   151381.7763671875	   151381.0000000000	795	0	30	50.000000	 23343064.6798685417
   417293.9999999529	   147051.9902343750	   147051.0000000000	1014	1	30	49.750000	 23342495.5369782001
   417294.9999999743	   142722.1601562500	   142722.0000000000	164	1	30	49.750000	 23341926.7465823963
   417295.9999999963	   138392.1738281250	   138392.0000000000	178	1	30	49.750000	 23341357.3803287223
   417297.0000000196	   134062.4941406250	   134062.0000000000	506	1	30	49.750000	 23340787.9861542843
   417298.0000000436	   129733.6796875000	   129733.0000000000	696	1	30	49.750000	 23340219.2481084652
   417299.0000000675	   125405.1894531250	   125405.0000000000	194	1	30	50.000000	 23339649.7422523685
   417299.9999999163	   121076.9677734375	   121076.0000000000	991	0	30	49.750000	 23339081.1368783899
   417300.9999999403	   116749.1015625000	   116749.0000000000	104	1	30	49.750000	 23338512.5419244803
   417301.9999999648	   112421.2519531250	   112421.0000000000	258	1	30	49.500000	 23337943.9434803873
   417302.9999999889	   108093.7617187500	   108093.0000000000	780	1	30	49.750000	 23337375.7952524535
   417304.0000000125	   103766.5400390625	   103766.0000000000	553	1	30	50.000000	 23336807.2037887052
   417305.0000000343	    99439.9384765625	    99439.0000000000	961	1	30	49.750000	 23336237.8026346117
   417306.0000000576	    95113.7490234375	    95113.0000000000	767	1	30	50.000000	 23335669.5357453376
   417307.0000000787	    90787.7871093750	    90787.0000000000	806	1	30	49.750000	 23335100.0682805330
   417307.9999999264	    86461.3164062500	    86461.0000000000	324	0	30	49.500000	 23334531.8293618299
   417308.9999999477	    82135.6875000000	    82135.0000000000	704	1	30	49.000000	 23333962.4316978976
   417309.9999999724	    77811.2255859375	    77811.0000000000	231	1	30	49.500000	 23333394.4405219294
   417310.9999999962	    73487.6855468750	    73487.0000000000	702	1	30	49.250000	 23332825.9363092855
   417312.0000000203	    69164.5048828125	    69164.0000000000	517	1	30	49.000000	 23332257.9311732724
   417313.0000000433	    64841.6259765625	    64841.0000000000	641	1	30	48.750000	 23331690.1668508239
   417314.0000000675	    60519.2978515625	    60519.0000000000	305	1	30	49.000000	 23331122.6258910149
   417314.9999999169	    56197.1171875000	    56197.0000000000	120	0	30	49.000000	 23330556.4844899774
   417315.9999999387	    51874.9208984375	    51874.0000000000	943	1	30	49.000000	 23329990.6431837007
   417316.9999999590	    47552.5429687500	    47552.0000000000	556	1	30	49.000000	 23329423.3639785200
   417317.9999999802	    43230.5322265625	    43230.0000000000	545	1	30	49.000000	 23328855.3274329416
   417319.0000000024	    38908.9375000000	    38908.0000000000	960	1	30	49.250000	 23328288.0517172702
   417320.0000000243	    34587.9033203125	    34587.0000000000	925	1	30	49.000000	 23327720.5456585623
   417321.0000000459	    30268.0693359375	    30268.0000000000	71	1	30	49.250000	 23327153.0779905133
   417322.0000000669	    25949.0390625000	    25949.0000000000	40	1	30	49.250000	 23326585.7220040821
   417322.9999999132	    21630.0966796875	    21630.0000000000	99	0	30	49.250000	 23326017.3330137841
   417323.9999999336	    17311.9355468750	    17311.0000000000	958	1	30	48.750000	 23325449.8025251999
   417324.9999999551	    12994.4433593750	    12994.0000000000	454	1	30	49.000000	 23324882.2999566905
   417325.9999999758	     8676.6484375000	     8676.0000000000	664	1	30	48.250000	 23324314.7310774922
   417326.9999999957	     4358.2041015625	     4358.0000000000	209	1	30	48.250000	 23323747.7415463366
   417328.0000000165	       39.4638671875	       39.0000000000	475	1	30	48.250000	 23323180.0295752250
   417329.0000000389	    -4279.0722656250	  1044296.0000000000	950	1	30	48.250000	 23322612.1082008146
   417330.0000000635	    -8596.8671875000	  1039979.0000000000	136	1	30	48.500000	 23322046.3890453614
   417331.0000000857	   -12913.0263671875	  1035662.0000000000	997	1	30	48.750000	 23321479.9718811996
   417331.9999999317	   -17228.7812500000	  1031347.0000000000	224	0	30	49.000000	 23320913.6594688669
   417332.9999999528	   -21543.7675781250	  1027032.0000000000	238	1	30	48.500000	 23320347.8949438184
   417333.9999999747	   -25855.3583984375	  1022720.0000000000	657	1	30	49.000000	 23319782.8214478046
   417334.9999999923	   -30164.0683593750	  1018411.0000000000	954	1	30	49.000000	 23319215.9924594723
   417336.0000000092	   -34471.4580078125	  1014104.0000000000	555	1	30	48.750000	 23318649.7044285685
   417337.0000000260	   -38777.0244140625	  1009798.0000000000	999	1	30	49.000000	 23318082.5229457170
   417338.0000000425	   -43079.0673828125	  1005496.0000000000	955	1	30	48.750000	 23317518.5278757550
   417339.0000000536	   -47378.5859375000	  1001197.0000000000	424	1	30	49.250000	 23316951.9082920551
   417340.0000000650	   -51677.0917968750	   996898.0000000000	930	1	30	49.000000	 23316385.1072258651
   417341.0000000770	   -55976.1044921875	   992599.0000000000	917	1	30	48.500000	 23315819.9115810357
   417341.9999999127	   -60275.3164062500	   988300.0000000000	700	0	30	48.750000	 23315253.3897688165
   417342.9999999258	   -64574.1865234375	   984001.0000000000	833	1	30	48.500000	 23314687.3809427693
   417343.9999999384	   -68873.3691406250	   979702.0000000000	646	1	30	48.500000	 23314121.9479745850
   417344.9999999509	   -73172.9375000000	   975403.0000000000	64	1	30	48.500000	 23313555.4610122964
   417345.9999999650	   -77472.4160156250	   971103.0000000000	598	1	30	48.500000	 23312989.0508305579
   417346.9999999806	   -81771.1982421875	   966804.0000000000	821	1	30	48.750000	 23312422.7907204181
   417347.9999999962	   -86070.1728515625	   962505.0000000000	847	1	30	48.750000	 23311857.9615294971
   417349.0000000102	   -90369.3808593750	   958206.0000000000	634	1	30	48.500000	 23311291.9457230717
   417350.0000000258	   -94668.4199218750	   953907.0000000000	594	1	30	48.500000	 23310726.2579806261
   417351.0000000412	   -98966.7587890625	   949609.0000000000	247	1	30	48.750000	 23310160.1968032606
   417352.0000000561	  -103265.1220703125	   945310.0000000000	899	1	30	48.750000	 23309595.0151177943
   417353.0000000715	  -107562.7089843750	   941013.0000000000	298	1	30	48.500000	 23309030.4372102693
   417353.9999999120	  -111859.6279296875	   936716.0000000000	381	0	30	49.250000	 23308466.0617755130
   417354.9999999271	  -116156.3652343750	   932419.0000000000	650	1	30	49.000000	 23307901.7909922414
   417355.9999999410	  -120452.4560546875	   928123.0000000000	557	1	30	48.500000	 23307337.0106624775
   417356.9999999551	  -124748.2060546875	   923827.0000000000	813	1	30	49.000000	 23306771.8883080333
   417357.9999999695	  -129043.9091796875	   919532.0000000000	93	1	30	48.750000	 23306206.4064786956
   417358.9999999856	  -133339.3134765625	   915236.0000000000	703	1	30	48.500000	 23305640.8583379835
   417360.0000000026	  -137633.9707031250	   910942.0000000000	30	1	30	48.500000	 23305076.3223105893
   417361.0000000184	  -141927.7998046875	   906648.0000000000	205	1	30	48.750000	 23304511.5454703197
   417362.0000000331	  -146221.2832031250	   902354.0000000000	734	1	30	48.750000	 23303947.1525355093
   417363.0000000483	  -150515.2822265625	   898060.0000000000	735	1	30	48.000000	 23303383.3633786701
   417364.0000000633	  -154809.3027343750	   893766.0000000000	714	1	30	48.250000	 23302819.3613290302
   417365.0000000791	  -159102.9101562500	   889473.0000000000	92	1	30	48.250000	 23302254.7275806963
   417365.9999999207	  -163396.5117187500	   885179.0000000000	500	0	30	48.250000	 23301691.1129758134
   417366.9999999357	  -167689.4560546875	   880886.0000000000	557	1	30	48.250000	 23301127.1109261699
   417367.9999999513	  -171981.3007812500	   876594.0000000000	716	1	30	48.500000	 23300563.5695625432
   417368.9999999659	  -176272.4492187500	   872303.0000000000	564	1	30	49.000000	 23299999.4279111587
   417369.9999999791	  -180562.8437500000	   868013.0000000000	160	1	30	49.000000	 23299435.1710886098
   417370.9999999934	  -184852.3916015625	   863723.0000000000	623	1	30	49.500000	 23298872.8023811206
   417372.0000000060	  -189141.1142578125	   859434.0000000000	907	1	30	49.750000	 23298309.3726998381
   417373.0000000204	  -193429.4570312500	   855146.0000000000	556	1	30	49.500000	 23297746.1803412586
   417374.0000000335	  -197717.6875000000	   850858.0000000000	320	1	30	49.250000	 23297182.6215281077
   417375.0000000467	  -202006.0781250000	   846569.0000000000	944	1	30	48.750000	 23296618.6334391609
   417376.0000000604	  -206294.3212890625	   842281.0000000000	695	1	30	48.750000	 23296054.9454941377
   417377.0000000754	  -210581.7089843750	   837994.0000000000	298	1	30	49.000000	 23295491.3901704773
   417378.0000000847	  -214869.0234375000	   833706.0000000000	1000	1	30	48.750000	 23294926.0898250416
   417378.9999999232	  -219156.2255859375	   829419.0000000000	793	0	30	48.500000	 23294361.8190922514
   417379.9999999382	  -223442.3896484375	   825133.0000000000	625	1	30	48.500000	 23293798.9792282023
   417380.9999999515	  -227727.7998046875	   820848.0000000000	205	1	30	49.000000	 23293235.3122235537
   417381.9999999647	  -232013.0839843750	   816562.0000000000	938	1	30	49.000000	 23292671.3415848501
   417382.9999999782	  -236298.4980468750	   812277.0000000000	514	1	30	48.500000	 23292107.8700227775
   417383.9999999922	  -240583.6123046875	   807992.0000000000	397	1	30	48.500000	 23291544.7160548083
   417385.0000000077	  -244867.7988281250	   803708.0000000000	206	1	30	49.000000	 23290982.3019763529
   417386.0000000224	  -249150.0722656250	   799425.0000000000	950	1	30	49.250000	 23290419.3399607614
   417387.0000000353	  -253431.3066406250	   795144.0000000000	710	1	30	49.250000	 23289856.1406225003
   417388.0000000485	  -257712.5820312500	   790863.0000000000	428	1	30	49.250000	 23289293.2972689420
   417389.0000000590	  -261993.7255859375	   786582.0000000000	281	1	30	49.250000	 23288730.3841152117
   417390.0000000708	  -266273.8515625000	   782302.0000000000	152	1	30	50.250000	 23288167.2650483586
   417391.0000000828	  -270552.7695312500	   778023.0000000000	236	1	30	49.750000	 23287604.9486922212
   417391.9999999194	  -274830.6689453125	   773745.0000000000	339	0	30	50.000000	 23287042.3915729895
   417392.9999999295	  -279107.9062500000	   769468.0000000000	96	1	30	49.750000	 23286478.3546242751
   417393.9999999413	  -283384.1582031250	   765191.0000000000	862	1	30	49.250000	 23285916.3977430165
   417394.9999999520	  -287659.8515625000	   760916.0000000000	152	1	30	49.250000	 23285353.6800318509
   417395.9999999633	  -291934.6513671875	   756641.0000000000	357	1	30	48.750000	 23284791.4230067134
   417396.9999999740	  -296207.9238281250	   752368.0000000000	78	1	30	49.000000	 23284230.5480403118
   417397.9999999812	  -300480.5537109375	   748095.0000000000	457	1	30	49.500000	 23283667.6418676190
   417398.9999999893	  -304752.4736328125	   743823.0000000000	539	1	30	49.750000	 23283104.9974481873
   417399.9999999982	  -309023.3310546875	   739552.0000000000	685	1	30	49.250000	 23282542.5973318107
   417401.0000000061	  -313292.5009765625	   735283.0000000000	511	1	30	49.250000	 23281981.0452971011
   417402.0000000124	  -317559.2919921875	   731016.0000000000	725	1	30	50.000000	 23281419.7201159112
   417403.0000000174	  -321824.4814453125	   726751.0000000000	531	1	30	49.750000	 23280856.8662945479
   417404.0000000224	  -326088.6005859375	   722487.0000000000	409	1	30	49.750000	 23280295.2828502506
   417405.0000000268	  -330352.8779296875	   718223.0000000000	125	1	30	49.500000	 23279732.9874365516
   417406.0000000318	  -334616.9179687500	   713959.0000000000	84	1	30	49.000000	 23279171.2609003559
   417407.0000000371	  -338880.3896484375	   709695.0000000000	625	1	30	49.250000	 23278610.3545250595
   417408.0000000420	  -343142.8789062500	   705433.0000000000	124	1	30	49.500000	 23278048.7710807957
   417409.0000000463	  -347402.9169921875	   701173.0000000000	85	1	30	49.500000	 23277487.9798773415
   417410.0000000482	  -351660.1210937500	   696915.0000000000	900	1	30	50.000000	 23276926.9199409746
   417411.0000000485	  -355916.1035156250	   692659.0000000000	918	1	30	50.000000	 23276365.9612163901
   417412.0000000484	  -360172.1406250000	   688403.0000000000	880	1	30	49.750000	 23275804.4336143024
   417413.0000000509	  -364427.6503906250	   684148.0000000000	358	1	30	49.000000	 23275243.8343639448
   417414.0000000547	  -368682.5722656250	   679893.0000000000	438	1	30	49.750000	 23274684.0308439210
   417415.0000000578	  -372935.8095703125	   675640.0000000000	195	1	30	49.250000	 23274123.9097297862
   417416.0000000577	  -377187.6523437500	   671388.0000000000	356	1	30	49.500000	 23273562.9544953927
   417417.0000000598	  -381439.1962890625	   667136.0000000000	823	1	30	49.250000	 23273002.9485531375
   417418.0000000591	  -385689.9599609375	   662886.0000000000	41	1	30	48.750000	 23272442.5517263748
   417419.0000000586	  -389938.7500000000	   658637.0000000000	256	1	30	49.500000	 23271882.8878094591
   417420.0000000559	  -394187.0791015625	   654388.0000000000	943	1	30	49.750000	 23271322.3095008731
   417421.0000000539	  -398435.6171875000	   650140.0000000000	392	1	30	49.250000	 23270762.5129625574
   417422.0000000505	  -402684.6718750000	   645891.0000000000	336	1	30	49.000000	 23270201.7252513580
   417423.0000000498	  -406933.3779296875	   641642.0000000000	637	1	30	49.250000	 23269640.5955147892
   417424.0000000490	  -411181.9384765625	   637394.0000000000	63	1	30	49.250000	 23269079.5739696808
   417425.0000000500	  -415430.0761718750	   633145.0000000000	946	1	30	49.000000	 23268519.2364732847
   417426.0000000516	  -419677.4990234375	   628898.0000000000	513	1	30	49.750000	 23267960.6474901885
   417427.0000000509	  -423923.7968750000	   624652.0000000000	208	1	30	50.000000	 23267401.0917647332
   417428.0000000504	  -428168.7939453125	   620407.0000000000	211	1	30	50.250000	 23266841.4627482519
   417429.0000000495	  -432413.4228515625	   616162.0000000000	591	1	30	50.000000	 23266280.9786704332
   417430.0000000485	  -436657.3330078125	   611918.0000000000	683	1	30	49.750000	 23265721.4787858240
   417431.0000000487	  -440901.0068359375	   607674.0000000000	1017	1	30	50.000000	 23265162.0417217389
   417432.0000000466	  -445143.6835937500	   603432.0000000000	324	1	30	49.750000	 23264602.3533749208
   417433.0000000444	  -449385.7216796875	   599190.0000000000	285	1	30	50.250000	 23264041.7890263647
   417434.0000000408	  -453627.6503906250	   594948.0000000000	358	1	30	49.750000	 23263481.2176981233
   417435.0000000385	  -457869.9609375000	   590706.0000000000	40	1	30	49.500000	 23262921.4595504366
   417436.0000000345	  -462112.3652343750	   586463.0000000000	650	1	30	49.250000	 23262360.9266128205
   417437.0000000325	  -466354.4687500000	   582221.0000000000	544	1	30	49.250000	 23261801.5419000536
   417438.0000000345	  -470596.1630859375	   577979.0000000000	857	1	30	50.000000	 23261242.9319765829
   417439.0000000342	  -474837.2695312500	   573738.0000000000	748	1	30	49.750000	 23260684.3569542095
   417440.0000000334	  -479077.4306640625	   569498.0000000000	583	1	30	49.500000	 23260125.6248798780
   417441.0000000307	  -483316.4062500000	   565259.0000000000	608	1	30	49.250000	 23259565.7794811018
   417442.0000000283	  -487554.9833984375	   561021.0000000000	17	1	30	49.500000	 23259005.8433410488
   417443.0000000257	  -491793.4765625000	   556782.0000000000	536	1	30	48.750000	 23258446.2841261365
   417444.0000000241	  -496031.6962890625	   552544.0000000000	311	1	30	49.000000	 23257887.0390151106
   417445.0000000226	  -500269.2812500000	   548306.0000000000	736	1	30	49.000000	 23257327.8113543354
   417446.0000000210	  -504505.5869140625	   544070.0000000000	423	1	30	49.000000	 23256768.8524271399
   417447.0000000181	  -508740.8759765625	   539835.0000000000	127	1	30	49.500000	 23256209.7783288360
   417448.0000000153	  -512975.2919921875	   535600.0000000000	725	1	30	49.250000	 23255651.7407743894
   417449.0000000110	  -517210.0917968750	   531365.0000000000	930	1	30	49.500000	 23255093.3926062137
   417450.0000000075	  -521444.9101562500	   527131.0000000000	92	1	30	48.500000	 23254534.1440056935
   417451.0000000056	  -525679.6835937500	   522896.0000000000	324	1	30	48.500000	 23253975.8132870384
   417452.0000000026	  -529914.1298828125	   518661.0000000000	891	1	30	48.500000	 23253416.2750125341
   417453.0000000001	  -534148.0439453125	   514427.0000000000	979	1	30	48.750000	 23252858.1641670242
   417453.9999999976	  -538381.1542968750	   510194.0000000000	866	1	30	49.000000	 23252299.6414959878
   417454.9999999938	  -542613.4609375000	   505962.0000000000	552	1	30	48.750000	 23251741.1816461422
   417455.9999999900	  -546845.5117187500	   501730.0000000000	500	1	30	48.250000	 23251182.9905299209
   417456.9999999867	  -551076.7617187500	   497499.0000000000	244	1	30	48.000000	 23250624.3491975367
   417457.9999999842	  -555307.1992187500	   493268.0000000000	820	1	30	48.000000	 23250066.9712618701
   417458.9999999801	  -559537.4550781250	   489038.0000000000	558	1	30	48.000000	 23249508.8359864838
   417459.9999999763	  -563767.8359375000	   484808.0000000000	168	1	30	48.000000	 23248951.0566958152
   417460.9999999729	  -567997.8154296875	   480578.0000000000	189	1	30	48.250000	 23248392.8446391933
   417461.9999999694	  -572228.0332031250	   476347.0000000000	990	1	30	48.250000	 23247834.4720404372
   417462.9999999675	  -576458.1259765625	   472117.0000000000	895	1	30	48.000000	 23247276.8218809664
   417463.9999999646	  -580687.1406250000	   467888.0000000000	880	1	30	48.250000	 23246719.4823359177
   417464.9999999619	  -584915.6191406250	   463660.0000000000	390	1	30	48.500000	 23246163.8947943673
   417465.9999999586	  -589143.9023437500	   459432.0000000000	100	1	30	48.500000	 23245606.4330977947
   417466.9999999551	  -593371.9541015625	   455204.0000000000	47	1	30	48.250000	 23245048.9016003460
   417467.9999999523	  -597599.5937500000	   450976.0000000000	416	1	30	48.500000	 23244492.5636987537
   417468.9999999501	  -601827.2353515625	   446748.0000000000	783	1	30	48.250000	 23243934.0026370995
   417469.9999999485	  -606054.3720703125	   442521.0000000000	643	1	30	48.000000	 23243376.8864547014
   417470.9999999464	  -610280.3027343750	   438295.0000000000	714	1	30	48.750000	 23242819.9168544039
   417471.9999999423	  -614506.3427734375	   434069.0000000000	673	1	30	48.750000	 23242263.1950480156
   417472.9999999384	  -618731.6953125000	   429844.0000000000	312	1	30	48.750000	 23241706.2568586618
   417473.9999999370	  -622956.1269531250	   425619.0000000000	894	1	30	48.750000	 23241149.6397528946
   417474.9999999334	  -627180.3886718750	   421395.0000000000	626	1	30	48.500000	 23240592.2338971607
   417475.9999999305	  -631403.9257812500	   417172.0000000000	76	1	30	48.250000	 23240036.0216372684
   417476.9999999264	  -635627.1337890625	   412948.0000000000	887	1	30	48.750000	 23239479.7291066460
   417477.9999999221	  -639850.1142578125	   408725.0000000000	907	1	30	48.750000	 23238923.2411334515
   417478.9999999172	  -644072.8847656250	   404503.0000000000	118	1	30	48.750000	 23238366.5961082950
   417479.9999999136	  -648295.1406250000	   400280.0000000000	880	1	30	48.750000	 23237810.3175377138
   417481.0000000852	  -652516.5683593750	   396059.0000000000	442	2	30	49.000000	 23237254.3181207925
   417482.0000000816	  -656737.9433593750	   391838.0000000000	58	1	30	49.000000	 23236698.9155519865
   417483.0000000774	  -660959.2285156250	   387616.0000000000	790	1	30	49.250000	 23236143.0348468870
   417484.0000000725	  -665179.9990234375	   383396.0000000000	1	1	30	49.000000	 23235587.3740149736
   417485.0000000683	  -669400.1816406250	   379175.0000000000	838	1	30	49.500000	 23235032.0482273847
   417486.0000000636	  -673619.6289062500	   374956.0000000000	380	1	30	49.250000	 23234476.4397461228
   417487.0000000597	  -677838.2695312500	   370737.0000000000	748	1	30	49.250000	 23233920.8068342619
   417488.0000000556	  -682056.3779296875	   366519.0000000000	637	1	30	49.250000	 23233364.3886619397
   417489.0000000520	  -686273.6865234375	   362302.0000000000	321	1	30	49.250000	 23232809.6841025092
   417490.0000000488	  -690490.2373046875	   358085.0000000000	781	1	30	49.750000	 23232254.2431430444
   417491.0000000432	  -694706.5097656250	   353869.0000000000	502	1	30	49.000000	 23231698.6590923779
   417492.0000000369	  -698921.4199218750	   349654.0000000000	594	1	30	49.250000	 23231142.2758211568
   417493.0000000310	  -703134.9980468750	   345441.0000000000	2	1	30	49.500000	 23230586.1752436087
   417494.0000000232	  -707347.4843750000	   341228.0000000000	528	1	30	49.250000	 23230030.5004523285
   417495.0000000152	  -711559.2500000000	   337016.0000000000	768	1	30	49.250000	 23229473.8973086588
   417496.0000000083	  -715769.8007812500	   332806.0000000000	204	1	30	49.250000	 23228918.3411787488
   417497.0000000014	  -719979.8828125000	   328596.0000000000	120	1	30	49.500000	 23228362.3732232600
   417497.9999999941	  -724189.7187500000	   324386.0000000000	288	1	30	48.750000	 23227806.2831162587
   417498.9999999861	  -728398.6308593750	   320177.0000000000	378	1	30	48.750000	 23227250.2523402683
   417499.9999999790	  -732605.3828125000	   315970.0000000000	632	1	30	49.000000	 23226695.6455031373
   417500.9999999687	  -736810.7070312500	   311765.0000000000	300	1	30	49.500000	 23226140.3825380951
   417501.9999999593	  -741014.5878906250	   307561.0000000000	422	1	30	49.500000	 23225587.2066208646
   417502.9999999475	  -745217.2412109375	   303358.0000000000	777	1	30	49.500000	 23225031.7761340067
   417503.9999999366	  -749418.4785156250	   299157.0000000000	534	1	30	49.500000	 23224476.4468582720
   417504.9999999241	  -753619.0468750000	   294956.0000000000	976	1	30	49.000000	 23223919.6622334197
   417505.9999999126	  -757819.4150390625	   290756.0000000000	599	1	30	48.500000	 23223363.5860878192
   417507.0000000760	  -762019.3564453125	   286556.0000000000	659	2	30	48.500000	 23222808.3091129214
   417508.0000000647	  -766219.0263671875	   282356.0000000000	997	1	30	48.500000	 23222253.0182278007
   417509.0000000540	  -770417.5107421875	   278158.0000000000	501	1	30	48.500000	 23221697.5982108079
   417510.0000000417	  -774615.8857421875	   273960.0000000000	117	1	30	48.500000	 23221143.3159494884
   417511.0000000276	  -778813.9677734375	   269762.0000000000	33	1	30	48.000000	 23220588.4578310177
   417512.0000000159	  -783011.9277343750	   265564.0000000000	74	1	30	48.500000	 23220034.9049893543
   417513.0000000031	  -787209.4013671875	   261366.0000000000	613	1	30	48.500000	 23219480.8949518353
   417513.9999999914	  -791406.0791015625	   257169.0000000000	943	1	30	48.750000	 23218928.3263034262
   417514.9999999796	  -795601.6152343750	   252974.0000000000	394	1	30	49.000000	 23218375.3283792399
   417515.9999999681	  -799796.2587890625	   248779.0000000000	759	1	30	49.250000	 23217821.9709801562
   417516.9999999551	  -803989.5439453125	   244586.0000000000	467	1	30	49.250000	 23217268.5891511776
   417517.9999999413	  -808181.8710937500	   240394.0000000000	132	1	30	49.500000	 23216715.7133791894
   417518.9999999263	  -812372.1396484375	   236203.0000000000	881	1	30	49.500000	 23216162.4537024200
   417520.0000000855	  -816559.7548828125	   232016.0000000000	251	2	30	50.000000	 23215609.9094354548
   417521.0000000685	  -820745.4970703125	   227830.0000000000	515	1	30	50.750000	 23215057.4873704836
   417522.0000000503	  -824930.4443359375	   223645.0000000000	569	1	30	50.750000	 23214504.7163011879
   417523.0000000310	  -829116.4052734375	   219459.0000000000	609	1	30	50.500000	 23213951.4531356096
   417524.0000000139	  -833302.0068359375	   215273.0000000000	1017	1	30	50.250000	 23213398.4238025062
   417524.9999999972	  -837487.4511718750	   211088.0000000000	562	1	30	50.750000	 23212845.6597128808
   417525.9999999802	  -841672.3632812500	   206903.0000000000	652	1	30	50.500000	 23212292.7909219414
   417526.9999999642	  -845857.0478515625	   202718.0000000000	975	1	30	50.500000	 23211739.5382255279
   417527.9999999473	  -850041.1005859375	   198534.0000000000	921	1	30	50.000000	 23211186.5786933191
   417528.9999999311	  -854224.8066406250	   194351.0000000000	198	1	30	50.250000	 23210634.0972973481
   417529.9999999137	  -858408.0312500000	   190167.0000000000	992	1	30	49.750000	 23210080.5688876361
   417531.0000000735	  -862590.4218750000	   185985.0000000000	592	2	30	50.000000	 23209528.1816726327
   417532.0000000575	  -866772.7148437500	   181803.0000000000	292	1	30	49.750000	 23208975.3408017680
   417533.0000000424	  -870954.8798828125	   177621.0000000000	123	1	30	49.500000	 23208422.4929505214
   417534.0000000270	  -875136.3750000000	   173439.0000000000	640	1	30	49.500000	 23207869.6834899373
   417535.0000000115	  -879317.0390625000	   169258.0000000000	984	1	30	49.750000	 23207316.5703952387
   417535.9999999955	  -883497.0888671875	   165078.0000000000	933	1	30	49.500000	 23206763.7469746098
   417536.9999999804	  -887676.6416015625	   160899.0000000000	367	1	30	49.750000	 23206211.1678570062
   417537.9999999633	  -891855.9023437500	   156720.0000000000	100	1	30	49.250000	 23205658.5852499120
   417538.9999999468	  -896034.6074218750	   152541.0000000000	402	1	30	49.500000	 23205106.5889705420
   417539.9999999292	  -900212.7675781250	   148363.0000000000	238	1	30	49.750000	 23204553.9924034104
   417541.0000000860	  -904390.4560546875	   144185.0000000000	557	2	30	49.500000	 23204002.2892384417
   417542.0000000673	  -908568.3779296875	   140007.0000000000	637	1	30	49.250000	 23203450.2196686789
   417543.0000000485	  -912745.8994140625	   135830.0000000000	103	1	30	49.500000	 23202898.5619244948
   417544.0000000307	  -916923.0585937500	   131652.0000000000	964	1	30	49.750000	 23202347.1659335755
   417545.0000000138	  -921100.0341796875	   127475.0000000000	989	1	30	49.500000	 23201795.7804124951
   417545.9999999971	  -925277.1533203125	   123298.0000000000	867	1	30	49.250000	 23201244.7334259413
   417546.9999999789	  -929454.3603515625	   119121.0000000000	655	1	30	49.250000	 23200693.0896417834
   417547.9999999616	  -933631.6103515625	   114944.0000000000	399	1	30	48.750000	 23200140.8839598000
   417548.9999999460	  -937808.7802734375	   110767.0000000000	225	1	30	48.500000	 23199588.4339740872
   417549.9999999311	  -941985.7392578125	   106590.0000000000	267	1	30	48.000000	 23199036.6575671881
   417550.9999999152	  -946162.4345703125	   102413.0000000000	579	1	30	48.250000	 23198484.8532402106
   417552.0000000747	  -950338.2343750000	    98237.0000000000	784	2	30	48.500000	 23197932.8080498613
   417553.0000000579	  -954514.1933593750	    94061.0000000000	826	1	30	48.250000	 23197381.7436130792
   417554.0000000416	  -958690.3457031250	    89885.0000000000	670	1	30	48.250000	 23196830.2289601304
   417555.0000000249	  -962866.1689453125	    85709.0000000000	851	1	30	48.250000	 23196278.4839641899
   417556.0000000106	  -967041.6328125000	    81534.0000000000	376	1	30	48.750000	 23195728.4386203848
   417556.9999999956	  -971216.5087890625	    77359.0000000000	503	1	30	49.000000	 23195178.7736918703
   417557.9999999793	  -975391.2890625000	    73184.0000000000	728	1	30	48.750000	 23194628.5643164329
   417558.9999999623	  -979565.9882812500	    69010.0000000000	12	1	30	48.750000	 23194077.8419043235
   417559.9999999468	  -983739.5957031250	    64836.0000000000	414	1	30	49.000000	 23193527.3044642471
   417560.9999999299	  -987912.7402343750	    60663.0000000000	266	1	30	49.250000	 23192976.3307687268
   417561.9999999134	  -992086.6289062500	    56489.0000000000	380	1	30	48.500000	 23192425.0673991852
   417563.0000000721	  -996260.5537109375	    52315.0000000000	457	2	30	48.500000	 23191874.2437254600
   417564.0000000572	 -1000434.3496093750	    48141.0000000000	666	1	30	48.750000	 23191323.4340615682
   417565.0000000436	 -1004607.4746093750	    43968.0000000000	538	1	30	48.750000	 23190772.6139271669
   417566.0000000303	 -1008780.1826171875	    39795.0000000000	837	1	30	48.750000	 23190222.5965034179
   417567.0000000162	 -1012952.9023437500	    35623.0000000000	100	1	30	49.000000	 23189671.9055008925
   417568.0000000022	 -1017125.5136718750	    31450.0000000000	498	1	30	48.750000	 23189121.7868660241
   417568.9999999882	 -1021298.2412109375	    27277.0000000000	777	1	30	49.250000	 23188572.4185912386
   417569.9999999742	 -1025469.9570312500	    23106.0000000000	44	1	30	49.250000	 23188022.3174066022
   417570.9999999608	 -1029641.2773437500	    18934.0000000000	740	1	30	49.250000	 23187471.7101649716
   417571.9999999473	 -1033812.4990234375	    14763.0000000000	513	1	30	48.500000	 23186921.3367565349
   417572.9999999350	 -1037983.4941406250	    10592.0000000000	518	1	30	49.000000	 23186371.6159865148
   417573.9999999214	 -1042154.3691406250	     6421.0000000000	646	1	30	49.000000	 23185821.0471354984
   417575.0000000835	 -1046323.9296875000	     2252.0000000000	72	2	30	48.750000	 23185271.3961165398
   417576.0000000691	 -1050491.7607421875	  1046660.0000000000	245	1	30	48.750000	 23184721.1727803983
   417577.0000000540	 -1054657.0263671875	  1042494.0000000000	997	1	30	48.750000	 23184172.1884110495
   417578.0000000361	 -1058820.7724609375	  1038331.0000000000	233	1	30	49.000000	 23183622.9213487282
   417579.0000000179	 -1062981.6259765625	  1034170.0000000000	383	1	30	49.500000	 23183074.8548626341
   417579.9999999949	 -1067139.3496093750	  1030012.0000000000	666	1	30	49.500000	 23182524.5163573585
   417580.9999999714	 -1071295.3183593750	  1025856.0000000000	698	1	30	49.250000	 23181974.7188095152
   417581.9999999473	 -1075450.4960937500	  1021701.0000000000	516	1	30	49.250000	 23181425.4622191042
   417582.9999999235	 -1079604.5859375000	  1017547.0000000000	424	1	30	49.500000	 23180876.4359717071
   417584.0000000756	 -1083757.2441406250	  1013394.0000000000	774	2	30	49.500000	 23180328.1844644547
   417585.0000000508	 -1087909.5888671875	  1009242.0000000000	421	1	30	49.750000	 23179779.1477471814
   417586.0000000275	 -1092061.5703125000	  1005090.0000000000	440	1	30	49.750000	 23179230.4216436706
   417587.0000000033	 -1096213.1513671875	  1000938.0000000000	869	1	30	49.500000	 23178681.2906949632
   417587.9999999804	 -1100364.2705078125	   996787.0000000000	747	1	30	49.750000	 23178132.5436510481
   417588.9999999568	 -1104514.5478515625	   992637.0000000000	463	1	30	49.500000	 23177583.5697543025
   417589.9999999336	 -1108663.9687500000	   988488.0000000000	32	1	30	49.750000	 23177035.0041929260
   417591.0000000848	 -1112812.2802734375	   984339.0000000000	737	2	30	50.000000	 23176486.9202081673
   417592.0000000607	 -1116959.9042968750	   980192.0000000000	98	1	30	49.750000	 23175938.8258033507
   417593.0000000353	 -1121106.7070312500	   976045.0000000000	300	1	30	49.750000	 23175389.8833175488
   417594.0000000101	 -1125252.7333984375	   971899.0000000000	273	1	30	49.250000	 23174841.7435424253
   417594.9999999845	 -1129398.4218750000	   967753.0000000000	592	1	30	49.250000	 23174293.4641655758
   417595.9999999588	 -1133542.6523437500	   963609.0000000000	356	1	30	49.000000	 23173745.1498882882
   417596.9999999314	 -1137685.3798828125	   959466.0000000000	635	1	30	49.500000	 23173197.0450142957
   417598.0000000792	 -1141827.2285156250	   955324.0000000000	790	2	30	49.250000	 23172649.0936522670
   417599.0000000537	 -1145968.0332031250	   951183.0000000000	990	1	30	49.500000	 23172102.1544533744
   417600.0000000263	 -1150107.6669921875	   947044.0000000000	341	1	30	49.750000	 23171554.6219470836
   417600.9999999985	 -1154245.4775390625	   942906.0000000000	535	1	30	49.750000	 23171007.5571071468
   417601.9999999690	 -1158381.6093750000	   938770.0000000000	400	1	30	50.000000	 23170460.3980364613
   417602.9999999384	 -1162517.2353515625	   934634.0000000000	783	1	30	50.000000	 23169912.0314098857
   417604.0000000845	 -1166652.2480468750	   930499.0000000000	770	2	30	49.250000	 23169364.7361771278
   417605.0000000561	 -1170787.4521484375	   926364.0000000000	561	1	30	49.250000	 23168817.4793848284
   417606.0000000262	 -1174921.8876953125	   922230.0000000000	115	1	30	49.250000	 23168269.3396110721
   417606.9999999962	 -1179055.0585937500	   918096.0000000000	964	1	30	49.500000	 23167721.6116628833
   417607.9999999664	 -1183187.4511718750	   913964.0000000000	562	1	30	49.500000	 23167173.7755231969
   417608.9999999359	 -1187319.6367187500	   909832.0000000000	372	1	30	49.000000	 23166625.1750634350
   417610.0000000820	 -1191450.6220703125	   905701.0000000000	387	2	30	48.750000	 23166078.1660145298
   417611.0000000510	 -1195580.9853515625	   901571.0000000000	15	1	30	49.250000	 23165531.4117897190
   417612.0000000200	 -1199710.7373046875	   897441.0000000000	269	1	30	49.500000	 23164983.5128295161
   417612.9999999900	 -1203839.9765625000	   893312.0000000000	24	1	30	49.000000	 23164436.2316073105
   417613.9999999602	 -1207969.2197265625	   889182.0000000000	799	1	30	48.750000	 23163890.2556626126
   417614.9999999280	 -1212098.6025390625	   885053.0000000000	407	1	30	48.750000	 23163343.1524334401
   417616.0000000722	 -1216227.3291015625	   880924.0000000000	687	2	30	49.000000	 23162795.8537112139
   417617.0000000427	 -1220355.6689453125	   876796.0000000000	339	1	30	49.250000	 23162249.5357418135
   417618.0000000137	 -1224483.8974609375	   872668.0000000000	105	1	30	49.500000	 23161704.3939180784
   417618.9999999818	 -1228612.6503906250	   868539.0000000000	358	1	30	49.250000	 23161158.6832175106
   417619.9999999506	 -1232741.5507812500	   864410.0000000000	460	1	30	49.000000	 23160611.8591918200
   417620.9999999206	 -1236870.3798828125	   860281.0000000000	635	1	30	48.750000	 23160064.4174274690
   417622.0000000664	 -1240998.8486328125	   856153.0000000000	155	2	30	49.000000	 23159518.1447785906
   417623.0000000374	 -1245127.1162109375	   852024.0000000000	905	1	30	49.000000	 23158972.5736790597
   417624.0000000086	 -1249255.0683593750	   847896.0000000000	954	1	30	49.250000	 23158426.0707369782
   417624.9999999799	 -1253382.2373046875	   843769.0000000000	781	1	30	49.250000	 23157880.2832544930
   417625.9999999513	 -1257508.6542968750	   839643.0000000000	354	1	30	49.500000	 23157334.1362971179
   417626.9999999218	 -1261634.3955078125	   835517.0000000000	619	1	30	49.250000	 23156788.1045115851
   417628.0000000678	 -1265758.4277343750	   831393.0000000000	586	2	30	49.500000	 23156242.4740312509
   417629.0000000368	 -1269881.0751953125	   827270.0000000000	947	1	30	49.250000	 23155696.4701664671
   417630.0000000051	 -1274003.3359375000	   823148.0000000000	680	1	30	49.000000	 23155151.0630999766
   417630.9999999721	 -1278125.5615234375	   819026.0000000000	449	1	30	48.750000	 23154605.2895788923
   417631.9999999393	 -1282247.8867187500	   814904.0000000000	116	1	30	48.500000	 23154059.5858586803
   417633.0000000834	 -1286369.4287109375	   810782.0000000000	585	2	30	48.000000	 23153513.3795211464
   417634.0000000531	 -1290490.6035156250	   806661.0000000000	406	1	30	48.500000	 23152968.5692522489
   417635.0000000215	 -1294611.4287109375	   802540.0000000000	585	1	30	48.250000	 23152422.5165270045
   417635.9999999907	 -1298731.6142578125	   798420.0000000000	395	1	30	48.000000	 23151877.2455720454
   417636.9999999591	 -1302851.5205078125	   794300.0000000000	491	1	30	48.000000	 23151331.1753965802
   417637.9999999279	 -1306971.5390625000	   790180.0000000000	472	1	30	47.750000	 23150785.7997403294
   417639.0000000718	 -1311091.5156250000	   786060.0000000000	496	2	30	47.500000	 23150240.2565117553
   417640.0000000409	 -1315211.9677734375	   781940.0000000000	33	1	30	47.250000	 23149695.9697500542
   417641.0000000108	 -1319332.3427734375	   777819.0000000000	673	1	30	47.750000	 23149151.0687398762
   417641.9999999817	 -1323452.5224609375	   773699.0000000000	489	1	30	48.000000	 23148607.4834770449
   417642.9999999524	 -1327572.3955078125	   769579.0000000000	619	1	30	48.000000	 23148063.2560456619
   417643.9999999239	 -1331691.8544921875	   765460.0000000000	149	1	30	48.000000	 23147519.1123751923
   417645.0000000702	 -1335810.8857421875	   761341.0000000000	117	2	30	47.750000	 23146975.1431570984
   417646.0000000400	 -1339930.0263671875	   757221.0000000000	997	1	30	47.500000	 23146430.9401562959
   417647.0000000104	 -1344048.9423828125	   753103.0000000000	59	1	30	48.000000	 23145886.3218397610
   417647.9999999804	 -1348167.7265625000	   748984.0000000000	280	1	30	47.500000	 23145341.0264542364
   417648.9999999519	 -1352286.2304687500	   744865.0000000000	788	1	30	47.250000	 23144797.4377012327
   417649.9999999230	 -1356405.0195312500	   740746.0000000000	1004	1	30	47.250000	 23144253.2067796737
   417651.0000000684	 -1360523.9111328125	   736628.0000000000	91	2	30	47.000000	 23143708.0998065546
   417652.0000000395	 -1364643.6005859375	   732508.0000000000	409	1	30	47.250000	 23143163.4221590199
   417653.0000000118	 -1368763.6113281250	   728388.0000000000	398	1	30	47.250000	 23142618.7898817547
   417653.9999999853	 -1372883.6083984375	   724268.0000000000	401	1	30	47.250000	 23142074.8276931494
   417654.9999999597	 -1377003.3193359375	   720148.0000000000	697	1	30	47.750000	 23141530.8585241735
   417655.9999999341	 -1381122.4130859375	   716029.0000000000	601	1	30	47.750000	 23140986.7113628387
   417657.0000000822	 -1385241.0693359375	   711910.0000000000	953	2	30	47.500000	 23140442.7281840295
   417658.0000000541	 -1389360.3193359375	   707791.0000000000	697	1	30	47.250000	 23139898.5810233727
   417659.0000000271	 -1393479.7871093750	   703672.0000000000	218	1	30	46.750000	 23139355.0341504626
   417660.0000000015	 -1397599.0400390625	   699552.0000000000	983	1	30	46.750000	 23138811.1906232238
   417660.9999999768	 -1401718.2099609375	   695433.0000000000	809	1	30	47.250000	 23138267.8950330503
   417661.9999999520	 -1405836.9775390625	   691315.0000000000	23	1	30	47.500000	 23137723.8839832731
   417662.9999999281	 -1409955.8945312500	   687196.0000000000	108	1	30	47.750000	 23137182.1205234602
   417664.0000000767	 -1414074.7656250000	   683077.0000000000	240	2	30	47.750000	 23136639.1354979239
   417665.0000000509	 -1418194.0195312500	   678957.0000000000	1004	1	30	47.750000	 23136095.6688957587
   417666.0000000269	 -1422313.4775390625	   674838.0000000000	535	1	30	47.500000	 23135553.2981678210
   417667.0000000026	 -1426433.0019531250	   670718.0000000000	1022	1	30	48.000000	 23135010.1247291677
   417667.9999999787	 -1430552.8964843750	   666599.0000000000	106	1	30	48.000000	 23134466.9478003569
   417668.9999999556	 -1434672.8232421875	   662479.0000000000	181	1	30	48.000000	 23133923.9977243729
   417669.9999999337	 -1438792.6738281250	   658359.0000000000	334	1	30	48.000000	 23133381.9864706434
   417671.0000000863	 -1442912.4052734375	   654239.0000000000	609	2	30	48.000000	 23132839.7587841339
   417672.0000000637	 -1447032.4902343750	   650119.0000000000	522	1	30	48.000000	 23132297.5381278098
   417673.0000000414	 -1451152.5136718750	   645999.0000000000	498	1	30	48.250000	 23131754.9928969927
   417674.0000000200	 -1455272.3876953125	   641879.0000000000	627	1	30	48.250000	 23131212.6745190434
   417674.9999999988	 -1459392.0937500000	   637759.0000000000	928	1	30	48.250000	 23130670.5864840746
   417675.9999999775	 -1463511.4921875000	   633640.0000000000	520	1	30	48.500000	 23130129.0533665903
   417676.9999999566	 -1467630.2949218750	   629521.0000000000	722	1	30	48.750000	 23129587.3387665600
   417677.9999999349	 -1471748.8740234375	   625403.0000000000	129	1	30	49.000000	 23129045.2367715687
   417678.9999999130	 -1475867.4804687500	   621284.0000000000	532	1	30	48.500000	 23128502.2238743864
   417680.0000000663	 -1479985.8330078125	   617166.0000000000	171	2	30	48.250000	 23127960.2055905014
   417681.0000000443	 -1484104.3984375000	   613047.0000000000	616	1	30	48.250000	 23127418.3025282547
   417682.0000000231	 -1488222.9160156250	   608929.0000000000	86	1	30	48.250000	 23126876.6437690519
   417683.0000000023	 -1492341.3701171875	   604810.0000000000	645	1	30	48.500000	 23126335.3758950196
   417683.9999999806	 -1496460.4150390625	   600691.0000000000	599	1	30	48.500000	 23125794.0068098530
   417684.9999999589	 -1500579.1806640625	   596572.0000000000	839	1	30	48.500000	 23125251.7617229335
   417685.9999999392	 -1504696.4726562500	   592455.0000000000	540	1	30	48.500000	 23124710.6997613274
   417686.9999999189	 -1508813.1044921875	   588338.0000000000	917	1	30	48.750000	 23124170.0007647909
   417688.0000000719	 -1512930.0097656250	   584221.0000000000	1014	2	30	48.250000	 23123629.0748656355
   417689.0000000502	 -1517047.6767578125	   580104.0000000000	331	1	30	48.500000	 23123088.2432477102
   417690.0000000292	 -1521165.5156250000	   575986.0000000000	496	1	30	48.250000	 23122546.6368391626
   417691.0000000092	 -1525283.3662109375	   571868.0000000000	649	1	30	48.250000	 23122004.9152587727
   417691.9999999906	 -1529400.9853515625	   567751.0000000000	15	1	30	48.500000	 23121463.5950334035
   417692.9999999721	 -1533518.3339843750	   563633.0000000000	682	1	30	48.500000	 23120922.1840667576
   417693.9999999535	 -1537635.4511718750	   559516.0000000000	562	1	30	48.500000	 23120380.5776575357
   417694.9999999352	 -1541752.1347656250	   555399.0000000000	886	1	30	48.500000	 23119839.5052253902
   417695.9999999178	 -1545867.4775390625	   551284.0000000000	535	1	30	48.750000	 23119299.6961899623
   417697.0000000739	 -1549980.9521484375	   547171.0000000000	49	2	30	49.000000	 23118759.0878842101
   417698.0000000534	 -1554093.0205078125	   543058.0000000000	1003	1	30	49.000000	 23118218.3539872468
   417699.0000000315	 -1558204.2246093750	   538947.0000000000	794	1	30	48.750000	 23117676.3601837195
   417700.0000000100	 -1562315.5917968750	   534836.0000000000	418	1	30	48.500000	 23117136.0101922117
   417700.9999999887	 -1566426.9267578125	   530725.0000000000	75	1	30	48.250000	 23116594.4770747423
   417701.9999999687	 -1570538.0576171875	   526613.0000000000	965	1	30	48.250000	 23116054.0258714370
   417702.9999999483	 -1574649.0371093750	   522502.0000000000	986	1	30	48.250000	 23115513.4699668288
   417703.9999999282	 -1578760.0634765625	   518391.0000000000	959	1	30	48.250000	 23114973.6993226930
   417705.0000000832	 -1582870.9589843750	   514281.0000000000	42	2	30	48.000000	 23114433.5098228306
   417706.0000000633	 -1586981.5253906250	   510170.0000000000	486	1	30	48.250000	 23113892.9504280463
   417707.0000000442	 -1591091.5683593750	   506060.0000000000	442	1	30	48.500000	 23113352.1886103302
   417708.0000000249	 -1595200.7382812500	   501951.0000000000	268	1	30	48.250000	 23112812.0899015553
   417709.0000000049	 -1599308.7402343750	   497843.0000000000	266	1	30	48.500000	 23112273.1045179218
   417709.9999999837	 -1603417.1865234375	   493734.0000000000	833	1	30	48.250000	 23111733.1454115622
   417710.9999999626	 -1607525.6572265625	   489626.0000000000	351	1	30	48.000000	 23111193.0955639444
   417711.9999999419	 -1611633.8886718750	   485518.0000000000	114	1	30	47.750000	 23110652.5780499466
   417712.9999999212	 -1615742.0957031250	   481409.0000000000	926	1	30	47.750000	 23110113.3483632505
   417714.0000000758	 -1619850.0371093750	   477301.0000000000	986	2	30	47.750000	 23109574.0383553393
   417715.0000000551	 -1623957.9658203125	   473194.0000000000	35	1	30	47.750000	 23109035.6497699320
   417716.0000000346	 -1628065.6660156250	   469086.0000000000	342	1	30	48.250000	 23108496.0780585743
   417717.0000000146	 -1632173.1972656250	   464978.0000000000	822	1	30	48.250000	 23107957.1834161878
   417717.9999999952	 -1636280.5029296875	   460871.0000000000	509	1	30	48.250000	 23107418.9274521880
   417718.9999999753	 -1640388.2880859375	   456763.0000000000	729	1	30	48.250000	 23106880.6575281434
   417719.9999999554	 -1644496.3632812500	   452655.0000000000	652	1	30	48.250000	 23106341.6721444912
   417720.9999999367	 -1648604.2490234375	   448547.0000000000	769	1	30	48.000000	 23105802.7844817899
   417721.9999999186	 -1652712.1474609375	   444439.0000000000	873	1	30	48.000000	 23105263.6245952807
   417723.0000000754	 -1656819.7216796875	   440332.0000000000	285	2	30	48.000000	 23104724.2447858006
   417724.0000000578	 -1660927.5781250000	   436224.0000000000	432	1	30	48.000000	 23104185.7968687266
   417725.0000000414	 -1665035.3173828125	   432116.0000000000	699	1	30	48.000000	 23103647.1604887471
   417726.0000000249	 -1669143.0205078125	   428008.0000000000	1003	1	30	48.250000	 23103108.7404917292
   417727.0000000087	 -1673250.7353515625	   423901.0000000000	271	1	30	48.250000	 23102570.7288300991
   417727.9999999926	 -1677358.5439453125	   419793.0000000000	467	1	30	48.250000	 23102032.8951608278
   417728.9999999767	 -1681466.3222656250	   415685.0000000000	694	1	30	48.500000	 23101494.3809323721
   417729.9999999619	 -1685574.2460937500	   411577.0000000000	772	1	30	48.500000	 23100956.5193423331
   417730.9999999458	 -1689681.9160156250	   407470.0000000000	86	1	30	48.750000	 23100417.8096713088
   417731.9999999310	 -1693789.3291015625	   403362.0000000000	687	1	30	48.750000	 23099879.0546293035
   417732.9999999165	 -1697896.4765625000	   399255.0000000000	536	1	30	48.750000	 23099340.8510145880
   417734.0000000767	 -1702003.5722656250	   395148.0000000000	438	2	30	48.500000	 23098803.0382352173
   417735.0000000603	 -1706111.0585937500	   391040.0000000000	964	1	30	48.500000	 23098264.1156714074
   417736.0000000452	 -1710218.3378906250	   386933.0000000000	678	1	30	48.500000	 23097725.4339204244
   417737.0000000313	 -1714325.2392578125	   382826.0000000000	779	1	30	48.500000	 23097186.8149899989
   417738.0000000177	 -1718431.9199218750	   378720.0000000000	82	1	30	48.500000	 23096648.9987702556
   417739.0000000041	 -1722538.6054687500	   374613.0000000000	404	1	30	48.500000	 23096111.8980101049
   417739.9999999895	 -1726645.6083984375	   370506.0000000000	401	1	30	48.500000	 23095574.3575043604
   417740.9999999764	 -1730753.0371093750	   366398.0000000000	986	1	30	48.250000	 23095036.2865110300
   417741.9999999645	 -1734860.7109375000	   362291.0000000000	296	1	30	48.500000	 23094498.9763475992
   417742.9999999523	 -1738968.6201171875	   358183.0000000000	389	1	30	48.500000	 23093961.5963832960
   417743.9999999403	 -1743076.4580078125	   354075.0000000000	555	1	30	48.750000	 23093423.6964019611
   417744.9999999295	 -1747184.0263671875	   349967.0000000000	997	1	30	49.000000	 23092887.1296182200
   417745.9999999190	 -1751291.0966796875	   345860.0000000000	925	1	30	49.000000	 23092350.3988021538
   417747.0000000835	 -1755397.7861328125	   341754.0000000000	219	2	30	49.000000	 23091814.3240648657
   417748.0000000710	 -1759504.7548828125	   337647.0000000000	251	1	30	48.750000	 23091277.2861252390
   417749.0000000588	 -1763611.7060546875	   333540.0000000000	301	1	30	48.750000	 23090740.1748945862
   417750.0000000464	 -1767718.6542968750	   329433.0000000000	354	1	30	48.500000	 23090202.8856715299
   417751.0000000356	 -1771825.6601562500	   325326.0000000000	348	1	30	48.750000	 23089666.0501541719
   417752.0000000242	 -1775932.9042968750	   321219.0000000000	98	1	30	48.500000	 23089129.5950521082
   417753.0000000120	 -1780040.0644531250	   317111.0000000000	958	1	30	48.750000	 23088592.0719958767
   417754.0000000012	 -1784147.4541015625	   313004.0000000000	559	1	30	48.750000	 23088055.3970206343
   417754.9999999905	 -1788254.7578125000	   308897.0000000000	248	1	30	48.750000	 23087518.4533117861
   417755.9999999806	 -1792362.0791015625	   304789.0000000000	943	1	30	48.750000	 23086982.4519153684
   417756.9999999705	 -1796469.4794921875	   300682.0000000000	533	1	30	48.750000	 23086445.8607010469
   417757.9999999608	 -1800577.1738281250	   296574.0000000000	846	1	30	48.500000	 23085910.3583812639
   417758.9999999520	 -1804684.8691406250	   292467.0000000000	134	1	30	48.500000	 23085373.5612538271
   417759.9999999438	 -1808792.1923828125	   288359.0000000000	827	1	30	48.500000	 23084837.9228218049
   417760.9999999350	 -1812899.3496093750	   284252.0000000000	666	1	30	48.750000	 23084302.4135216624
   417761.9999999260	 -1817006.5703125000	   280145.0000000000	440	1	30	48.500000	 23083765.9933193401
   417762.9999999179	 -1821113.4853515625	   276038.0000000000	527	1	30	48.500000	 23083229.8348702788
   417764.0000000857	 -1825220.0683593750	   271931.0000000000	954	2	30	48.750000	 23082694.4686115794
   417765.0000000770	 -1829326.7851562500	   267825.0000000000	220	1	30	48.500000	 23082159.2629454806
   417766.0000000694	 -1833433.4082031250	   263718.0000000000	606	1	30	48.750000	 23081624.1200999394
   417767.0000000618	 -1837540.3027343750	   259611.0000000000	714	1	30	48.500000	 23081088.8167122155
   417768.0000000540	 -1841647.6679687500	   255504.0000000000	340	1	30	48.500000	 23080552.8886061795
   417769.0000000476	 -1845755.0546875000	   251396.0000000000	968	1	30	48.250000	 23080017.2362134345
   417770.0000000419	 -1849862.0976562500	   247289.0000000000	924	1	30	48.250000	 23079481.6501313709
   417771.0000000370	 -1853969.0771484375	   243182.0000000000	945	1	30	48.250000	 23078946.7376281172
   417772.0000000309	 -1858075.7958984375	   239076.0000000000	209	1	30	48.250000	 23078411.6017622240
   417773.0000000254	 -1862180.1435546875	   234971.0000000000	877	1	30	48.500000	 23077877.6420419663
   417774.0000000171	 -1866282.2783203125	   230869.0000000000	739	1	30	48.500000	 23077342.4154354930
   417775.0000000083	 -1870383.7275390625	   226768.0000000000	279	1	30	48.500000	 23076807.3354111426
   417775.9999999992	 -1874485.5341796875	   222666.0000000000	477	1	30	48.250000	 23076272.7405033521
   417776.9999999899	 -1878587.7314453125	   218564.0000000000	275	1	30	48.500000	 23075737.6465189420
   417777.9999999821	 -1882689.8681640625	   214462.0000000000	135	1	30	48.250000	 23075203.2924240343
   417778.9999999764	 -1886790.2187500000	   210361.0000000000	800	1	30	48.750000	 23074669.4408952631
   417779.9999999698	 -1890888.6455078125	   206263.0000000000	363	1	30	49.000000	 23074136.4548983797
   417780.9999999614	 -1894985.4472656250	   202166.0000000000	566	1	30	49.000000	 23073603.3223200813
   417781.9999999514	 -1899080.7626953125	   198071.0000000000	243	1	30	48.750000	 23073069.7534863353
   417782.9999999410	 -1903175.3017578125	   193976.0000000000	715	1	30	48.500000	 23072535.4901333824
   417783.9999999321	 -1907269.0849609375	   189882.0000000000	937	1	30	48.250000	 23072002.2179533392
   417784.9999999215	 -1911362.0625000000	   185789.0000000000	960	1	30	48.500000	 23071467.9022497311
   417786.0000000856	 -1915454.2255859375	   181697.0000000000	793	2	30	48.250000	 23070933.9948316850
   417787.0000000740	 -1919546.8154296875	   177605.0000000000	189	1	30	48.250000	 23070400.9215850681
   417788.0000000627	 -1923639.9316406250	   173512.0000000000	70	1	30	48.000000	 23069866.8257546239
   417789.0000000516	 -1927733.5068359375	   169418.0000000000	505	1	30	48.000000	 23069333.3197420575
   417790.0000000406	 -1931827.0781250000	   165324.0000000000	944	1	30	48.250000	 23068799.1506205499
   417791.0000000305	 -1935920.3662109375	   161231.0000000000	649	1	30	48.250000	 23068264.5452429317
   417792.0000000219	 -1940012.4677734375	   157139.0000000000	545	1	30	48.250000	 23067731.3952144012
   417793.0000000115	 -1944102.6367187500	   153049.0000000000	372	1	30	48.500000	 23067198.1160546988
   417793.9999999983	 -1948191.9208984375	   148960.0000000000	81	1	30	48.250000	 23066663.9818342961
   417794.9999999859	 -1952280.9628906250	   144871.0000000000	38	1	30	48.000000	 23066129.9837254696
   417795.9999999746	 -1956369.5898437500	   140782.0000000000	420	1	30	47.750000	 23065596.1566286385
   417796.9999999625	 -1960458.2734375000	   136693.0000000000	744	1	30	48.000000	 23065062.7832381539
   417797.9999999494	 -1964546.7285156250	   132605.0000000000	278	1	30	48.000000	 23064529.8461037911
   417798.9999999377	 -1968634.2167968750	   128517.0000000000	802	1	30	48.250000	 23063996.3261312023
   417799.9999999265	 -1972720.6191406250	   124431.0000000000	390	1	30	48.500000	 23063464.1253961660
   417800.9999999140	 -1976806.1484375000	   120345.0000000000	872	1	30	48.500000	 23062931.6489478275
   417802.0000000758	 -1980890.6279296875	   116261.0000000000	381	2	30	48.750000	 23062398.7606241293
   417803.0000000623	 -1984974.8632812500	   112177.0000000000	140	1	30	48.750000	 23061866.1480642222
   417804.0000000499	 -1989058.6308593750	   108093.0000000000	378	1	30	48.750000	 23061334.1183418818
   417805.0000000374	 -1993142.3896484375	   104009.0000000000	625	1	30	48.500000	 23060801.7849854566
   417806.0000000240	 -1997226.2294921875	    99925.0000000000	789	1	30	48.250000	 23060268.6349582896
   417807.0000000114	 -2001309.8447265625	    95842.0000000000	159	1	30	48.000000	 23059735.2650580071
   417808.0000000003	 -2005393.2324218750	    91758.0000000000	786	1	30	48.000000	 23059203.0643229447
   417808.9999999883	 -2009476.5810546875	    87675.0000000000	429	1	30	48.000000	 23058670.3156508096
   417809.9999999752	 -2013559.8837890625	    83592.0000000000	119	1	30	47.750000	 23058137.5216083750
   417810.9999999639	 -2017642.2607421875	    79509.0000000000	757	1	30	48.000000	 23057605.8234401532
   417811.9999999529	 -2021722.3408203125	    75429.0000000000	675	1	30	48.500000	 23057074.8023409285
   417812.9999999385	 -2025799.9560546875	    71352.0000000000	45	1	30	48.750000	 23056543.4845886827
   417813.9999999219	 -2029875.5468750000	    67276.0000000000	464	1	30	49.000000	 23056011.7899120115
   417815.0000000806	 -2033949.8603515625	    63202.0000000000	143	2	30	48.750000	 23055479.5681881234
   417816.0000000653	 -2038024.8828125000	    59127.0000000000	120	1	30	48.500000	 23054947.6850485690
   417817.0000000491	 -2042100.5537109375	    55051.0000000000	457	1	30	48.750000	 23054415.5401557125
   417818.0000000334	 -2046176.4687500000	    50975.0000000000	544	1	30	48.500000	 23053883.6779565327
   417819.0000000185	 -2050252.2080078125	    46899.0000000000	811	1	30	48.250000	 23053351.6133344546
   417820.0000000061	 -2054327.3232421875	    42824.0000000000	693	1	30	48.500000	 23052820.3339721411
   417820.9999999942	 -2058402.0205078125	    38749.0000000000	1003	1	30	48.500000	 23052289.7491290271
   417821.9999999796	 -2062476.7832031250	    34675.0000000000	222	1	30	48.500000	 23051758.6652099751
   417822.9999999643	 -2066551.7431640625	    30600.0000000000	263	1	30	48.250000	 23051226.7646201849
   417823.9999999508	 -2070626.5410156250	    26525.0000000000	470	1	30	48.250000	 23050695.5655292869
   417824.9999999389	 -2074700.8896484375	    22451.0000000000	113	1	30	48.500000	 23050165.3017704673
   417825.9999999260	 -2078775.0117187500	    18376.0000000000	1012	1	30	48.500000	 23049634.9926413558
   417827.0000000868	 -2082848.3994140625	    14303.0000000000	615	2	30	48.500000	 23049103.5422172435
   417828.0000000736	 -2086921.5478515625	    10230.0000000000	463	1	30	48.500000	 23048572.4303774275
   417829.0000000604	 -2090994.0273437500	     6157.0000000000	996	1	30	48.500000	 23048041.7478133738
   417830.0000000471	 -2095066.4169921875	     2085.0000000000	597	1	30	48.500000	 23047510.6010731198
   417831.0000000331	 -2099138.7412109375	  1046589.0000000000	265	1	30	48.250000	 23046979.2623805031
   417832.0000000204	 -2103211.1337890625	  1042516.0000000000	887	1	30	48.250000	 23046448.1470504962
   417833.0000000077	 -2107283.8808593750	  1038444.0000000000	122	1	30	48.000000	 23045916.4942532629
   417833.9999999960	 -2111356.8417968750	  1034371.0000000000	162	1	30	47.750000	 23045384.6739335135
   417834.9999999845	 -2115430.2265625000	  1030297.0000000000	792	1	30	47.500000	 23044853.2095984854
   417835.9999999733	 -2119503.8671875000	  1026224.0000000000	136	1	30	47.250000	 23044321.4381392151
   417836.9999999641	 -2123577.3701171875	  1022150.0000000000	645	1	30	47.000000	 23043789.9389030635
   417837.9999999554	 -2127650.7373046875	  1018077.0000000000	269	1	30	47.250000	 23043259.9019963965
   417838.9999999466	 -2131723.6835937500	  1014004.0000000000	324	1	30	47.000000	 23042728.9716377556
   417839.9999999384	 -2135795.8437500000	  1009932.0000000000	160	1	30	47.250000	 23042199.0568826087
   417840.9999999288	 -2139867.0517578125	  1005860.0000000000	971	1	30	47.500000	 23041669.3131401390
   417841.9999999191	 -2143937.8046875000	  1001790.0000000000	200	1	30	47.000000	 23041139.4088555351
   417843.0000000832	 -2148007.4619140625	   997720.0000000000	551	2	30	46.750000	 23040608.9356436245
   417844.0000000717	 -2152076.9531250000	   993651.0000000000	48	1	30	46.750000	 23040078.0611264743
   417845.0000000600	 -2156146.7011718750	   989581.0000000000	306	1	30	46.000000	 23039547.8148178980
   417846.0000000471	 -2160216.5234375000	   985511.0000000000	488	1	30	45.750000	 23039015.5198520981
   417847.0000000365	 -2164286.2724609375	   981441.0000000000	745	1	30	45.500000	 23038484.3347205520
   417848.0000000262	 -2168355.9140625000	   977372.0000000000	88	1	30	45.500000	 23037954.0953916237
   417849.0000000160	 -2172425.3398437500	   973302.0000000000	676	1	30	45.750000	 23037425.0356985182
   417850.0000000056	 -2176494.3027343750	   969233.0000000000	714	1	30	46.000000	 23036896.7822062485
   417850.9999999951	 -2180562.6494140625	   965165.0000000000	359	1	30	46.000000	 23036367.9039956890
   417851.9999999846	 -2184630.8212890625	   961097.0000000000	183	1	30	46.000000	 23035838.8826931901
   417852.9999999741	 -2188698.8310546875	   957029.0000000000	173	1	30	45.500000	 23035310.0219328329
   417853.9999999640	 -2192766.8916015625	   952961.0000000000	111	1	30	45.250000	 23034781.9813333899
   417854.9999999535	 -2196835.0244140625	   948892.0000000000	999	1	30	45.750000	 23034253.9791245610
   417855.9999999429	 -2200903.3955078125	   944824.0000000000	619	1	30	45.500000	 23033725.9420153014
   417856.9999999338	 -2204971.6054687500	   940756.0000000000	404	1	30	45.500000	 23033197.7862440124
   417857.9999999258	 -2209039.8515625000	   936688.0000000000	152	1	30	45.500000	 23032669.1034753285
   417858.9999999186	 -2213108.2695312500	   932619.0000000000	748	1	30	45.000000	 23032140.9162931070
   417860.0000000866	 -2217176.4658203125	   928551.0000000000	547	2	30	45.500000	 23031614.2053505667
   417861.0000000789	 -2221244.8964843750	   924483.0000000000	106	1	30	46.250000	 23031087.6131199040
   417862.0000000717	 -2225313.5214843750	   920414.0000000000	490	1	30	46.750000	 23030560.1413972788
   417863.0000000641	 -2229382.2529296875	   916345.0000000000	765	1	30	46.500000	 23030032.1531478018
   417864.0000000573	 -2233451.0722656250	   912276.0000000000	950	1	30	46.500000	 23029504.6953852363
   417865.0000000512	 -2237519.8867187500	   908208.0000000000	116	1	30	46.500000	 23028976.4279315770
   417866.0000000450	 -2241588.7500000000	   904139.0000000000	256	1	30	46.500000	 23028448.4117613435
   417867.0000000392	 -2245657.7519531250	   900070.0000000000	254	1	30	46.500000	 23027920.3746507391
   417868.0000000338	 -2249726.6328125000	   896001.0000000000	376	1	30	46.750000	 23027392.7458754852
   417869.0000000300	 -2253795.3876953125	   891932.0000000000	627	1	30	47.000000	 23026865.8918901607
   417870.0000000247	 -2257864.2460937500	   887863.0000000000	772	1	30	47.250000	 23026339.0309251547
   417871.0000000194	 -2261933.2285156250	   883794.0000000000	790	1	30	47.500000	 23025811.9919678159
   417872.0000000143	 -2266002.2734375000	   879725.0000000000	744	1	30	47.250000	 23025285.0228113160
   417873.0000000098	 -2270071.3642578125	   875656.0000000000	651	1	30	47.500000	 23024758.6923332214
   417874.0000000060	 -2274140.3808593750	   871587.0000000000	634	1	30	47.500000	 23024232.5363573059
   417875.0000000024	 -2278209.6064453125	   867518.0000000000	403	1	30	47.750000	 23023706.8969082087
   417875.9999999976	 -2282279.1220703125	   863448.0000000000	899	1	30	47.750000	 23023180.3011866696
   417876.9999999937	 -2286348.8115234375	   859379.0000000000	193	1	30	47.750000	 23022653.5553928390
   417877.9999999899	 -2290418.6953125000	   855309.0000000000	312	1	30	47.750000	 23022126.9701411463
   417878.9999999868	 -2294488.7148437500	   851239.0000000000	292	1	30	47.750000	 23021600.1999167390
   417879.9999999843	 -2298558.7714843750	   847169.0000000000	234	1	30	48.000000	 23021073.7298362143
   417880.9999999825	 -2302628.9179687500	   843099.0000000000	84	1	30	47.750000	 23020547.4691582955
   417881.9999999810	 -2306699.2275390625	   839028.0000000000	791	1	30	47.750000	 23020021.0095476247
   417882.9999999797	 -2310769.8125000000	   834958.0000000000	192	1	30	47.750000	 23019494.6197378263
   417883.9999999796	 -2314840.7773437500	   830887.0000000000	228	1	30	47.750000	 23018968.1496566162
   417884.9999999804	 -2318911.9599609375	   826816.0000000000	41	1	30	48.000000	 23018441.3864112012
   417885.9999999815	 -2322982.9736328125	   822745.0000000000	27	1	30	48.000000	 23017914.8360585794
   417886.9999999833	 -2327053.8994140625	   818674.0000000000	103	1	30	48.000000	 23017386.9385476485
   417887.9999999847	 -2331124.6171875000	   814603.0000000000	392	1	30	47.500000	 23016859.9205286466
   417888.9999999858	 -2335195.1191406250	   810532.0000000000	902	1	30	47.250000	 23016332.3859827891
   417889.9999999868	 -2339265.9609375000	   806462.0000000000	40	1	30	46.750000	 23015805.5494463220
   417890.9999999890	 -2343337.3203125000	   802390.0000000000	696	1	30	46.500000	 23015278.7582801506
   417891.9999999913	 -2347408.9052734375	   798319.0000000000	97	1	30	46.500000	 23014751.4296467267
   417892.9999999938	 -2351480.6875000000	   794247.0000000000	320	1	30	46.250000	 23014224.6175401583
   417893.9999999969	 -2355552.7128906250	   790175.0000000000	294	1	30	46.000000	 23013697.2295757234
   417895.0000000011	 -2359624.8085937500	   786103.0000000000	196	1	30	46.250000	 23013169.7787900902
   417896.0000000063	 -2363696.7255859375	   782031.0000000000	281	1	30	46.250000	 23012643.0364837237
   417897.0000000120	 -2367767.8857421875	   777960.0000000000	117	1	30	46.500000	 23012117.5959646739
   417898.0000000177	 -2371838.8173828125	   773889.0000000000	187	1	30	47.000000	 23011592.1554456204
   417899.0000000216	 -2375909.8974609375	   769818.0000000000	105	1	30	46.750000	 23011067.1756132767
   417900.0000000249	 -2379980.9658203125	   765747.0000000000	35	1	30	47.000000	 23010542.0212787539
   417901.0000000286	 -2384052.5019531250	   761675.0000000000	510	1	30	47.000000	 23010016.9890957549
   417902.0000000335	 -2388123.7529296875	   757604.0000000000	253	1	30	47.000000	 23009490.4282719120
   417903.0000000394	 -2392194.7402343750	   753533.0000000000	266	1	30	47.250000	 23008965.3437375948
   417904.0000000436	 -2396265.3291015625	   749462.0000000000	687	1	30	46.750000	 23008440.0218805745
   417905.0000000476	 -2400333.2500000000	   745394.0000000000	768	1	30	47.000000	 23007915.7749580406
   417906.0000000497	 -2404398.4287109375	   741329.0000000000	585	1	30	47.750000	 23007390.6834447086
   417907.0000000505	 -2408461.4755859375	   737266.0000000000	537	1	30	47.500000	 23006864.4925669916
   417908.0000000505	 -2412522.2343750000	   733205.0000000000	784	1	30	47.000000	 23006339.6488475949
   417909.0000000492	 -2416583.0039062500	   729144.0000000000	1020	1	30	46.500000	 23005814.4037731588
   417910.0000000484	 -2420644.3603515625	   725083.0000000000	655	1	30	46.250000	 23005288.5828408711
   417911.0000000493	 -2424705.8662109375	   721022.0000000000	137	1	30	45.750000	 23004763.6972406618
   417912.0000000501	 -2428767.2763671875	   716960.0000000000	741	1	30	46.500000	 23004240.2251094505
   417913.0000000499	 -2432828.8593750000	   712899.0000000000	144	1	30	47.000000	 23003716.7425083704
   417914.0000000505	 -2436890.6191406250	   708837.0000000000	390	1	30	47.250000	 23003192.7538503110
   417915.0000000524	 -2440952.7880859375	   704775.0000000000	217	1	30	47.000000	 23002669.4876315221
   417916.0000000554	 -2445015.2363281250	   700712.0000000000	782	1	30	47.250000	 23002146.0887907110
   417917.0000000582	 -2449076.9687500000	   696651.0000000000	32	1	30	47.250000	 23001623.3530588038
   417918.0000000622	 -2453138.4882812500	   692589.0000000000	524	1	30	48.000000	 23001100.8232393526
   417919.0000000648	 -2457198.7744140625	   688529.0000000000	231	1	30	48.000000	 23000577.7489729933
   417920.0000000673	 -2461257.0048828125	   684470.0000000000	1019	1	30	48.250000	 23000054.3536223024
   417921.0000000671	 -2465312.8457031250	   680415.0000000000	158	1	30	48.500000	 22999531.1397548690
   417922.0000000659	 -2469365.9960937500	   676362.0000000000	4	1	30	48.250000	 22999007.6641341671
   417923.0000000637	 -2473417.8447265625	   672310.0000000000	159	1	30	48.000000	 22998483.9826010130
   417924.0000000615	 -2477469.4775390625	   668258.0000000000	535	1	30	48.000000	 22997960.3359683231
   417925.0000000597	 -2481521.7988281250	   664206.0000000000	206	1	30	48.000000	 22997436.7940369099
   417926.0000000590	 -2485574.5585937500	   660153.0000000000	452	1	30	48.250000	 22996913.8698434941
   417927.0000000588	 -2489626.9775390625	   656101.0000000000	23	1	30	48.250000	 22996390.0836083665
   417928.0000000598	 -2493678.9121093750	   652049.0000000000	90	1	30	48.250000	 22995867.2361955047
   417929.0000000597	 -2497730.5439453125	   647997.0000000000	467	1	30	48.500000	 22995343.7884948589
   417930.0000000592	 -2501782.2041015625	   643945.0000000000	815	1	30	48.000000	 22994821.2028359622
   417931.0000000582	 -2505833.8476562500	   639894.0000000000	156	1	30	48.250000	 22994298.9068510532
   417932.0000000567	 -2509885.5488281250	   635842.0000000000	462	1	30	48.250000	 22993776.7399980500
   417933.0000000553	 -2513937.4033203125	   631790.0000000000	611	1	30	48.500000	 22993253.8925858513
   417934.0000000543	 -2517989.3212890625	   627738.0000000000	695	1	30	48.250000	 22992730.7380494177
   417935.0000000548	 -2522041.3906250000	   623686.0000000000	624	1	30	48.250000	 22992207.8941267468
   417936.0000000554	 -2526093.6015625000	   619634.0000000000	408	1	30	48.250000	 22991685.4794798046
   417937.0000000558	 -2530145.7333984375	   615582.0000000000	273	1	30	48.500000	 22991162.4750149809
   417938.0000000583	 -2534197.7929687500	   611530.0000000000	212	1	30	48.750000	 22990640.5105835460
   417939.0000000602	 -2538250.3525390625	   607477.0000000000	663	1	30	48.750000	 22990118.9265674055
   417940.0000000623	 -2542302.5908203125	   603425.0000000000	419	1	30	48.750000	 22989595.6952490546
   417941.0000000669	 -2546354.0878906250	   599373.0000000000	934	1	30	49.000000	 22989072.9281062372
   417942.0000000723	 -2550405.5966796875	   595322.0000000000	413	1	30	49.000000	 22988550.8345422298
   417943.0000000768	 -2554457.1982421875	   591270.0000000000	821	1	30	48.500000	 22988028.4617747366
   417944.0000000813	 -2558508.4707031250	   587219.0000000000	542	1	30	48.750000	 22987506.1064574607
   417945.0000000860	 -2562559.3730468750	   583168.0000000000	642	1	30	48.750000	 22986985.2169598415
   417945.9999999143	 -2566609.6435546875	   579118.0000000000	365	0	30	49.250000	 22986463.6818539724
   417946.9999999180	 -2570659.0869140625	   575068.0000000000	935	1	30	49.250000	 22985941.8151434772
   417947.9999999206	 -2574708.3154296875	   571019.0000000000	701	1	30	49.000000	 22985419.8681622520
   417948.9999999222	 -2578757.7617187500	   566970.0000000000	244	1	30	49.000000	 22984898.6436210014
   417949.9999999237	 -2582806.6132812500	   562921.0000000000	396	1	30	49.000000	 22984376.7943614013
   417950.9999999280	 -2586854.6552734375	   558873.0000000000	353	1	30	49.500000	 22983856.5156220868
   417951.9999999307	 -2590902.7197265625	   554825.0000000000	287	1	30	49.250000	 22983335.1933592036
   417952.9999999324	 -2594950.4833984375	   550777.0000000000	529	1	30	49.000000	 22982813.2533583418
   417953.9999999359	 -2598997.8544921875	   546730.0000000000	149	1	30	49.000000	 22982292.3184904270
   417954.9999999387	 -2603045.0205078125	   542682.0000000000	1003	1	30	49.000000	 22981772.0153212175
   417955.9999999412	 -2607092.3300781250	   538635.0000000000	686	1	30	49.000000	 22981251.0350830071
   417956.9999999428	 -2611139.4619140625	   534588.0000000000	551	1	30	49.000000	 22980729.5418081284
   417957.9999999466	 -2615186.0673828125	   530541.0000000000	955	1	30	49.000000	 22980208.6767410859
   417958.9999999505	 -2619232.2343750000	   526495.0000000000	784	1	30	49.250000	 22979688.6876757927
   417959.9999999538	 -2623278.2675781250	   522449.0000000000	750	1	30	49.250000	 22979168.6846504621
   417960.9999999566	 -2627324.2470703125	   518403.0000000000	771	1	30	48.750000	 22978647.9696557038
   417961.9999999600	 -2631370.3115234375	   514357.0000000000	705	1	30	49.250000	 22978127.1255290620
   417962.9999999639	 -2635416.3476562500	   510311.0000000000	668	1	30	49.000000	 22977605.8486364707
   417963.9999999704	 -2639462.3349609375	   506265.0000000000	681	1	30	49.000000	 22977085.2313619740
   417964.9999999762	 -2643508.0673828125	   502219.0000000000	955	1	30	49.000000	 22976564.9770525545
   417965.9999999813	 -2647553.4980468750	   498174.0000000000	514	1	30	49.000000	 22976044.2271566764
   417966.9999999873	 -2651598.2675781250	   494129.0000000000	750	1	30	49.000000	 22975523.7390140630
   417967.9999999934	 -2655642.3466796875	   490085.0000000000	669	1	30	49.000000	 22975003.9837812819
   417968.9999999988	 -2659684.8369140625	   486043.0000000000	167	1	30	49.000000	 22974484.9125978500
   417970.0000000024	 -2663726.1367187500	   482001.0000000000	884	1	30	49.250000	 22973966.4277428389
   417971.0000000052	 -2667767.3974609375	   477960.0000000000	617	1	30	49.250000	 22973446.4107574709
   417972.0000000087	 -2671808.0302734375	   473919.0000000000	993	1	30	48.750000	 22972926.7462666146
   417973.0000000127	 -2675848.2939453125	   469879.0000000000	723	1	30	48.750000	 22972406.3628260083
   417974.0000000158	 -2679888.3603515625	   465839.0000000000	655	1	30	48.500000	 22971885.7176321037
   417975.0000000193	 -2683927.6962890625	   461800.0000000000	311	1	30	48.500000	 22971365.9274995662
   417976.0000000233	 -2687965.9228515625	   457762.0000000000	79	1	30	49.000000	 22970845.6871508583
   417977.0000000274	 -2692002.7529296875	   453725.0000000000	253	1	30	48.750000	 22970325.9109783843
   417978.0000000293	 -2696037.8515625000	   449690.0000000000	152	1	30	48.750000	 22969806.6513334252
   417979.0000000297	 -2700071.1367187500	   445656.0000000000	884	1	30	49.000000	 22969287.0461742654
   417980.0000000295	 -2704103.7451171875	   441624.0000000000	261	1	30	49.000000	 22968768.4112483189
   417981.0000000296	 -2708136.2402343750	   437591.0000000000	778	1	30	48.750000	 22968250.4708415940
   417982.0000000297	 -2712167.6884765625	   433560.0000000000	319	1	30	48.500000	 22967732.7991685122
   417983.0000000299	 -2716198.5712890625	   429529.0000000000	439	1	30	48.500000	 22967214.8587617837
   417984.0000000296	 -2720229.3642578125	   425498.0000000000	651	1	30	48.250000	 22966695.7596596405
   417985.0000000299	 -2724258.9951171875	   421469.0000000000	5	1	30	48.250000	 22966177.1561439410
   417986.0000000292	 -2728287.8779296875	   417440.0000000000	125	1	30	48.750000	 22965658.3816162869
