   417092.0000000130	    63378.7246093750	    63378.0000000000	742	1	44	52.000000	 20306413.4892018214
   417093.0000000103	    63609.4111328125	    63609.0000000000	421	1	44	52.000000	 20306704.0216448456
   417094.0000000586	    63840.7587890625	    63840.0000000000	777	1	44	51.500000	 20307010.1092122570
   417095.0000000977	    64070.5742187500	    64070.0000000000	588	253	44	51.250000	 20307524.1058547646
   417096.0000000044	    64300.5947265625	    64300.0000000000	609	0	44	51.500000	 20307840.5554118119
   417097.0000000038	    64530.9980468750	    64530.0000000000	1022	1	44	51.500000	 20308132.7177061290
   417098.0000000032	    64761.9130859375	    64761.0000000000	935	1	44	51.000000	 20308424.2901825383
   417099.0000000037	    64994.0732421875	    64994.0000000000	75	1	44	51.500000	 20308716.4803969450
   417100.0000000033	    65226.8349609375	    65226.0000000000	855	1	44	51.750000	 20309008.9812257811
   417101.0000000027	    65459.7138671875	    65459.0000000000	731	1	44	51.250000	 20309301.4297039285
   417102.0000000016	    65693.1474609375	    65693.0000000000	151	1	44	51.250000	 20309593.4349462874
   417103.0000000016	    65927.1982421875	    65927.0000000000	203	1	44	51.250000	 20309885.6286508851
   417104.0000000010	    66161.7861328125	    66161.0000000000	805	1	44	51.250000	 20310178.0945792533
   417104.9999999997	    66396.4248046875	    66396.0000000000	435	1	44	51.000000	 20310471.0142139904
   417105.9999999970	    66631.4726562500	    66631.0000000000	484	1	44	51.000000	 20310762.9775762372
   417106.9999999951	    66866.8417968750	    66866.0000000000	862	1	44	51.000000	 20311055.5970670842
   417107.9999999932	    67102.3261718750	    67102.0000000000	334	1	44	51.000000	 20311348.3945502862
   417108.9999999917	    67338.1191406250	    67338.0000000000	122	1	44	51.250000	 20311641.1361926571
   417109.9999999909	    67574.5273437500	    67574.0000000000	540	1	44	51.000000	 20311933.6405116580
   417110.9999999902	    67811.5458984375	    67811.0000000000	559	1	44	51.250000	 20312226.5008153729
   417111.9999999899	    68048.6113281250	    68048.0000000000	626	1	44	51.000000	 20312519.7345540188
   417112.9999999875	    68285.4882812500	    68285.0000000000	500	1	44	51.500000	 20312812.2144431211
   417113.9999999857	    68522.2412109375	    68522.0000000000	247	1	44	51.500000	 20313105.7448361516
   417114.9999999839	    68759.1328125000	    68759.0000000000	136	1	44	51.500000	 20313398.2386852950
   417115.9999999844	    68996.2802734375	    68996.0000000000	287	1	44	51.500000	 20313692.3065448962
   417116.9999999854	    69233.3808593750	    69233.0000000000	390	1	44	51.500000	 20313986.3883645348
   417117.9999999857	    69470.3759765625	    69470.0000000000	385	1	44	51.750000	 20314280.1002394184
   417118.9999999858	    69707.4833984375	    69707.0000000000	495	1	44	51.750000	 20314573.4561295919
   417119.9999999870	    69944.7431640625	    69944.0000000000	761	1	44	51.750000	 20314868.0195756480
   417120.9999999868	    70182.0996093750	    70182.0000000000	102	1	44	51.500000	 20315161.3056649491
   417121.9999999883	    70419.9013671875	    70419.0000000000	923	1	44	51.500000	 20315454.7941765003
   417122.9999999899	    70657.9472656250	    70657.0000000000	970	1	44	51.750000	 20315748.9074063972
   417123.9999999903	    70896.1552734375	    70896.0000000000	159	1	44	51.500000	 20316042.9403655604
   417124.9999999901	    71134.3046875000	    71134.0000000000	312	1	44	51.750000	 20316336.0659127235
   417125.9999999902	    71372.9511718750	    71372.0000000000	974	1	44	51.500000	 20316629.4218028933
   417126.9999999914	    71611.7939453125	    71611.0000000000	813	1	44	51.500000	 20316923.2872395553
   417127.9999999920	    71850.8925781250	    71850.0000000000	914	1	44	51.500000	 20317216.6396395490
   417128.9999999939	    72089.8798828125	    72089.0000000000	901	1	44	51.500000	 20317511.2693962976
   417129.9999999949	    72329.0683593750	    72329.0000000000	70	1	44	52.000000	 20317805.0475818738
   417130.9999999976	    72568.3154296875	    72568.0000000000	323	1	44	51.750000	 20318100.3334672153
   417131.9999999991	    72807.7841796875	    72807.0000000000	803	1	44	52.000000	 20318394.2687047534
   417133.0000000018	    73047.8964843750	    73047.0000000000	918	1	44	52.000000	 20318689.2858564816
   417134.0000000048	    73288.6621093750	    73288.0000000000	678	1	44	52.250000	 20318984.5159009956
   417135.0000000068	    73530.0371093750	    73530.0000000000	38	1	44	52.250000	 20319278.8943743333
   417136.0000000079	    73771.7929687500	    73771.0000000000	812	1	44	52.000000	 20319573.5485616624
   417137.0000000088	    74013.6982421875	    74013.0000000000	715	1	44	52.000000	 20319868.0422068425
   417138.0000000107	    74255.0810546875	    74255.0000000000	83	1	44	52.000000	 20320162.5114214569
   417139.0000000132	    74496.4033203125	    74496.0000000000	413	1	44	52.000000	 20320457.4587722979
   417140.0000000166	    74738.1035156250	    74738.0000000000	106	1	44	51.750000	 20320751.9698670283
   417141.0000000207	    74980.0615234375	    74980.0000000000	63	1	44	51.750000	 20321047.1021898873
   417142.0000000241	    75221.9355468750	    75221.0000000000	958	1	44	51.750000	 20321342.7405697890
   417143.0000000265	    75463.7392578125	    75463.0000000000	757	1	44	52.000000	 20321638.0997461751
   417144.0000000306	    75705.7841796875	    75705.0000000000	803	1	44	51.750000	 20321933.5182528943
   417145.0000000352	    75947.7724609375	    75947.0000000000	791	1	44	52.000000	 20322229.9349129125
   417146.0000000374	    76189.9531250000	    76189.0000000000	976	1	44	52.250000	 20322524.5088288002
   417147.0000000420	    76432.4843750000	    76432.0000000000	496	1	44	51.750000	 20322820.1018377319
   417148.0000000457	    76674.9257812500	    76674.0000000000	948	1	44	52.000000	 20323115.9705606215
   417149.0000000499	    76917.0849609375	    76917.0000000000	87	1	44	52.250000	 20323411.7101516090
   417150.0000000547	    77159.0605468750	    77159.0000000000	62	1	44	52.250000	 20323706.9262353964
   417151.0000000605	    77400.9902343750	    77400.0000000000	1014	1	44	51.750000	 20324001.9922469035
   417152.0000000679	    77643.4931640625	    77643.0000000000	505	1	44	51.750000	 20324296.8314049169
   417153.0000000765	    77886.4199218750	    77886.0000000000	430	1	44	51.750000	 20324592.7699273154
   417154.0000000844	    78129.6943359375	    78129.0000000000	711	1	44	51.750000	 20324889.3226981871
   417154.9999999156	    78373.0683593750	    78373.0000000000	70	0	44	51.750000	 20325185.8580693416
   417155.9999999222	    78616.9619140625	    78616.0000000000	985	1	44	51.750000	 20325483.1891210265
   417156.9999999286	    78860.9609375000	    78860.0000000000	984	1	44	52.000000	 20325780.1641879939
   417157.9999999346	    79105.0400390625	    79105.0000000000	41	1	44	51.750000	 20326076.5878276750
   417158.9999999412	    79348.9189453125	    79348.0000000000	941	1	44	52.000000	 20326373.1859695278
   417159.9999999489	    79592.7363281250	    79592.0000000000	754	1	44	51.750000	 20326670.2587574422
   417160.9999999571	    79836.3593750000	    79836.0000000000	368	1	44	52.000000	 20326966.9162296280
   417161.9999999658	    80079.8417968750	    80079.0000000000	862	1	44	51.750000	 20327264.1425793208
   417162.9999999752	    80323.6113281250	    80323.0000000000	626	1	44	51.750000	 20327561.1665060818
   417163.9999999842	    80567.5097656250	    80567.0000000000	522	1	44	51.750000	 20327858.6406490020
   417164.9999999924	    80811.3339843750	    80811.0000000000	342	1	44	51.750000	 20328156.1392225027
   417166.0000000003	    81055.1416015625	    81055.0000000000	145	1	44	51.750000	 20328453.2818112783
   417167.0000000087	    81298.9619140625	    81298.0000000000	985	1	44	51.750000	 20328750.8501856700
   417168.0000000168	    81542.8593750000	    81542.0000000000	880	1	44	51.750000	 20329048.0451251082
   417169.0000000258	    81786.5048828125	    81786.0000000000	517	1	44	52.000000	 20329345.6623599268
   417170.0000000360	    82029.9960937500	    82029.0000000000	1020	1	44	52.250000	 20329643.5029574223
   417171.0000000466	    82273.4667968750	    82273.0000000000	478	1	44	51.750000	 20329941.1446221769
   417172.0000000580	    82516.8261718750	    82516.0000000000	846	1	44	51.750000	 20330239.3342240229
   417173.0000000690	    82760.5830078125	    82760.0000000000	597	1	44	51.750000	 20330535.8276631981
   417174.0000000821	    83004.4199218750	    83004.0000000000	430	1	44	51.500000	 20330834.6664132960
   417174.9999999178	    83247.7333984375	    83247.0000000000	751	0	44	51.750000	 20331132.4198095091
   417175.9999999292	    83491.1201171875	    83491.0000000000	123	1	44	51.750000	 20331430.0195934549
   417176.9999999409	    83734.5517578125	    83734.0000000000	565	1	44	51.500000	 20331728.1708046906
   417177.9999999536	    83978.0048828125	    83978.0000000000	5	1	44	51.500000	 20332026.7443113290
   417178.9999999670	    84221.7685546875	    84221.0000000000	787	1	44	51.500000	 20332324.8117609732
   417179.9999999812	    84465.5615234375	    84465.0000000000	575	1	44	51.500000	 20332623.8389732726
   417180.9999999944	    84709.6494140625	    84709.0000000000	665	1	44	51.500000	 20332921.5504382029
   417182.0000000079	    84954.2119140625	    84954.0000000000	217	1	44	51.250000	 20333219.2409627289
   417183.0000000213	    85199.2685546875	    85199.0000000000	275	1	44	51.500000	 20333517.7376881503
   417184.0000000331	    85444.2216796875	    85444.0000000000	227	1	44	51.250000	 20333816.7649011165
   417185.0000000451	    85688.8671875000	    85688.0000000000	888	1	44	51.250000	 20334114.6822791621
   417186.0000000584	    85933.2597656250	    85933.0000000000	266	1	44	51.500000	 20334413.6082803495
   417187.0000000730	    86177.4052734375	    86177.0000000000	415	1	44	51.250000	 20334712.4540100917
   417187.9999999129	    86420.8994140625	    86420.0000000000	921	0	44	51.500000	 20335011.4463717826
   417188.9999999283	    86664.2216796875	    86664.0000000000	227	1	44	51.250000	 20335311.2867646404
   417189.9999999436	    86907.2890625000	    86907.0000000000	296	1	44	51.250000	 20335610.1988050938
   417190.9999999601	    87150.3349609375	    87150.0000000000	343	1	44	51.000000	 20335909.6378422603
   417191.9999999771	    87393.6865234375	    87393.0000000000	703	1	44	51.000000	 20336208.3579296358
   417192.9999999949	    87637.6406250000	    87637.0000000000	656	1	44	50.750000	 20336507.5910536870
   417194.0000000121	    87881.9306640625	    87881.0000000000	953	1	44	50.750000	 20336806.3809419312
   417195.0000000289	    88126.8945312500	    88126.0000000000	916	1	44	50.750000	 20337105.9072301984
   417196.0000000464	    88371.9882812500	    88371.0000000000	1012	1	44	51.000000	 20337405.9291049093
   417197.0000000629	    88617.1367187500	    88617.0000000000	140	1	44	51.250000	 20337706.1917931810
   417198.0000000786	    88862.0537109375	    88862.0000000000	55	1	44	51.000000	 20338005.8332532570
   417198.9999999198	    89106.5410156250	    89106.0000000000	554	0	44	51.250000	 20338305.6387955025
   417199.9999999366	    89351.2294921875	    89351.0000000000	235	1	44	51.250000	 20338605.7374514453
   417200.9999999553	    89595.8994140625	    89595.0000000000	921	1	44	51.000000	 20338906.6806981973
   417201.9999999718	    89840.4941406250	    89840.0000000000	506	1	44	51.000000	 20339206.5490111299
   417202.9999999892	    90084.9062500000	    90084.0000000000	928	1	44	51.250000	 20339506.9478109553
   417204.0000000069	    90329.3095703125	    90329.0000000000	317	1	44	51.250000	 20339806.7358524911
   417205.0000000268	    90573.7968750000	    90573.0000000000	816	1	44	51.000000	 20340107.4731861316
   417206.0000000470	    90818.8710937500	    90818.0000000000	892	1	44	51.250000	 20340407.8684950955
   417207.0000000675	    91064.7246093750	    91064.0000000000	742	1	44	51.500000	 20340708.5115972646
   417207.9999999124	    91310.2011718750	    91310.0000000000	206	0	44	51.250000	 20341009.7201372795
   417208.9999999321	    91555.8789062500	    91555.0000000000	900	1	44	51.250000	 20341310.9774879552
   417209.9999999526	    91801.5595703125	    91801.0000000000	573	1	44	51.250000	 20341612.4616914578
   417210.9999999733	    92047.2343750000	    92047.0000000000	240	1	44	51.250000	 20341913.4258779287
   417211.9999999941	    92293.1113281250	    92293.0000000000	114	1	44	51.500000	 20342214.1562312096
   417213.0000000155	    92539.0830078125	    92539.0000000000	85	1	44	51.250000	 20342515.6334543601
   417214.0000000359	    92784.9169921875	    92784.0000000000	939	1	44	51.250000	 20342816.6360314228
   417215.0000000562	    93031.3564453125	    93031.0000000000	365	1	44	51.250000	 20343117.9422426000
   417216.0000000772	    93277.4238281250	    93277.0000000000	434	1	44	51.500000	 20343419.1542222761
   417216.9999999228	    93523.2363281250	    93523.0000000000	242	0	44	51.750000	 20343720.4290729873
   417217.9999999458	    93769.7353515625	    93769.0000000000	753	1	44	51.500000	 20344022.3774520084
   417218.9999999686	    94016.0957031250	    94016.0000000000	98	1	44	51.500000	 20344324.2560301609
   417219.9999999912	    94262.5996093750	    94262.0000000000	614	1	44	51.500000	 20344626.6546253487
   417221.0000000150	    94509.4062500000	    94509.0000000000	416	1	44	51.500000	 20344928.5785738081
   417222.0000000393	    94756.7802734375	    94756.0000000000	799	1	44	51.250000	 20345229.9092141502
   417223.0000000634	    95004.7441406250	    95004.0000000000	762	1	44	51.250000	 20345532.7615149915
   417224.0000000859	    95253.1914062500	    95253.0000000000	196	1	44	51.000000	 20345834.5702922940
   417224.9999999339	    95501.6083984375	    95501.0000000000	623	0	44	51.000000	 20346136.9898776785
   417225.9999999555	    95749.5312500000	    95749.0000000000	544	1	44	51.250000	 20346438.9661774598
   417226.9999999775	    95997.3505859375	    95997.0000000000	359	1	44	51.500000	 20346740.4573606439
   417228.0000000022	    96245.8144531250	    96245.0000000000	834	1	44	51.000000	 20347043.1979798190
   417229.0000000263	    96494.4941406250	    96494.0000000000	506	1	44	50.750000	 20347346.3364645243
   417230.0000000489	    96743.0742187500	    96743.0000000000	76	1	44	50.750000	 20347648.8956018537
   417231.0000000732	    96992.2167968750	    96992.0000000000	222	1	44	51.000000	 20347951.6746116355
   417231.9999999228	    97241.4599609375	    97241.0000000000	471	0	44	51.000000	 20348255.5844465867
   417232.9999999466	    97490.7939453125	    97490.0000000000	813	1	44	51.250000	 20348558.9044138156
   417233.9999999698	    97740.3408203125	    97740.0000000000	349	1	44	51.250000	 20348861.3518694751
   417234.9999999944	    97990.7529296875	    97990.0000000000	771	1	44	51.000000	 20349163.6457626745
   417236.0000000184	    98242.7753906250	    98242.0000000000	794	1	44	51.500000	 20349466.6062550209
   417237.0000000410	    98495.6728515625	    98495.0000000000	689	1	44	51.750000	 20349769.1479421332
   417238.0000000636	    98748.4609375000	    98748.0000000000	472	1	44	51.250000	 20350072.5656309873
   417239.0000000864	    99001.4541015625	    99001.0000000000	465	1	44	51.250000	 20350375.5889445171
   417239.9999999352	    99254.7402343750	    99254.0000000000	758	0	44	51.000000	 20350678.8426508531
   417240.9999999591	    99508.7548828125	    99508.0000000000	773	1	44	51.250000	 20350982.1975185163
   417241.9999999834	    99763.6269531250	    99763.0000000000	642	1	44	51.000000	 20351285.8176296316
   417243.0000000075	   100019.0429687500	   100019.0000000000	44	1	44	51.250000	 20351589.9752079882
   417244.0000000310	   100274.9296875000	   100274.0000000000	952	1	44	51.250000	 20351894.3701097369
   417245.0000000539	   100531.2910156250	   100531.0000000000	298	1	44	51.250000	 20352198.2868752256
   417246.0000000773	   100787.9541015625	   100787.0000000000	977	1	44	51.250000	 20352502.9330603667
   417246.9999999253	   101044.7177734375	   101044.0000000000	735	0	44	51.750000	 20352807.2302909642
   417247.9999999489	   101301.9101562500	   101301.0000000000	932	1	44	51.750000	 20353111.9288267605
   417248.9999999726	   101559.5419921875	   101559.0000000000	555	1	44	51.500000	 20353416.3935293630
   417249.9999999967	   101817.8310546875	   101817.0000000000	851	1	44	51.500000	 20353720.9454830550
   417251.0000000198	   102077.3906250000	   102077.0000000000	400	1	44	51.750000	 20354025.8080511689
   417252.0000000423	   102337.9736328125	   102337.0000000000	997	1	44	52.250000	 20354330.3006745428
   417253.0000000639	   102599.0263671875	   102599.0000000000	27	1	44	52.000000	 20354634.9782706276
   417254.0000000863	   102860.2958984375	   102860.0000000000	303	1	44	51.250000	 20354939.4708939679
   417254.9999999331	   103121.3583984375	   103121.0000000000	367	0	44	51.500000	 20355244.4033134580
   417255.9999999561	   103383.0439453125	   103383.0000000000	45	1	44	51.750000	 20355548.7842551507
   417256.9999999796	   103645.4433593750	   103645.0000000000	454	1	44	51.500000	 20355852.9104232602
   417258.0000000037	   103908.7158203125	   103908.0000000000	733	1	44	51.750000	 20356157.7485607900
   417259.0000000273	   104172.5732421875	   104172.0000000000	587	1	44	51.750000	 20356462.8938225657
   417260.0000000513	   104436.7539062500	   104436.0000000000	772	1	44	51.750000	 20356769.1628793217
   417261.0000000732	   104700.7353515625	   104700.0000000000	753	1	44	51.500000	 20357074.6257359050
   417261.9999999200	   104964.9111328125	   104964.0000000000	933	0	44	51.750000	 20357379.2894217446
   417262.9999999440	   105229.9521484375	   105229.0000000000	975	1	44	51.500000	 20357684.8255686760
   417263.9999999669	   105495.8691406250	   105495.0000000000	890	1	44	51.500000	 20357990.1732533909
   417264.9999999896	   105762.8378906250	   105762.0000000000	858	1	44	51.750000	 20358295.9153134376
   417266.0000000113	   106029.9697265625	   106029.0000000000	993	1	44	51.500000	 20358601.4689112753
   417267.0000000328	   106297.6250000000	   106297.0000000000	640	1	44	51.250000	 20358906.3977907561
   417268.0000000547	   106565.0351562500	   106565.0000000000	36	1	44	51.000000	 20359211.8780975267
   417269.0000000767	   106832.3701171875	   106832.0000000000	379	1	44	51.250000	 20359517.1071208976
   417269.9999999246	   107099.7109375000	   107099.0000000000	728	0	44	51.250000	 20359822.6747285798
   417270.9999999501	   107367.7324218750	   107367.0000000000	750	1	44	51.000000	 20360129.2194986418
   417271.9999999749	   107635.9912109375	   107635.0000000000	1015	1	44	51.000000	 20360435.7154082283
   417272.9999999985	   107904.4062500000	   107904.0000000000	416	1	44	51.000000	 20360741.8797636777
   417274.0000000217	   108172.6191406250	   108172.0000000000	634	1	44	51.250000	 20361047.8870671615
   417275.0000000441	   108441.4062500000	   108441.0000000000	416	1	44	51.250000	 20361353.5069757029
   417276.0000000689	   108710.6796875000	   108710.0000000000	696	1	44	51.250000	 20361660.1459771879
   417276.9999999182	   108980.7138671875	   108980.0000000000	731	0	44	51.000000	 20361966.2580318041
   417277.9999999426	   109252.1191406250	   109252.0000000000	122	1	44	51.500000	 20362273.5077916160
   417278.9999999650	   109523.8085937500	   109523.0000000000	828	1	44	51.000000	 20362579.7175180428
   417279.9999999884	   109796.0048828125	   109796.0000000000	5	1	44	51.000000	 20362886.5100820139
   417281.0000000114	   110068.1914062500	   110068.0000000000	196	1	44	50.750000	 20363193.4492281042
   417282.0000000341	   110340.0693359375	   110340.0000000000	71	1	44	51.000000	 20363499.9067477323
   417283.0000000564	   110612.8349609375	   110612.0000000000	855	1	44	51.250000	 20363806.2246656492
   417284.0000000806	   110886.2597656250	   110886.0000000000	266	1	44	51.250000	 20364113.2615326867
   417284.9999999287	   111160.0576171875	   111160.0000000000	59	0	44	51.000000	 20364421.2966034599
   417285.9999999510	   111434.4580078125	   111434.0000000000	469	1	44	51.250000	 20364729.4747163579
   417286.9999999740	   111709.1093750000	   111709.0000000000	112	1	44	51.250000	 20365038.2915076315
   417287.9999999960	   111984.0107421875	   111984.0000000000	11	1	44	51.250000	 20365346.8116452061
   417289.0000000176	   112259.5527343750	   112259.0000000000	566	1	44	51.500000	 20365654.7803554870
   417290.0000000406	   112535.8037109375	   112535.0000000000	823	1	44	51.750000	 20365963.3284131512
   417291.0000000633	   112813.0683593750	   112813.0000000000	70	1	44	51.750000	 20366271.3424937092
   417292.0000000855	   113091.2421875000	   113091.0000000000	248	1	44	51.500000	 20366579.1995223463
   417292.9999999321	   113370.1894531250	   113370.0000000000	194	0	44	51.750000	 20366887.0670713075
   417293.9999999529	   113649.7978515625	   113649.0000000000	817	1	44	51.500000	 20367194.5052947029
   417294.9999999743	   113929.4384765625	   113929.0000000000	449	1	44	51.250000	 20367502.0098287836
   417295.9999999963	   114209.0195312500	   114209.0000000000	20	1	44	51.250000	 20367809.6539646052
   417297.0000000196	   114488.9785156250	   114488.0000000000	1002	1	44	50.750000	 20368117.1270877533
   417298.0000000436	   114769.9257812500	   114769.0000000000	948	1	44	50.750000	 20368424.8270637281
   417299.0000000675	   115051.2646484375	   115051.0000000000	271	1	44	51.000000	 20368733.0470567457
   417299.9999999163	   115332.9423828125	   115332.0000000000	965	0	44	50.750000	 20369041.3089803569
   417300.9999999403	   115615.0634765625	   115615.0000000000	65	1	44	50.750000	 20369349.8675078638
   417301.9999999648	   115897.2851562500	   115897.0000000000	292	1	44	50.500000	 20369658.9949128814
   417302.9999999889	   116179.9599609375	   116179.0000000000	983	1	44	50.500000	 20369968.0001663677
   417304.0000000125	   116463.0292968750	   116463.0000000000	30	1	44	50.750000	 20370277.5638275035
   417305.0000000343	   116746.7910156250	   116746.0000000000	810	1	44	50.750000	 20370586.1747063585
   417306.0000000576	   117031.0410156250	   117031.0000000000	42	1	44	51.000000	 20370896.0629419610
   417307.0000000787	   117315.5800781250	   117315.0000000000	594	1	44	50.750000	 20371205.1798777953
   417307.9999999264	   117599.7167968750	   117599.0000000000	734	0	44	50.750000	 20371514.6668081991
   417308.9999999477	   117884.7480468750	   117884.0000000000	766	1	44	51.000000	 20371822.9949933775
   417309.9999999724	   118171.0566406250	   118171.0000000000	58	1	44	51.000000	 20372132.7296665162
   417310.9999999962	   118458.3798828125	   118458.0000000000	389	1	44	51.000000	 20372442.0943949036
   417312.0000000203	   118746.1552734375	   118746.0000000000	159	1	44	50.750000	 20372752.1012918390
   417313.0000000433	   119034.3183593750	   119034.0000000000	326	1	44	50.750000	 20373061.9197265729
   417314.0000000675	   119323.1064453125	   119323.0000000000	109	1	44	50.750000	 20373371.9615239464
   417314.9999999169	   119612.1386718750	   119612.0000000000	142	0	44	50.750000	 20373681.8288689703
   417315.9999999387	   119901.2431640625	   119901.0000000000	249	1	44	50.500000	 20373991.8532168157
   417316.9999999590	   120190.2714843750	   120190.0000000000	278	1	44	50.500000	 20374301.2982172929
   417317.9999999802	   120479.7353515625	   120479.0000000000	753	1	44	50.750000	 20374610.5582450554
   417319.0000000024	   120769.6943359375	   120769.0000000000	711	1	44	50.750000	 20374920.0067350380
   417320.0000000243	   121060.2949218750	   121060.0000000000	302	1	44	50.500000	 20375229.9403416142
   417321.0000000459	   121352.1806640625	   121352.0000000000	185	1	44	50.750000	 20375540.3416145779
   417322.0000000669	   121644.9492187500	   121644.0000000000	972	1	44	50.750000	 20375850.7114772610
   417322.9999999132	   121937.8857421875	   121937.0000000000	907	0	44	51.000000	 20376161.1930714473
   417323.9999999336	   122231.6748046875	   122231.0000000000	691	1	44	50.500000	 20376471.3884319700
   417324.9999999551	   122526.2714843750	   122526.0000000000	278	1	44	51.000000	 20376781.7548044920
   417325.9999999758	   122820.5957031250	   122820.0000000000	610	1	44	50.750000	 20377092.1979582459
   417326.9999999957	   123114.3671875000	   123114.0000000000	376	1	44	51.000000	 20377402.7911842801
   417328.0000000165	   123407.9316406250	   123407.0000000000	954	1	44	51.500000	 20377713.2343380451
   417329.0000000389	   123701.7685546875	   123701.0000000000	787	1	44	51.000000	 20378023.7542723455
   417330.0000000635	   123996.4160156250	   123996.0000000000	426	1	44	50.750000	 20378335.9040579386
   417331.0000000857	   124292.8056640625	   124292.0000000000	825	1	44	51.250000	 20378648.0712944157
   417331.9999999317	   124589.6669921875	   124589.0000000000	683	0	44	51.750000	 20378958.9123634957
   417332.9999999528	   124887.3847656250	   124887.0000000000	394	1	44	51.000000	 20379270.0151360221
   417333.9999999747	   125188.6093750000	   125188.0000000000	624	1	44	51.250000	 20379582.5243971944
   417334.9999999923	   125492.7646484375	   125492.0000000000	783	1	44	51.750000	 20379893.7074418180
   417336.0000000092	   125798.3125000000	   125798.0000000000	320	1	44	51.500000	 20380205.4314438701
   417337.0000000260	   126105.7460937500	   126105.0000000000	764	1	44	51.500000	 20380517.4067293480
   417338.0000000425	   126416.8427734375	   126416.0000000000	863	1	44	52.000000	 20380829.9927731156
   417339.0000000536	   126730.5107421875	   126730.0000000000	523	1	44	51.500000	 20381140.9559466317
   417340.0000000650	   127045.2841796875	   127045.0000000000	291	1	44	51.500000	 20381453.0254649110
   417341.0000000770	   127359.6230468750	   127359.0000000000	638	1	44	51.000000	 20381765.9849449620
   417341.9999999127	   127673.8339843750	   127673.0000000000	854	0	44	51.500000	 20382077.3320737593
   417342.9999999258	   127988.4726562500	   127988.0000000000	484	1	44	51.250000	 20382389.6214645058
   417343.9999999384	   128302.8720703125	   128302.0000000000	893	1	44	51.250000	 20382701.6281615868
   417344.9999999509	   128616.9589843750	   128616.0000000000	982	1	44	51.500000	 20383013.2963241749
   417345.9999999650	   128931.2421875000	   128931.0000000000	248	1	44	51.500000	 20383325.6136349961
   417346.9999999806	   129246.2958984375	   129246.0000000000	303	1	44	51.750000	 20383637.5086497329
   417347.9999999962	   129561.2265625000	   129561.0000000000	232	1	44	51.500000	 20383950.2622159980
   417349.0000000102	   129876.0253906250	   129876.0000000000	26	1	44	51.500000	 20384262.1153506264
   417350.0000000258	   130191.0566406250	   130191.0000000000	58	1	44	51.000000	 20384573.8672734313
   417351.0000000412	   130506.8583984375	   130506.0000000000	879	1	44	51.000000	 20384886.1043128446
   417352.0000000561	   130822.7294921875	   130822.0000000000	747	1	44	51.000000	 20385198.9346603565
   417353.0000000715	   131139.4462890625	   131139.0000000000	457	1	44	50.750000	 20385511.2240504213
   417353.9999999120	   131456.9033203125	   131456.0000000000	925	0	44	51.250000	 20385824.1451889798
   417354.9999999271	   131774.6269531250	   131774.0000000000	642	1	44	51.000000	 20386137.7433467396
   417355.9999999410	   132093.0917968750	   132093.0000000000	94	1	44	51.000000	 20386450.5457741618
   417356.9999999551	   132411.9462890625	   132411.0000000000	969	1	44	50.750000	 20386763.4354526736
   417357.9999999695	   132730.9833984375	   132730.0000000000	1007	1	44	50.750000	 20387076.8242078237
   417358.9999999856	   133050.3671875000	   133050.0000000000	376	1	44	50.750000	 20387390.4328354411
   417360.0000000026	   133370.5458984375	   133370.0000000000	559	1	44	51.000000	 20387704.3381167464
   417361.0000000184	   133691.6494140625	   133691.0000000000	665	1	44	51.000000	 20388018.4318609834
   417362.0000000331	   134013.1650390625	   134013.0000000000	169	1	44	51.000000	 20388332.0509591177
   417363.0000000483	   134334.2373046875	   134334.0000000000	243	1	44	50.750000	 20388645.7014675327
   417364.0000000633	   134655.3671875000	   134655.0000000000	376	1	44	51.000000	 20388958.5667154789
   417365.0000000791	   134977.0156250000	   134977.0000000000	16	1	44	50.500000	 20389271.9450000897
   417365.9999999207	   135298.7285156250	   135298.0000000000	746	0	44	50.500000	 20389586.1993362531
   417366.9999999357	   135621.1669921875	   135621.0000000000	171	1	44	50.500000	 20389899.7800437957
   417367.9999999513	   135944.7705078125	   135944.0000000000	789	1	44	50.500000	 20390213.6783454344
   417368.9999999659	   136269.1826171875	   136269.0000000000	187	1	44	51.000000	 20390528.4072785340
   417369.9999999791	   136594.4003906250	   136594.0000000000	410	1	44	50.750000	 20390842.8779485449
   417370.9999999934	   136920.5468750000	   136920.0000000000	560	1	44	50.750000	 20391157.5196305513
   417372.0000000060	   137247.5937500000	   137247.0000000000	608	1	44	51.250000	 20391471.6727064624
   417373.0000000204	   137575.1162109375	   137575.0000000000	119	1	44	51.000000	 20391786.2061969973
   417374.0000000335	   137902.7949218750	   137902.0000000000	814	1	44	50.750000	 20392101.3748763837
   417375.0000000467	   138230.4121093750	   138230.0000000000	422	1	44	50.750000	 20392416.5435558036
   417376.0000000604	   138558.2441406250	   138558.0000000000	250	1	44	50.500000	 20392730.8676436953
   417377.0000000754	   138886.9951171875	   138886.0000000000	1019	1	44	50.500000	 20393046.6121803001
   417378.0000000847	   139215.9121093750	   139215.0000000000	934	1	44	50.750000	 20393360.6116950959
   417378.9999999232	   139545.0087890625	   139545.0000000000	9	0	44	50.500000	 20393675.4977306575
   417379.9999999382	   139875.2255859375	   139875.0000000000	231	1	44	50.750000	 20393991.3853591681
   417380.9999999515	   140206.2802734375	   140206.0000000000	287	1	44	51.000000	 20394306.5889390074
   417381.9999999647	   140537.4951171875	   140537.0000000000	507	1	44	50.750000	 20394621.7750686295
   417382.9999999782	   140868.6503906250	   140868.0000000000	666	1	44	50.500000	 20394936.4586314335
   417383.9999999922	   141200.1923828125	   141200.0000000000	197	1	44	50.250000	 20395251.4597883373
   417385.0000000077	   141532.7089843750	   141532.0000000000	726	1	44	50.250000	 20395566.7715589888
   417386.0000000224	   141867.2490234375	   141867.0000000000	255	1	44	50.500000	 20395882.5370359719
   417387.0000000353	   142202.9042968750	   142202.0000000000	926	1	44	51.000000	 20396198.7806498744
   417388.0000000485	   142538.5654296875	   142538.0000000000	579	1	44	50.500000	 20396515.5233404115
   417389.0000000590	   142874.4511718750	   142874.0000000000	462	1	44	50.500000	 20396830.6222196259
   417390.0000000708	   143211.4462890625	   143211.0000000000	457	1	44	50.500000	 20397145.8013695851
   417391.0000000828	   143549.7128906250	   143549.0000000000	730	1	44	50.750000	 20397461.4970463924
   417391.9999999194	   143889.0898437500	   143889.0000000000	92	0	44	50.750000	 20397777.5243278034
   417392.9999999295	   144229.1396484375	   144229.0000000000	143	1	44	50.750000	 20398093.7888827920
   417393.9999999413	   144570.2666015625	   144570.0000000000	273	1	44	50.500000	 20398410.2733102515
   417394.9999999520	   144912.0107421875	   144912.0000000000	11	1	44	50.750000	 20398726.7123674154
   417395.9999999633	   145254.7568359375	   145254.0000000000	775	1	44	50.500000	 20399043.4690186828
   417396.9999999740	   145599.0810546875	   145599.0000000000	83	1	44	51.000000	 20399361.1784529239
   417397.9999999812	   145944.1181640625	   145944.0000000000	121	1	44	51.000000	 20399677.8583243228
   417398.9999999893	   146289.9384765625	   146289.0000000000	961	1	44	50.750000	 20399994.7999489866
   417399.9999999982	   146636.8818359375	   146636.0000000000	903	1	44	50.750000	 20400311.9858767018
   417401.0000000061	   146985.6142578125	   146985.0000000000	629	1	44	51.250000	 20400628.7320587859
   417402.0000000124	   147336.7851562500	   147336.0000000000	804	1	44	51.250000	 20400945.8481863067
   417403.0000000174	   147689.6123046875	   147689.0000000000	627	1	44	51.000000	 20401262.4373171367
   417404.0000000224	   148043.5927734375	   148043.0000000000	607	1	44	51.250000	 20401579.4382734820
   417405.0000000268	   148397.5029296875	   148397.0000000000	515	1	44	50.750000	 20401896.1565361843
   417406.0000000318	   148751.6826171875	   148751.0000000000	699	1	44	50.500000	 20402213.1574925594
   417407.0000000371	   149106.5175781250	   149106.0000000000	530	1	44	50.750000	 20402530.1200582795
   417408.0000000420	   149462.3720703125	   149462.0000000000	381	1	44	50.500000	 20402846.8348307908
   417409.0000000463	   149820.8085937500	   149820.0000000000	828	1	44	51.000000	 20403164.1987522505
   417410.0000000482	   150182.1064453125	   150182.0000000000	109	1	44	51.250000	 20403481.7232164890
   417411.0000000485	   150544.6748046875	   150544.0000000000	691	1	44	51.000000	 20403798.6334329508
   417412.0000000484	   150907.3154296875	   150907.0000000000	323	1	44	50.500000	 20404116.4056911282
   417413.0000000509	   151270.5224609375	   151270.0000000000	535	1	44	50.500000	 20404433.2461060211
   417414.0000000547	   151634.4140625000	   151634.0000000000	424	1	44	50.000000	 20404751.3115270436
   417415.0000000578	   152000.0683593750	   152000.0000000000	70	1	44	50.000000	 20405070.0609973818
   417416.0000000577	   152367.1376953125	   152367.0000000000	141	1	44	50.750000	 20405387.2608878650
   417417.0000000598	   152734.5966796875	   152734.0000000000	611	1	44	50.000000	 20405705.8393462487
   417418.0000000591	   153102.8984375000	   153102.0000000000	920	1	44	50.000000	 20406024.0269201286
   417419.0000000586	   153473.2548828125	   153473.0000000000	261	1	44	50.250000	 20406342.8043119162
   417420.0000000559	   153844.0917968750	   153844.0000000000	94	1	44	50.500000	 20406660.9534959048
   417421.0000000539	   154214.7958984375	   154214.0000000000	815	1	44	50.000000	 20406979.1689905375
   417422.0000000505	   154585.0595703125	   154585.0000000000	61	1	44	50.250000	 20407297.2518638074
   417423.0000000498	   154955.7373046875	   154955.0000000000	755	1	44	50.250000	 20407615.7081713341
   417424.0000000490	   155326.6484375000	   155326.0000000000	664	1	44	50.250000	 20407934.7019461170
   417425.0000000500	   155698.0507812500	   155698.0000000000	52	1	44	50.000000	 20408253.9504937865
   417426.0000000516	   156070.2167968750	   156070.0000000000	222	1	44	50.250000	 20408573.0873598047
   417427.0000000509	   156443.5615234375	   156443.0000000000	575	1	44	50.500000	 20408892.2591269538
   417428.0000000504	   156818.3095703125	   156818.0000000000	317	1	44	50.750000	 20409211.5006949417
   417429.0000000495	   157193.4853515625	   157193.0000000000	497	1	44	50.500000	 20409530.7457531206
   417430.0000000485	   157569.4414062500	   157569.0000000000	452	1	44	50.250000	 20409850.4026368447
   417431.0000000487	   157945.7041015625	   157945.0000000000	721	1	44	50.500000	 20410170.4085249566
   417432.0000000466	   158323.0146484375	   158323.0000000000	15	1	44	50.500000	 20410490.1631303057
   417433.0000000444	   158701.0488281250	   158701.0000000000	50	1	44	50.750000	 20410809.4710096754
   417434.0000000408	   159079.2539062500	   159079.0000000000	260	1	44	50.500000	 20411128.7719093636
   417435.0000000385	   159457.1367187500	   159457.0000000000	140	1	44	50.500000	 20411448.3136219420
   417436.0000000345	   159834.9833984375	   159834.0000000000	1007	1	44	50.750000	 20411767.3667284250
   417437.0000000325	   160213.1757812500	   160213.0000000000	180	1	44	50.500000	 20412086.2802324668
   417438.0000000345	   160591.8759765625	   160591.0000000000	897	1	44	50.250000	 20412406.6839853637
   417439.0000000342	   160971.2236328125	   160971.0000000000	229	1	44	50.250000	 20412726.2640878670
   417440.0000000334	   161351.5683593750	   161351.0000000000	582	1	44	50.250000	 20413046.8318737708
   417441.0000000307	   161733.1650390625	   161733.0000000000	169	1	44	50.750000	 20413366.4294271916
   417442.0000000283	   162115.2343750000	   162115.0000000000	240	1	44	50.500000	 20413686.5086069964
   417443.0000000257	   162497.4492187500	   162497.0000000000	460	1	44	50.250000	 20414006.9647119455
   417444.0000000241	   162879.9921875000	   162879.0000000000	1016	1	44	50.000000	 20414327.7349207774
   417445.0000000226	   163263.2460937500	   163263.0000000000	252	1	44	50.250000	 20414647.8071202375
   417446.0000000210	   163647.8203125000	   163647.0000000000	840	1	44	50.250000	 20414968.7204210013
   417447.0000000181	   164033.5078125000	   164033.0000000000	520	1	44	50.500000	 20415289.3754586913
   417448.0000000153	   164420.1181640625	   164420.0000000000	121	1	44	50.500000	 20415610.2084887475
   417449.0000000110	   164806.4228515625	   164806.0000000000	433	1	44	50.250000	 20415931.7325484976
   417450.0000000075	   165192.7470703125	   165192.0000000000	765	1	44	50.750000	 20416252.7854517065
   417451.0000000056	   165579.1796875000	   165579.0000000000	184	1	44	50.250000	 20416574.7562367693
   417452.0000000026	   165966.0058593750	   165966.0000000000	6	1	44	50.250000	 20416894.9470982291
   417453.0000000001	   166353.4238281250	   166353.0000000000	434	1	44	50.000000	 20417214.8482856974
   417453.9999999976	   166741.7089843750	   166741.0000000000	726	1	44	50.000000	 20417535.6254749112
   417454.9999999938	   167130.8369140625	   167130.0000000000	857	1	44	50.250000	 20417856.1793014742
   417455.9999999900	   167520.2978515625	   167520.0000000000	305	1	44	50.250000	 20418178.0035051107
   417456.9999999867	   167910.6269531250	   167910.0000000000	642	1	44	50.250000	 20418498.8051249012
   417457.9999999842	   168301.8457031250	   168301.0000000000	866	1	44	50.500000	 20418821.1563252546
   417458.9999999801	   168693.2998046875	   168693.0000000000	307	1	44	50.500000	 20419143.3225535713
   417459.9999999763	   169084.6660156250	   169084.0000000000	682	1	44	50.000000	 20419464.9862150662
   417460.9999999729	   169476.5068359375	   169476.0000000000	519	1	44	50.250000	 20419786.3602025434
   417461.9999999694	   169868.1748046875	   169868.0000000000	179	1	44	50.250000	 20420108.2891074941
   417462.9999999675	   170260.0322265625	   170260.0000000000	33	1	44	50.250000	 20420430.2249921151
   417463.9999999646	   170653.0273437500	   170653.0000000000	28	1	44	50.500000	 20420751.4698477089
   417464.9999999619	   171046.6386718750	   171046.0000000000	654	1	44	50.500000	 20421073.1788794994
   417465.9999999586	   171440.4736328125	   171440.0000000000	485	1	44	50.000000	 20421396.3048704714
   417466.9999999551	   171834.6269531250	   171834.0000000000	642	1	44	50.000000	 20421718.6456009671
   417467.9999999523	   172229.2089843750	   172229.0000000000	214	1	44	50.250000	 20422040.7490080930
   417468.9999999501	   172623.8720703125	   172623.0000000000	893	1	44	50.000000	 20422364.0634612814
   417469.9999999485	   173019.1132812500	   173019.0000000000	116	1	44	50.250000	 20422686.9625987411
   417470.9999999464	   173415.6005859375	   173415.0000000000	615	1	44	50.500000	 20423010.0083183050
   417471.9999999423	   173812.0537109375	   173812.0000000000	55	1	44	50.250000	 20423332.4432802498
   417472.9999999384	   174209.2578125000	   174209.0000000000	264	1	44	50.250000	 20423654.3756753765
   417473.9999999370	   174607.4257812500	   174607.0000000000	436	1	44	50.250000	 20423976.9153379425
   417474.9999999334	   175005.8173828125	   175005.0000000000	837	1	44	50.000000	 20424299.6678939834
   417475.9999999305	   175405.0058593750	   175405.0000000000	6	1	44	50.000000	 20424622.4693104997
   417476.9999999264	   175804.5419921875	   175804.0000000000	555	1	44	50.000000	 20424946.0490078144
   417477.9999999221	   176204.3808593750	   176204.0000000000	390	1	44	50.000000	 20425269.4332625568
   417478.9999999172	   176604.5107421875	   176604.0000000000	523	1	44	50.000000	 20425591.9450057335
   417479.9999999136	   177005.1855468750	   177005.0000000000	190	1	44	50.000000	 20425914.3939277157
   417481.0000000852	   177406.7675781250	   177406.0000000000	786	2	44	49.750000	 20426238.4098306485
   417482.0000000816	   177808.4511718750	   177808.0000000000	462	1	44	50.000000	 20426562.5933059417
   417483.0000000774	   178210.3046875000	   178210.0000000000	312	1	44	50.000000	 20426887.1571964659
   417484.0000000725	   178612.7314453125	   178612.0000000000	749	1	44	50.250000	 20427210.5100409500
   417485.0000000683	   179015.7783203125	   179015.0000000000	797	1	44	50.000000	 20427534.0548378341
   417486.0000000636	   179419.6005859375	   179419.0000000000	615	1	44	50.000000	 20427857.3169410750
   417487.0000000597	   179824.2714843750	   179824.0000000000	278	1	44	50.250000	 20428180.5546137206
   417488.0000000556	   180229.5429687500	   180229.0000000000	556	1	44	50.000000	 20428504.0086693242
   417489.0000000520	   180635.6699218750	   180635.0000000000	686	1	44	49.750000	 20428828.3177862950
   417490.0000000488	   181042.6093750000	   181042.0000000000	624	1	44	50.250000	 20429153.1783305556
   417491.0000000432	   181449.8964843750	   181449.0000000000	918	1	44	50.000000	 20429477.6095997170
   417492.0000000369	   181858.5957031250	   181858.0000000000	610	1	44	50.250000	 20429802.3863837421
   417493.0000000310	   182268.6982421875	   182268.0000000000	715	1	44	50.750000	 20430127.1596776098
   417494.0000000232	   182679.9306640625	   182679.0000000000	953	1	44	50.750000	 20430451.6432980895
   417495.0000000152	   183091.9609375000	   183091.0000000000	984	1	44	50.750000	 20430776.3433015980
   417496.0000000083	   183505.2343750000	   183505.0000000000	240	1	44	50.750000	 20431101.0886753425
   417497.0000000014	   183919.0605468750	   183919.0000000000	62	1	44	50.750000	 20431425.8514993414
   417497.9999999941	   184333.1855468750	   184333.0000000000	190	1	44	50.250000	 20431751.3507233486
   417498.9999999861	   184748.2587890625	   184748.0000000000	265	1	44	50.250000	 20432076.0507268272
   417499.9999999790	   185165.5712890625	   185165.0000000000	585	1	44	51.000000	 20432401.7453933991
   417500.9999999687	   185584.3388671875	   185584.0000000000	347	1	44	51.250000	 20432726.6408401392
   417501.9999999593	   186004.5791015625	   186004.0000000000	593	1	44	50.750000	 20433052.1924154721
   417502.9999999475	   186426.1552734375	   186426.0000000000	159	1	44	51.000000	 20433377.2065242380
   417503.9999999366	   186849.1835937500	   186849.0000000000	188	1	44	51.000000	 20433702.8942118175
   417504.9999999241	   187272.9609375000	   187272.0000000000	984	1	44	50.750000	 20434027.8420098908
   417505.9999999126	   187696.9541015625	   187696.0000000000	977	1	44	50.500000	 20434354.0706548989
   417507.0000000760	   188121.4228515625	   188121.0000000000	433	2	44	50.250000	 20434679.2382756248
   417508.0000000647	   188546.2333984375	   188546.0000000000	239	1	44	50.250000	 20435004.1058022939
   417509.0000000540	   188972.2880859375	   188972.0000000000	295	1	44	50.250000	 20435329.5596566834
   417510.0000000417	   189398.5341796875	   189398.0000000000	547	1	44	50.500000	 20435655.7219910212
   417511.0000000276	   189825.0810546875	   189825.0000000000	83	1	44	50.250000	 20435980.4499166124
   417512.0000000159	   190251.8271484375	   190251.0000000000	847	1	44	50.000000	 20436306.0538432822
   417513.0000000031	   190679.0722656250	   190679.0000000000	74	1	44	50.000000	 20436631.3436660320
   417513.9999999914	   191107.1826171875	   191107.0000000000	187	1	44	50.000000	 20436956.9301424809
   417514.9999999796	   191536.4941406250	   191536.0000000000	506	1	44	50.250000	 20437283.0889866166
   417515.9999999681	   191966.7382812500	   191966.0000000000	756	1	44	50.250000	 20437609.4607235491
   417516.9999999551	   192398.3964843750	   192398.0000000000	406	1	44	50.000000	 20437935.3787548207
   417517.9999999413	   192831.0615234375	   192831.0000000000	63	1	44	50.000000	 20438261.5166592449
   417518.9999999263	   193265.8457031250	   193265.0000000000	866	1	44	50.000000	 20438587.5568427257
   417520.0000000855	   193703.3300781250	   193703.0000000000	338	2	44	50.250000	 20438914.4555279277
   417521.0000000685	   194142.7392578125	   194142.0000000000	757	1	44	50.250000	 20439240.7609555237
   417522.0000000503	   194583.0009765625	   194583.0000000000	1	1	44	50.250000	 20439567.8621141575
   417523.0000000310	   195022.2900390625	   195022.0000000000	297	1	44	50.000000	 20439894.0419007428
   417524.0000000139	   195462.0097656250	   195462.0000000000	10	1	44	50.000000	 20440220.3124279082
   417524.9999999972	   195901.9335937500	   195901.0000000000	956	1	44	49.750000	 20440547.8498419821
   417525.9999999802	   196342.4619140625	   196342.0000000000	473	1	44	49.500000	 20440873.7085436061
   417526.9999999642	   196783.2265625000	   196783.0000000000	232	1	44	49.500000	 20441201.1866266653
   417527.9999999473	   197224.6699218750	   197224.0000000000	686	1	44	49.500000	 20441527.8131385483
   417528.9999999311	   197666.5068359375	   197666.0000000000	519	1	44	49.750000	 20441855.2039705217
   417529.9999999137	   198108.8720703125	   198108.0000000000	893	1	44	49.750000	 20442182.1201564260
   417531.0000000735	   198552.1494140625	   198552.0000000000	153	2	44	50.000000	 20442510.0344451144
   417532.0000000575	   198995.5527343750	   198995.0000000000	566	1	44	49.750000	 20442837.9243537337
   417533.0000000424	   199439.1435546875	   199439.0000000000	147	1	44	49.750000	 20443165.8072819784
   417534.0000000270	   199883.4267578125	   199883.0000000000	437	1	44	49.750000	 20443493.7286008447
   417535.0000000115	   200328.6250000000	   200328.0000000000	640	1	44	50.000000	 20443822.9202967808
   417535.9999999955	   200774.4677734375	   200774.0000000000	479	1	44	50.250000	 20444151.5431152061
   417536.9999999804	   201220.8476562500	   201220.0000000000	868	1	44	50.250000	 20444480.5533286110
   417537.9999999633	   201667.5644531250	   201667.0000000000	578	1	44	50.000000	 20444808.5584090613
   417538.9999999468	   202114.9052734375	   202114.0000000000	927	1	44	50.000000	 20445136.5774495490
   417539.9999999292	   202562.8203125000	   202562.0000000000	840	1	44	50.250000	 20445464.8547538035
   417541.0000000860	   203011.2548828125	   203011.0000000000	261	2	44	50.000000	 20445792.8807248324
   417542.0000000673	   203459.4921875000	   203459.0000000000	504	1	44	50.000000	 20446120.6833830625
   417543.0000000485	   203908.1816406250	   203908.0000000000	186	1	44	49.750000	 20446448.8978668042
   417544.0000000307	   204357.2939453125	   204357.0000000000	301	1	44	49.750000	 20446776.9448280521
   417545.0000000138	   204806.6533203125	   204806.0000000000	669	1	44	49.750000	 20447105.7177187651
   417545.9999999971	   205255.9345703125	   205255.0000000000	957	1	44	50.000000	 20447435.2584197335
   417546.9999999789	   205705.1142578125	   205705.0000000000	117	1	44	50.000000	 20447763.2006796747
   417547.9999999616	   206154.3388671875	   206154.0000000000	347	1	44	50.000000	 20448091.4395933151
   417548.9999999460	   206603.6669921875	   206603.0000000000	683	1	44	49.750000	 20448420.1496628374
   417549.9999999311	   207053.2314453125	   207053.0000000000	237	1	44	49.750000	 20448749.5333111733
   417550.9999999152	   207503.1308593750	   207503.0000000000	134	1	44	49.750000	 20449078.1735798232
   417552.0000000747	   207953.9619140625	   207953.0000000000	985	2	44	49.750000	 20449407.1453527994
   417553.0000000579	   208404.6738281250	   208404.0000000000	690	1	44	49.750000	 20449735.6669601165
   417554.0000000416	   208855.2802734375	   208855.0000000000	287	1	44	49.500000	 20450064.8830866180
   417555.0000000249	   209306.2216796875	   209306.0000000000	227	1	44	49.750000	 20450392.7241347432
   417556.0000000106	   209757.5400390625	   209757.0000000000	553	1	44	49.500000	 20450721.2631916106
   417556.9999999956	   210209.5302734375	   210209.0000000000	543	1	44	49.500000	 20451050.1826637313
   417557.9999999793	   210661.6845703125	   210661.0000000000	701	1	44	49.750000	 20451379.8455162346
   417558.9999999623	   211113.9375000000	   211113.0000000000	960	1	44	50.000000	 20451708.2798724547
   417559.9999999468	   211567.3242187500	   211567.0000000000	332	1	44	49.750000	 20452037.6146603152
   417560.9999999299	   212021.2031250000	   212021.0000000000	208	1	44	49.750000	 20452367.3717442639
   417561.9999999134	   212474.4013671875	   212474.0000000000	411	1	44	49.750000	 20452696.6960622706
   417563.0000000721	   212927.5986328125	   212927.0000000000	613	2	44	49.750000	 20453026.8893518373
   417564.0000000572	   213380.9843750000	   213380.0000000000	1008	1	44	49.750000	 20453356.2380997688
   417565.0000000436	   213835.0742187500	   213835.0000000000	76	1	44	49.500000	 20453686.2918367200
   417566.0000000303	   214289.6181640625	   214289.0000000000	633	1	44	49.750000	 20454016.5759166926
   417567.0000000162	   214744.1845703125	   214744.0000000000	189	1	44	49.500000	 20454347.7604290061
   417568.0000000022	   215198.9257812500	   215198.0000000000	948	1	44	49.750000	 20454678.3725736253
   417568.9999999882	   215653.5917968750	   215653.0000000000	606	1	44	49.750000	 20455009.5919863768
   417569.9999999742	   216109.3125000000	   216109.0000000000	320	1	44	49.750000	 20455340.2215812132
   417570.9999999608	   216565.4462890625	   216565.0000000000	457	1	44	50.250000	 20455671.2036705837
   417571.9999999473	   217021.7421875000	   217021.0000000000	760	1	44	50.000000	 20456001.9903173782
   417572.9999999350	   217478.3164062500	   217478.0000000000	324	1	44	49.500000	 20456333.8588783592
   417573.9999999214	   217935.0546875000	   217935.0000000000	56	1	44	49.750000	 20456665.0224502683
   417575.0000000835	   218393.1542968750	   218393.0000000000	158	2	44	50.000000	 20456996.5314865373
   417576.0000000691	   218852.9726562500	   218852.0000000000	996	1	44	50.500000	 20457327.8974813744
   417577.0000000540	   219315.4091796875	   219315.0000000000	419	1	44	50.750000	 20457660.2162592076
   417578.0000000361	   219779.4482421875	   219779.0000000000	459	1	44	50.750000	 20457991.8230683021
   417579.0000000179	   220246.4121093750	   220246.0000000000	422	1	44	50.500000	 20458324.6304535940
   417579.9999999949	   220716.5439453125	   220716.0000000000	557	1	44	51.000000	 20458655.5950954631
   417580.9999999714	   221188.4667968750	   221188.0000000000	478	1	44	50.750000	 20458987.2437867001
   417581.9999999473	   221661.2080078125	   221661.0000000000	213	1	44	50.750000	 20459318.4317919165
   417582.9999999235	   222135.0527343750	   222135.0000000000	54	1	44	50.250000	 20459649.1346805319
   417584.0000000756	   222610.4365234375	   222610.0000000000	447	2	44	50.500000	 20459980.7554012164
   417585.0000000508	   223086.1181640625	   223086.0000000000	121	1	44	50.500000	 20460312.0201876648
   417586.0000000275	   223562.2226562500	   223562.0000000000	228	1	44	50.250000	 20460644.0248636082
   417587.0000000033	   224038.7412109375	   224038.0000000000	759	1	44	50.500000	 20460975.9108782150
   417587.9999999804	   224515.7832031250	   224515.0000000000	802	1	44	50.500000	 20461308.1807976104
   417588.9999999568	   224993.6982421875	   224993.0000000000	715	1	44	50.750000	 20461640.5100480244
   417589.9999999336	   225472.5126953125	   225472.0000000000	525	1	44	50.750000	 20461973.3907257281
   417591.0000000848	   225952.5214843750	   225952.0000000000	534	2	44	51.000000	 20462305.4651527517
   417592.0000000607	   226433.2148437500	   226433.0000000000	220	1	44	50.750000	 20462637.3860677965
   417593.0000000353	   226914.7636718750	   226914.0000000000	782	1	44	50.500000	 20462969.6036372073
   417594.0000000101	   227397.1386718750	   227397.0000000000	142	1	44	50.750000	 20463301.7653658092
   417594.9999999845	   227879.8789062500	   227879.0000000000	900	1	44	50.250000	 20463633.9305845834
   417595.9999999588	   228364.1220703125	   228364.0000000000	125	1	44	50.250000	 20463967.4918221422
   417596.9999999314	   228849.8935546875	   228849.0000000000	915	1	44	50.750000	 20464300.2608195394
   417598.0000000792	   229336.6074218750	   229336.0000000000	622	2	44	50.500000	 20464632.3247773871
   417599.0000000537	   229824.3935546875	   229824.0000000000	403	1	44	50.250000	 20464965.2578064241
   417600.0000000263	   230313.3955078125	   230313.0000000000	405	1	44	50.250000	 20465297.7406199872
   417600.9999999985	   230804.2509765625	   230804.0000000000	257	1	44	50.250000	 20465630.6910999082
   417601.9999999690	   231296.8212890625	   231296.0000000000	841	1	44	50.750000	 20465963.6904410049
   417602.9999999384	   231789.9199218750	   231789.0000000000	942	1	44	50.500000	 20466295.6253181323
   417604.0000000845	   232283.6728515625	   232283.0000000000	689	2	44	49.750000	 20466627.6299456432
   417605.0000000561	   232777.2841796875	   232777.0000000000	291	1	44	49.750000	 20466961.1039327942
   417606.0000000262	   233271.7089843750	   233271.0000000000	726	1	44	49.750000	 20467294.2673062161
   417606.9999999962	   233767.4248046875	   233767.0000000000	435	1	44	50.000000	 20467627.5563213229
   417607.9999999664	   234263.9277343750	   234263.0000000000	950	1	44	49.750000	 20467961.1664207168
   417608.9999999359	   234760.6718750000	   234760.0000000000	688	1	44	49.750000	 20468295.3000273295
   417610.0000000820	   235258.6953125000	   235258.0000000000	712	2	44	49.750000	 20468628.8786659874
   417611.0000000510	   235757.3505859375	   235757.0000000000	359	1	44	49.750000	 20468962.2828529365
   417612.0000000200	   236256.6660156250	   236256.0000000000	682	1	44	49.500000	 20469295.5439479835
   417612.9999999900	   236756.5078125000	   236756.0000000000	520	1	44	49.250000	 20469628.9935052395
   417613.9999999602	   237256.3916015625	   237256.0000000000	401	1	44	49.250000	 20469964.4637996182
   417614.9999999280	   237756.1748046875	   237756.0000000000	179	1	44	49.250000	 20470299.0929933712
   417616.0000000722	   238256.6542968750	   238256.0000000000	670	2	44	49.250000	 20470633.5266940631
   417617.0000000427	   238757.5439453125	   238757.0000000000	557	1	44	49.250000	 20470967.9395041466
   417618.0000000137	   239258.5830078125	   239258.0000000000	597	1	44	49.500000	 20471303.5284598656
   417618.9999999818	   239759.1220703125	   239759.0000000000	125	1	44	49.250000	 20471638.1192630082
   417619.9999999506	   240259.5664062500	   240259.0000000000	580	1	44	49.500000	 20471972.7414763980
   417620.9999999206	   240760.1025390625	   240760.0000000000	105	1	44	49.500000	 20472307.8906865008
   417622.0000000664	   241261.0302734375	   241261.0000000000	31	2	44	49.500000	 20472642.2057251632
   417623.0000000374	   241762.1816406250	   241762.0000000000	186	1	44	49.500000	 20472976.2206697315
   417624.0000000086	   242263.7050781250	   242263.0000000000	722	1	44	49.500000	 20473310.3054152019
   417624.9999999799	   242766.0380859375	   242766.0000000000	39	1	44	49.250000	 20473643.9608848877
   417625.9999999513	   243269.1484375000	   243269.0000000000	152	1	44	49.500000	 20473978.9739827476
   417626.9999999218	   243772.9638671875	   243772.0000000000	987	1	44	49.500000	 20474313.1006089970
   417628.0000000678	   244278.5332031250	   244278.0000000000	546	2	44	49.750000	 20474648.6301838942
   417629.0000000368	   244785.5400390625	   244785.0000000000	553	1	44	50.250000	 20474984.9311097451
   417630.0000000051	   245292.9365234375	   245292.0000000000	959	1	44	50.250000	 20475320.2548227087
   417630.9999999721	   245800.4003906250	   245800.0000000000	410	1	44	49.500000	 20475656.0706326179
   417631.9999999393	   246307.8378906250	   246307.0000000000	858	1	44	50.000000	 20475991.5269676447
   417633.0000000834	   246816.0849609375	   246816.0000000000	87	2	44	49.750000	 20476327.3392369114
   417634.0000000531	   247324.7041015625	   247324.0000000000	721	1	44	50.000000	 20476663.8321151249
   417635.0000000215	   247833.6923828125	   247833.0000000000	709	1	44	50.000000	 20477000.0841804817
   417635.9999999907	   248343.3896484375	   248343.0000000000	399	1	44	50.000000	 20477336.6887403876
   417636.9999999591	   248853.3710937500	   248853.0000000000	380	1	44	50.250000	 20477672.7802636139
   417637.9999999279	   249363.3066406250	   249363.0000000000	314	1	44	50.000000	 20478008.5646625981
   417639.0000000718	   249873.2705078125	   249873.0000000000	277	2	44	50.000000	 20478344.7538569719
   417640.0000000409	   250382.8144531250	   250382.0000000000	834	1	44	50.250000	 20478680.7685989588
   417641.0000000108	   250892.4277343750	   250892.0000000000	438	1	44	50.250000	 20479017.1707359292
   417641.9999999817	   251402.3144531250	   251402.0000000000	322	1	44	50.250000	 20479353.7438848801
   417642.9999999524	   251912.5380859375	   251912.0000000000	551	1	44	50.000000	 20479689.5317733623
   417643.9999999239	   252423.1884765625	   252423.0000000000	193	1	44	49.750000	 20480025.6896065921
   417645.0000000702	   252934.2919921875	   252934.0000000000	299	2	44	49.750000	 20480362.5942598730
   417646.0000000400	   253445.3164062500	   253445.0000000000	324	1	44	50.000000	 20480697.9773031697
   417647.0000000104	   253956.5849609375	   253956.0000000000	599	1	44	49.500000	 20481034.3759499490
   417647.9999999804	   254468.0537109375	   254468.0000000000	55	1	44	49.750000	 20481370.8129873611
   417648.9999999519	   254979.7871093750	   254979.0000000000	806	1	44	49.500000	 20481707.2395542152
   417649.9999999230	   255491.2929687500	   255491.0000000000	300	1	44	49.500000	 20482044.7410555817
   417651.0000000684	   256002.7187500000	   256002.0000000000	736	2	44	49.750000	 20482381.9388730563
   417652.0000000395	   256513.3955078125	   256513.0000000000	405	1	44	49.750000	 20482718.8505565301
   417653.0000000118	   257023.7558593750	   257023.0000000000	774	1	44	49.750000	 20483056.5230699070
   417653.9999999853	   257534.1298828125	   257534.0000000000	133	1	44	49.500000	 20483393.8640284352
   417654.9999999597	   258044.8515625000	   258044.0000000000	872	1	44	49.250000	 20483731.0549146943
   417655.9999999341	   258556.2294921875	   258556.0000000000	235	1	44	49.500000	 20484068.7832682058
   417657.0000000822	   259068.0244140625	   259068.0000000000	25	2	44	49.750000	 20484406.6756042205
   417658.0000000541	   259579.2666015625	   259579.0000000000	273	1	44	49.750000	 20484743.9746826440
   417659.0000000271	   260090.3701171875	   260090.0000000000	379	1	44	49.750000	 20485081.0154973231
   417660.0000000015	   260601.6855468750	   260601.0000000000	702	1	44	49.250000	 20485418.7613010593
   417660.9999999768	   261113.1005859375	   261113.0000000000	103	1	44	49.250000	 20485756.4826742001
   417661.9999999520	   261624.9355468750	   261624.0000000000	958	1	44	49.500000	 20486094.4902311973
   417662.9999999281	   262136.6650390625	   262136.0000000000	681	1	44	49.250000	 20486432.7420912422
   417664.0000000767	   262648.4472656250	   262648.0000000000	458	2	44	49.500000	 20486769.7723855674
   417665.0000000509	   263159.8916015625	   263159.0000000000	913	1	44	49.500000	 20487107.3227467202
   417666.0000000269	   263671.1464843750	   263671.0000000000	150	1	44	49.500000	 20487445.3966144025
   417667.0000000026	   264182.3847656250	   264182.0000000000	394	1	44	49.750000	 20487783.6694148257
   417667.9999999787	   264693.2353515625	   264693.0000000000	241	1	44	49.750000	 20488122.0818170197
   417668.9999999556	   265204.1181640625	   265204.0000000000	121	1	44	50.000000	 20488460.8641639575
   417669.9999999337	   265715.1044921875	   265715.0000000000	107	1	44	50.000000	 20488800.1560573876
   417671.0000000863	   266226.2373046875	   266226.0000000000	243	2	44	50.250000	 20489138.8022422791
   417672.0000000637	   266737.0419921875	   266737.0000000000	43	1	44	50.250000	 20489477.4554573372
   417673.0000000414	   267247.9160156250	   267247.0000000000	938	1	44	50.000000	 20489815.6410060078
   417674.0000000200	   267758.9697265625	   267758.0000000000	993	1	44	49.750000	 20490154.3395913392
   417674.9999999988	   268270.2197265625	   268270.0000000000	225	1	44	50.000000	 20490493.2685196958
   417675.9999999775	   268781.7832031250	   268781.0000000000	802	1	44	49.750000	 20490832.0369059108
   417676.9999999566	   269294.0019531250	   269294.0000000000	2	1	44	50.000000	 20491171.3392691985
   417677.9999999349	   269806.4541015625	   269806.0000000000	465	1	44	50.500000	 20491511.1127890497
   417678.9999999130	   270318.8779296875	   270318.0000000000	899	1	44	50.250000	 20491851.2632340118
   417680.0000000663	   270831.5917968750	   270831.0000000000	606	2	44	50.500000	 20492191.2635568939
   417681.0000000443	   271344.1171875000	   271344.0000000000	120	1	44	50.500000	 20492530.9498256557
   417682.0000000231	   271856.6894531250	   271856.0000000000	706	1	44	50.500000	 20492871.0234893635
   417683.0000000023	   272369.3886718750	   272369.0000000000	398	1	44	50.500000	 20493210.9156705812
   417683.9999999806	   272881.5156250000	   272881.0000000000	528	1	44	50.750000	 20493550.4204567932
   417684.9999999589	   273393.9404296875	   273393.0000000000	963	1	44	51.000000	 20493888.9061493464
   417685.9999999392	   273907.8769531250	   273907.0000000000	898	1	44	50.750000	 20494228.5749672092
   417686.9999999189	   274422.4960937500	   274422.0000000000	508	1	44	51.000000	 20494568.1774743795
   417688.0000000719	   274936.8632812500	   274936.0000000000	884	2	44	50.500000	 20494907.4099869952
   417689.0000000502	   275450.4873046875	   275450.0000000000	499	1	44	50.750000	 20495246.8798727654
   417690.0000000292	   275963.9599609375	   275963.0000000000	983	1	44	50.500000	 20495586.4335194640
   417691.0000000092	   276477.4511718750	   276477.0000000000	462	1	44	50.000000	 20495925.8719943203
   417691.9999999906	   276991.1904296875	   276991.0000000000	195	1	44	49.750000	 20496266.2841918692
   417692.9999999721	   277505.2294921875	   277505.0000000000	235	1	44	49.750000	 20496606.4625562243
   417693.9999999535	   278019.5000000000	   278019.0000000000	512	1	44	49.750000	 20496946.5885699280
   417694.9999999352	   278534.2031250000	   278534.0000000000	208	1	44	49.750000	 20497286.6761930175
   417695.9999999178	   279050.2949218750	   279050.0000000000	302	1	44	49.750000	 20497627.4548451342
   417697.0000000739	   279568.2773437500	   279568.0000000000	284	2	44	50.250000	 20497968.0065946020
   417698.0000000534	   280087.6953125000	   280087.0000000000	712	1	44	50.250000	 20498308.5758447871
   417699.0000000315	   280607.9843750000	   280607.0000000000	1008	1	44	50.000000	 20498648.8868318945
   417700.0000000100	   281128.1503906250	   281128.0000000000	154	1	44	49.500000	 20498988.8383441120
   417700.9999999887	   281648.3496093750	   281648.0000000000	358	1	44	49.500000	 20499329.1807414666
   417701.9999999687	   282168.7900390625	   282168.0000000000	809	1	44	49.250000	 20499669.7465014793
   417702.9999999483	   282689.3847656250	   282689.0000000000	394	1	44	49.250000	 20500010.4937440231
   417703.9999999282	   283209.9746093750	   283209.0000000000	998	1	44	49.250000	 20500351.4538793601
   417705.0000000832	   283730.6943359375	   283730.0000000000	711	2	44	49.250000	 20500691.8520670757
   417706.0000000633	   284251.7753906250	   284251.0000000000	794	1	44	49.000000	 20501032.3096355721
   417707.0000000442	   284773.4033203125	   284773.0000000000	413	1	44	49.000000	 20501373.4233326986
   417708.0000000249	   285295.9082031250	   285295.0000000000	930	1	44	48.750000	 20501714.7708630003
   417709.0000000049	   285819.5820312500	   285819.0000000000	596	1	44	49.000000	 20502056.0869830549
   417709.9999999837	   286342.8427734375	   286342.0000000000	863	1	44	48.750000	 20502397.8602996431
   417710.9999999626	   286866.1376953125	   286866.0000000000	141	1	44	49.000000	 20502739.3997830264
   417711.9999999419	   287389.6621093750	   287389.0000000000	678	1	44	48.750000	 20503081.4732434861
   417712.9999999212	   287913.2402343750	   287913.0000000000	246	1	44	49.000000	 20503423.5467039421
   417714.0000000758	   288437.0878906250	   288437.0000000000	90	2	44	49.000000	 20503765.5398431867
   417715.0000000551	   288960.9931640625	   288960.0000000000	1017	1	44	49.000000	 20504106.8803938068
   417716.0000000346	   289485.1298828125	   289485.0000000000	133	1	44	48.750000	 20504449.3272891901
   417717.0000000146	   290009.4677734375	   290009.0000000000	479	1	44	49.000000	 20504791.8788859136
   417717.9999999952	   290534.0166015625	   290534.0000000000	17	1	44	49.250000	 20505135.0691609755
   417718.9999999753	   291058.1308593750	   291058.0000000000	134	1	44	49.500000	 20505478.3885679394
   417719.9999999554	   291581.9628906250	   291581.0000000000	986	1	44	49.750000	 20505821.2786991335
   417720.9999999367	   292105.9931640625	   292105.0000000000	1017	1	44	49.500000	 20506163.9803674296
   417721.9999999186	   292630.0439453125	   292630.0000000000	45	1	44	49.500000	 20506506.5529038459
   417723.0000000754	   293154.4248046875	   293154.0000000000	435	2	44	49.500000	 20506849.3347930498
   417724.0000000578	   293678.5253906250	   293678.0000000000	538	1	44	49.500000	 20507191.9038392901
   417725.0000000414	   294202.7734375000	   294202.0000000000	792	1	44	49.500000	 20507534.8567903228
   417726.0000000249	   294727.0742187500	   294727.0000000000	76	1	44	49.250000	 20507877.5968485549
   417727.0000000087	   295251.3769531250	   295251.0000000000	386	1	44	49.500000	 20508220.8883340694
   417727.9999999926	   295775.6015625000	   295775.0000000000	616	1	44	49.500000	 20508564.0716280974
   417728.9999999767	   296299.8896484375	   296299.0000000000	911	1	44	49.750000	 20508907.4329144917
   417729.9999999619	   296824.0439453125	   296824.0000000000	45	1	44	49.500000	 20509250.7313796878
   417730.9999999458	   297348.4648437500	   297348.0000000000	476	1	44	49.750000	 20509592.8955800496
   417731.9999999310	   297873.1542968750	   297873.0000000000	158	1	44	49.500000	 20509936.3022367358
   417732.9999999165	   298398.1201171875	   298398.0000000000	123	1	44	49.500000	 20510279.6879530214
   417734.0000000767	   298923.1406250000	   298923.0000000000	144	2	44	49.500000	 20510623.7506884970
   417735.0000000603	   299447.8193359375	   299447.0000000000	839	1	44	49.750000	 20510966.7036395296
   417736.0000000452	   299972.6796875000	   299972.0000000000	696	1	44	49.500000	 20511309.8974034227
   417737.0000000313	   300497.9492187500	   300497.0000000000	972	1	44	49.500000	 20511653.4401716664
   417738.0000000177	   301023.4501953125	   301023.0000000000	461	1	44	49.500000	 20511997.4994667657
   417739.0000000041	   301548.9482421875	   301548.0000000000	971	1	44	49.500000	 20512341.8449456915
   417739.9999999895	   302074.1425781250	   302074.0000000000	146	1	44	49.750000	 20512685.3214032575
   417740.9999999764	   302598.9316406250	   302598.0000000000	954	1	44	50.000000	 20513029.4121086113
   417741.9999999645	   303123.5107421875	   303123.0000000000	523	1	44	50.000000	 20513373.9774600267
   417742.9999999523	   303647.8769531250	   303647.0000000000	898	1	44	50.000000	 20513718.3299186528
   417743.9999999403	   304172.2998046875	   304172.0000000000	307	1	44	49.750000	 20514063.0209117718
   417744.9999999295	   304696.9960937500	   304696.0000000000	1020	1	44	49.750000	 20514407.7572751828
   417745.9999999190	   305222.2148437500	   305222.0000000000	220	1	44	49.750000	 20514752.4726982005
   417747.0000000835	   305747.8222656250	   305747.0000000000	842	2	44	50.000000	 20515098.1303838603
   417748.0000000710	   306273.1992187500	   306273.0000000000	204	1	44	50.000000	 20515442.8248671405
   417749.0000000588	   306798.5703125000	   306798.0000000000	584	1	44	50.000000	 20515788.0184270926
   417750.0000000464	   307323.9843750000	   307323.0000000000	1008	1	44	50.000000	 20516132.7478108071
   417751.0000000356	   307849.3291015625	   307849.0000000000	337	1	44	49.750000	 20516477.3585325256
   417752.0000000242	   308374.4384765625	   308374.0000000000	449	1	44	49.750000	 20516821.6342099197
   417753.0000000120	   308899.6513671875	   308899.0000000000	667	1	44	49.750000	 20517165.9866685271
   417754.0000000012	   309424.6464843750	   309424.0000000000	662	1	44	49.750000	 20517510.7579323947
   417754.9999999905	   309949.7265625000	   309949.0000000000	744	1	44	50.000000	 20517855.8328302950
   417755.9999999806	   310474.8037109375	   310474.0000000000	823	1	44	50.000000	 20518200.8483971953
   417756.9999999705	   310999.8222656250	   310999.0000000000	842	1	44	50.000000	 20518546.7050654031
   417757.9999999608	   311524.5419921875	   311524.0000000000	555	1	44	50.250000	 20518891.9335250929
   417758.9999999520	   312049.2988281250	   312049.0000000000	306	1	44	50.250000	 20519237.5842801891
   417759.9999999438	   312574.4355468750	   312574.0000000000	446	1	44	50.000000	 20519583.2489953227
   417760.9999999350	   313099.7470703125	   313099.0000000000	765	1	44	50.000000	 20519928.4704746529
   417761.9999999260	   313624.9931640625	   313624.0000000000	1017	1	44	50.000000	 20520273.4965114072
   417762.9999999179	   314150.5410156250	   314150.0000000000	554	1	44	49.750000	 20520619.0704852678
   417764.0000000857	   314676.4384765625	   314676.0000000000	449	2	44	49.750000	 20520965.1504656486
   417765.0000000770	   315202.2246093750	   315202.0000000000	230	1	44	49.750000	 20521310.1032113433
   417766.0000000694	   315728.1015625000	   315728.0000000000	104	1	44	49.500000	 20521655.6911452562
   417767.0000000618	   316253.7363281250	   316253.0000000000	754	1	44	49.750000	 20522001.2616289146
   417768.0000000540	   316778.9277343750	   316778.0000000000	950	1	44	49.750000	 20522346.6366700232
   417769.0000000476	   317304.0585937500	   317304.0000000000	60	1	44	49.750000	 20522693.0028840527
   417770.0000000419	   317829.5498046875	   317829.0000000000	563	1	44	49.500000	 20523038.8630411029
   417771.0000000370	   318355.1230468750	   318355.0000000000	126	1	44	49.250000	 20523385.8260526918
   417772.0000000309	   318880.9951171875	   318880.0000000000	1019	1	44	49.250000	 20523732.1364258751
   417773.0000000254	   319409.2539062500	   319409.0000000000	260	1	44	49.500000	 20524079.3367608637
   417774.0000000171	   319939.7080078125	   319939.0000000000	725	1	44	50.000000	 20524425.9856692329
   417775.0000000083	   320470.8701171875	   320470.0000000000	891	1	44	49.750000	 20524772.9242516235
   417775.9999999992	   321001.6318359375	   321001.0000000000	647	1	44	49.250000	 20525119.6324910000
   417776.9999999899	   321532.0595703125	   321532.0000000000	61	1	44	49.500000	 20525466.7002052739
   417777.9999999821	   322062.5644531250	   322062.0000000000	578	1	44	49.250000	 20525813.5061656013
   417778.9999999764	   322594.8378906250	   322594.0000000000	858	1	44	49.500000	 20526160.9577839859
   417779.9999999698	   323129.0644531250	   323129.0000000000	66	1	44	49.750000	 20526508.2732908130
   417780.9999999614	   323664.9208984375	   323664.0000000000	943	1	44	49.750000	 20526855.1560323685
   417781.9999999514	   324202.2607421875	   324202.0000000000	267	1	44	49.500000	 20527202.0317942500
   417782.9999999410	   324740.3720703125	   324740.0000000000	381	1	44	49.250000	 20527548.2130369209
   417783.9999999321	   325279.2675781250	   325279.0000000000	274	1	44	49.000000	 20527895.3854525052
   417784.9999999215	   325818.9687500000	   325818.0000000000	992	1	44	49.250000	 20528242.0867122076
   417786.0000000856	   326359.4892578125	   326359.0000000000	501	2	44	49.000000	 20528589.3393493854
   417787.0000000740	   326899.5556640625	   326899.0000000000	569	1	44	49.000000	 20528936.8537903242
   417788.0000000627	   327439.1191406250	   327439.0000000000	122	1	44	49.250000	 20529284.6334747188
   417789.0000000516	   327978.2255859375	   327978.0000000000	231	1	44	49.000000	 20529631.5720578097
   417790.0000000406	   328517.3574218750	   328517.0000000000	366	1	44	49.000000	 20529978.8491753787
   417791.0000000305	   329056.7929687500	   329056.0000000000	812	1	44	48.750000	 20530325.9762206711
   417792.0000000219	   329597.3964843750	   329597.0000000000	406	1	44	49.000000	 20530674.1293392889
   417793.0000000115	   330139.9326171875	   330139.0000000000	955	1	44	49.250000	 20531022.1533267312
   417793.9999999983	   330683.3955078125	   330683.0000000000	405	1	44	49.500000	 20531370.3238969594
   417794.9999999859	   331227.1083984375	   331227.0000000000	111	1	44	49.000000	 20531718.6305787452
   417795.9999999746	   331771.2060546875	   331771.0000000000	211	1	44	48.750000	 20532067.5375482887
   417796.9999999625	   332315.2578125000	   332315.0000000000	264	1	44	49.000000	 20532416.4689484127
   417797.9999999494	   332859.5361328125	   332859.0000000000	549	1	44	49.000000	 20532764.1195016019
   417798.9999999377	   333404.7880859375	   333404.0000000000	807	1	44	49.000000	 20533112.6181357801
   417799.9999999265	   333951.1337890625	   333951.0000000000	137	1	44	49.250000	 20533461.2912721373
   417800.9999999140	   334498.3730468750	   334498.0000000000	382	1	44	49.250000	 20533809.6886951849
   417802.0000000758	   335046.6533203125	   335046.0000000000	669	2	44	49.250000	 20534158.2466105781
   417803.0000000623	   335595.1640625000	   335595.0000000000	168	1	44	49.000000	 20534506.5079220533
   417804.0000000499	   336144.1494140625	   336144.0000000000	153	1	44	49.000000	 20534855.3520710953
   417805.0000000374	   336693.1386718750	   336693.0000000000	142	1	44	48.750000	 20535204.6080456823
   417806.0000000240	   337242.0703125000	   337242.0000000000	72	1	44	49.000000	 20535553.9059010521
   417807.0000000114	   337791.2148437500	   337791.0000000000	220	1	44	48.750000	 20535902.5546075068
   417808.0000000003	   338340.5986328125	   338340.0000000000	613	1	44	48.750000	 20536251.8001115583
   417808.9999999883	   338889.9951171875	   338889.0000000000	1019	1	44	48.750000	 20536601.6424138695
   417809.9999999752	   339439.4580078125	   339439.0000000000	469	1	44	49.000000	 20536950.1515185870
   417810.9999999639	   339989.8750000000	   339989.0000000000	896	1	44	48.750000	 20537299.3272217587
   417811.9999999529	   340542.5771484375	   340542.0000000000	591	1	44	49.250000	 20537649.1799939275
   417812.9999999385	   341097.7548828125	   341097.0000000000	773	1	44	49.500000	 20537998.4499292336
   417813.9999999219	   341654.9687500000	   341654.0000000000	992	1	44	49.250000	 20538346.9136643410
   417815.0000000806	   342213.4550781250	   342213.0000000000	466	2	44	49.000000	 20538695.7089037783
   417816.0000000653	   342771.2050781250	   342771.0000000000	210	1	44	48.750000	 20539045.9874628969
   417817.0000000491	   343328.3486328125	   343328.0000000000	357	1	44	49.000000	 20539395.7180848829
   417818.0000000334	   343885.2480468750	   343885.0000000000	254	1	44	49.000000	 20539745.5883086435
   417819.0000000185	   344442.2822265625	   344442.0000000000	289	1	44	49.000000	 20540095.2561094761
   417820.0000000061	   344999.9775390625	   344999.0000000000	1001	1	44	48.750000	 20540445.2798943073
   417820.9999999942	   345558.0771484375	   345558.0000000000	79	1	44	48.750000	 20540796.1412902847
   417821.9999999796	   346116.1093750000	   346116.0000000000	112	1	44	48.750000	 20541147.2190699242
   417822.9999999643	   346673.9746093750	   346673.0000000000	998	1	44	49.000000	 20541497.4801788218
   417823.9999999508	   347231.9892578125	   347231.0000000000	1013	1	44	49.000000	 20541847.7273270003
   417824.9999999389	   347790.4433593750	   347790.0000000000	454	1	44	49.000000	 20542198.3374395706
   417825.9999999260	   348349.1220703125	   348349.0000000000	125	1	44	49.250000	 20542549.4745495394
   417827.0000000868	   348908.5136718750	   348908.0000000000	526	2	44	49.500000	 20542899.6134564169
   417828.0000000736	   349468.1572265625	   349468.0000000000	161	1	44	49.500000	 20543250.8064072356
   417829.0000000604	   350028.4677734375	   350028.0000000000	479	1	44	49.500000	 20543601.8562660925
   417830.0000000471	   350588.8652343750	   350588.0000000000	886	1	44	49.750000	 20543953.5866841376
   417831.0000000331	   351149.3505859375	   351149.0000000000	359	1	44	49.750000	 20544304.9820578881
   417832.0000000204	   351709.7529296875	   351709.0000000000	771	1	44	49.750000	 20544656.6007942781
   417833.0000000077	   352269.7978515625	   352269.0000000000	817	1	44	49.750000	 20545007.6820634119
   417833.9999999960	   352829.6220703125	   352829.0000000000	637	1	44	50.000000	 20545358.8819938824
   417834.9999999845	   353389.0273437500	   353389.0000000000	28	1	44	49.750000	 20545710.1517252289
   417835.9999999733	   353948.1845703125	   353948.0000000000	189	1	44	50.000000	 20546061.4005161785
   417836.9999999641	   354507.4560546875	   354507.0000000000	467	1	44	49.750000	 20546413.0646221787
   417837.9999999554	   355066.8652343750	   355066.0000000000	886	1	44	49.500000	 20546764.4739545844
   417838.9999999466	   355626.7207031250	   355626.0000000000	738	1	44	49.500000	 20547114.9898350239
   417839.9999999384	   356187.3369140625	   356187.0000000000	345	1	44	49.250000	 20547466.9505947232
   417840.9999999288	   356748.8798828125	   356748.0000000000	901	1	44	49.500000	 20547818.2238155678
   417841.9999999191	   357310.8964843750	   357310.0000000000	918	1	44	49.500000	 20548170.3381377272
   417843.0000000832	   357874.0263671875	   357874.0000000000	27	2	44	49.500000	 20548521.7404406518
   417844.0000000717	   358437.2832031250	   358437.0000000000	290	1	44	49.500000	 20548874.3154495284
   417845.0000000600	   359000.3134765625	   359000.0000000000	321	1	44	49.500000	 20549227.2324830443
   417846.0000000471	   359563.2402343750	   359563.0000000000	246	1	44	49.750000	 20549580.2472382225
   417847.0000000365	   360126.2460937500	   360126.0000000000	252	1	44	49.750000	 20549933.6563680246
   417848.0000000262	   360689.3281250000	   360689.0000000000	336	1	44	49.500000	 20550286.7234731875
   417849.0000000160	   361252.6572265625	   361252.0000000000	673	1	44	49.750000	 20550639.1100191586
   417850.0000000056	   361816.4345703125	   361816.0000000000	445	1	44	49.750000	 20550991.3011225462
   417850.9999999951	   362380.8125000000	   362380.0000000000	832	1	44	50.000000	 20551343.7260591164
   417851.9999999846	   362945.3876953125	   362945.0000000000	397	1	44	50.000000	 20551697.1526391543
   417852.9999999741	   363510.1162109375	   363510.0000000000	119	1	44	50.000000	 20552050.1673936397
   417853.9999999640	   364074.7656250000	   364074.0000000000	784	1	44	50.000000	 20552402.7144817449
   417854.9999999535	   364639.3300781250	   364639.0000000000	338	1	44	50.000000	 20552755.4430523887
   417855.9999999429	   365203.6806640625	   365203.0000000000	697	1	44	50.000000	 20553107.8505387530
   417856.9999999338	   365768.1962890625	   365768.0000000000	201	1	44	50.000000	 20553460.4255469292
   417857.9999999258	   366332.6630859375	   366332.0000000000	679	1	44	49.750000	 20553813.4752011709
   417858.9999999186	   366896.9150390625	   366896.0000000000	937	1	44	50.000000	 20554166.3049822599
   417860.0000000866	   367461.3876953125	   367461.0000000000	397	2	44	50.000000	 20554519.3231757544
   417861.0000000789	   368025.6425781250	   368025.0000000000	658	1	44	49.750000	 20554872.3169891573
   417862.0000000717	   368589.6767578125	   368589.0000000000	693	1	44	49.750000	 20555225.2898621522
   417863.0000000641	   369153.6015625000	   369153.0000000000	616	1	44	49.750000	 20555578.6047598533
   417864.0000000573	   369717.4541015625	   369717.0000000000	465	1	44	49.750000	 20555931.8777767420
   417865.0000000512	   370281.3017578125	   370281.0000000000	309	1	44	49.750000	 20556285.6289298870
   417866.0000000450	   370845.0996093750	   370845.0000000000	102	1	44	49.750000	 20556638.9159068018
   417867.0000000392	   371408.7207031250	   371408.0000000000	738	1	44	49.750000	 20556992.1819433421
   417868.0000000338	   371972.4628906250	   371972.0000000000	474	1	44	49.750000	 20557345.1408556104
   417869.0000000300	   372536.3300781250	   372536.0000000000	338	1	44	49.500000	 20557699.5900174677
   417870.0000000247	   373100.0615234375	   373100.0000000000	63	1	44	49.500000	 20558053.7460157759
   417871.0000000194	   373663.6845703125	   373663.0000000000	701	1	44	49.750000	 20558407.7240217514
   417872.0000000143	   374227.2402343750	   374227.0000000000	246	1	44	49.750000	 20558762.3441962600
   417873.0000000098	   374790.7314453125	   374790.0000000000	749	1	44	49.750000	 20559116.4583137892
   417874.0000000060	   375354.2988281250	   375354.0000000000	306	1	44	49.750000	 20559470.3176577017
   417875.0000000024	   375917.6582031250	   375917.0000000000	674	1	44	49.500000	 20559824.6935284957
   417875.9999999976	   376480.7021484375	   376480.0000000000	719	1	44	49.750000	 20560178.2562187314
   417876.9999999937	   377043.5810546875	   377043.0000000000	595	1	44	49.750000	 20560532.3842962906
   417877.9999999899	   377606.2451171875	   377606.0000000000	251	1	44	49.750000	 20560886.2436402291
   417878.9999999868	   378168.7490234375	   378168.0000000000	767	1	44	49.750000	 20561240.2041952871
   417879.9999999843	   378731.2470703125	   378731.0000000000	253	1	44	49.500000	 20561594.3218023069
   417880.9999999825	   379293.6728515625	   379293.0000000000	689	1	44	49.500000	 20561949.0780877061
   417881.9999999810	   379855.8808593750	   379855.0000000000	902	1	44	49.750000	 20562304.2078080364
   417882.9999999797	   380417.7919921875	   380417.0000000000	811	1	44	49.750000	 20562658.8349615522
   417883.9999999796	   380979.3447265625	   380979.0000000000	353	1	44	49.750000	 20563013.6680274978
   417884.9999999804	   381540.6757812500	   381540.0000000000	692	1	44	50.000000	 20563368.6372050047
   417885.9999999815	   382102.1210937500	   382102.0000000000	124	1	44	49.750000	 20563723.8192753084
   417886.9999999833	   382663.6679687500	   382663.0000000000	684	1	44	49.750000	 20564079.5143822879
   417887.9999999847	   383225.3994140625	   383225.0000000000	409	1	44	49.750000	 20564434.9442458153
   417888.9999999858	   383787.3330078125	   383787.0000000000	341	1	44	50.000000	 20564790.7161340229
   417889.9999999868	   384348.9111328125	   384348.0000000000	933	1	44	50.000000	 20565145.7551124021
   417890.9999999890	   384909.9775390625	   384909.0000000000	1001	1	44	50.250000	 20565501.2687368393
   417891.9999999913	   385470.8134765625	   385470.0000000000	833	1	44	50.000000	 20565857.2465374805
   417892.9999999938	   386031.4160156250	   386031.0000000000	426	1	44	50.250000	 20566213.1684972867
   417893.9999999969	   386591.7724609375	   386591.0000000000	791	1	44	50.250000	 20566568.9438749962
   417895.0000000011	   387152.0654296875	   387152.0000000000	67	1	44	50.250000	 20566924.7995234355
   417896.0000000063	   387712.5156250000	   387712.0000000000	528	1	44	49.750000	 20567280.2189157382
   417897.0000000120	   388273.6835937500	   388273.0000000000	700	1	44	50.000000	 20567635.6522680707
   417898.0000000177	   388835.0908203125	   388835.0000000000	93	1	44	50.000000	 20567992.3734477237
   417899.0000000216	   389396.3222656250	   389396.0000000000	330	1	44	50.000000	 20568348.9829463884
   417900.0000000249	   389957.5791015625	   389957.0000000000	593	1	44	50.250000	 20568704.9886671118
   417901.0000000286	   390518.3173828125	   390518.0000000000	325	1	44	50.250000	 20569061.1165393293
   417902.0000000335	   391079.3789062500	   391079.0000000000	388	1	44	50.500000	 20569417.2897818871
   417903.0000000394	   391640.6503906250	   391640.0000000000	666	1	44	50.250000	 20569774.3669462390
   417904.0000000436	   392202.3212890625	   392202.0000000000	329	1	44	50.500000	 20570130.7775121294
   417905.0000000476	   392766.6513671875	   392766.0000000000	667	1	44	50.750000	 20570487.4044610113
   417906.0000000497	   393333.7421875000	   393333.0000000000	760	1	44	51.000000	 20570844.3315544538
   417907.0000000505	   393902.9189453125	   393902.0000000000	941	1	44	51.250000	 20571201.0178350359
   417908.0000000505	   394474.3857421875	   394474.0000000000	395	1	44	51.000000	 20571558.0496304482
   417909.0000000492	   395045.8007812500	   395045.0000000000	820	1	44	50.750000	 20571915.2524385452
   417910.0000000484	   395616.6406250000	   395616.0000000000	656	1	44	50.250000	 20572272.3086645566
   417911.0000000493	   396187.2792968750	   396187.0000000000	286	1	44	50.250000	 20572629.8709468804
   417912.0000000501	   396758.0234375000	   396758.0000000000	24	1	44	50.000000	 20572987.4157789871
   417913.0000000499	   397328.5654296875	   397328.0000000000	579	1	44	49.750000	 20573343.6623139344
   417914.0000000505	   397898.9189453125	   397898.0000000000	941	1	44	49.750000	 20573700.6906191893
   417915.0000000524	   398468.8701171875	   398468.0000000000	891	1	44	50.000000	 20574057.4397202618
   417916.0000000554	   399038.5205078125	   399038.0000000000	533	1	44	50.000000	 20574413.7700154446
   417917.0000000582	   399608.8740234375	   399608.0000000000	895	1	44	49.500000	 20574769.6186842099
   417918.0000000622	   400179.4130859375	   400179.0000000000	423	1	44	49.250000	 20575126.5318169221
   417919.0000000648	   400751.1640625000	   400751.0000000000	168	1	44	49.500000	 20575483.6159623228
   417920.0000000673	   401324.9257812500	   401324.0000000000	948	1	44	50.000000	 20575841.3806669153
   417921.0000000671	   401901.1162109375	   401901.0000000000	119	1	44	50.250000	 20576198.7544870004
   417922.0000000659	   402479.9794921875	   402479.0000000000	1003	1	44	50.250000	 20576556.7251053788
   417923.0000000637	   403060.1132812500	   403060.0000000000	116	1	44	50.000000	 20576914.6329032332
   417924.0000000615	   403640.4326171875	   403640.0000000000	443	1	44	49.500000	 20577272.5756015219
   417925.0000000597	   404220.0566406250	   404220.0000000000	58	1	44	49.500000	 20577629.9075415246
   417926.0000000590	   404799.2216796875	   404799.0000000000	227	1	44	49.500000	 20577987.8572194949
   417927.0000000588	   405378.6982421875	   405378.0000000000	715	1	44	49.500000	 20578345.5172234438
   417928.0000000598	   405958.6806640625	   405958.0000000000	697	1	44	49.250000	 20578704.2591415942
   417929.0000000597	   406538.9248046875	   406538.0000000000	947	1	44	49.500000	 20579062.6869557910
   417930.0000000592	   407119.1259765625	   407119.0000000000	129	1	44	49.250000	 20579421.8337198012
   417931.0000000582	   407699.3427734375	   407699.0000000000	351	1	44	49.500000	 20579781.4132497348
   417932.0000000567	   408279.4550781250	   408279.0000000000	466	1	44	49.750000	 20580140.1202681139
   417933.0000000553	   408859.4062500000	   408859.0000000000	416	1	44	49.500000	 20580499.2914627232
   417934.0000000543	   409439.2724609375	   409439.0000000000	279	1	44	49.750000	 20580858.1555330604
   417935.0000000548	   410018.9726562500	   410018.0000000000	996	1	44	49.750000	 20581217.6164009608
   417936.0000000554	   410598.5185546875	   410598.0000000000	531	1	44	49.750000	 20581576.7910850607
   417937.0000000558	   411178.1337890625	   411178.0000000000	137	1	44	49.750000	 20581935.6621350795
   417938.0000000583	   411757.7685546875	   411757.0000000000	787	1	44	49.750000	 20582295.2870346196
   417939.0000000602	   412336.8847656250	   412336.0000000000	906	1	44	50.000000	 20582654.2907060347
   417940.0000000623	   412916.3076171875	   412916.0000000000	315	1	44	50.000000	 20583013.2210863531
   417941.0000000669	   413496.4648437500	   413496.0000000000	476	1	44	50.000000	 20583372.9018260725
   417942.0000000723	   414076.5927734375	   414076.0000000000	607	1	44	49.750000	 20583733.1130526662
   417943.0000000768	   414656.6210937500	   414656.0000000000	636	1	44	50.000000	 20584093.0450758114
   417944.0000000813	   415236.9384765625	   415236.0000000000	961	1	44	50.000000	 20584452.7083652765
   417945.0000000860	   415817.5683593750	   415817.0000000000	582	1	44	49.750000	 20584812.6927390769
   417945.9999999143	   416398.8593750000	   416398.0000000000	880	0	44	50.000000	 20585172.4607803561
   417946.9999999180	   416980.9472656250	   416980.0000000000	970	1	44	50.250000	 20585532.1834008619
   417947.9999999206	   417563.2314453125	   417563.0000000000	237	1	44	50.000000	 20585892.5412102491
   417948.9999999222	   418145.2763671875	   418145.0000000000	283	1	44	50.000000	 20586252.1905403882
   417949.9999999237	   418727.8896484375	   418727.0000000000	911	1	44	50.250000	 20586610.7858764157
   417950.9999999280	   419311.3027343750	   419311.0000000000	310	1	44	50.000000	 20586971.3810084909
   417951.9999999307	   419894.6660156250	   419894.0000000000	682	1	44	50.000000	 20587331.5049846880
   417952.9999999324	   420478.2880859375	   420478.0000000000	295	1	44	50.000000	 20587691.0112228990
   417953.9999999359	   421062.2880859375	   421062.0000000000	295	1	44	49.750000	 20588051.3795021474
   417954.9999999387	   421646.4755859375	   421646.0000000000	487	1	44	49.750000	 20588411.5209285617
   417955.9999999412	   422230.5175781250	   422230.0000000000	530	1	44	49.750000	 20588771.8438375145
   417956.9999999428	   422814.6796875000	   422814.0000000000	696	1	44	50.000000	 20589132.2260774784
   417957.9999999466	   423399.3779296875	   423399.0000000000	387	1	44	49.750000	 20589492.8072495125
   417958.9999999505	   423984.4990234375	   423984.0000000000	511	1	44	49.750000	 20589853.2627798468
   417959.9999999538	   424569.7031250000	   424569.0000000000	720	1	44	49.500000	 20590213.4181662984
   417960.9999999566	   425154.9550781250	   425154.0000000000	978	1	44	49.500000	 20590573.7201348506
   417961.9999999600	   425740.0937500000	   425740.0000000000	96	1	44	49.750000	 20590934.0360634439
   417962.9999999639	   426325.2636718750	   426325.0000000000	270	1	44	49.750000	 20591293.6330422461
   417963.9999999704	   426910.4423828125	   426910.0000000000	453	1	44	49.250000	 20591654.6050987504
   417964.9999999762	   427495.8232421875	   427495.0000000000	843	1	44	49.250000	 20592015.0815687999
   417965.9999999813	   428081.5253906250	   428081.0000000000	538	1	44	49.250000	 20592375.7779120021
   417966.9999999873	   428667.8662109375	   428667.0000000000	887	1	44	49.250000	 20592736.7360084690
   417967.9999999934	   429254.8779296875	   429254.0000000000	899	1	44	49.250000	 20593098.7131986059
   417968.9999999988	   429843.4199218750	   429843.0000000000	430	1	44	49.750000	 20593460.9451623335
   417970.0000000024	   430433.1376953125	   430433.0000000000	141	1	44	50.250000	 20593822.3325352408
   417971.0000000052	   431022.8671875000	   431022.0000000000	888	1	44	50.000000	 20594184.3341566473
   417972.0000000087	   431613.1943359375	   431613.0000000000	199	1	44	49.750000	 20594545.8297210373
   417973.0000000127	   432203.9003906250	   432203.0000000000	922	1	44	49.750000	 20594907.6079791039
   417974.0000000158	   432794.7558593750	   432794.0000000000	774	1	44	50.000000	 20595269.8399435319
   417975.0000000193	   433386.3173828125	   433386.0000000000	325	1	44	50.000000	 20595631.2098662071
   417976.0000000233	   433978.9589843750	   433978.0000000000	982	1	44	50.000000	 20595992.4157566130
   417977.0000000274	   434572.9677734375	   434572.0000000000	991	1	44	50.000000	 20596354.2289151140
   417978.0000000293	   435168.6972656250	   435168.0000000000	714	1	44	50.250000	 20596716.2724172994
   417979.0000000297	   435766.2109375000	   435766.0000000000	216	1	44	50.250000	 20597078.1134972572
   417980.0000000295	   436364.3691406250	   436364.0000000000	378	1	44	50.250000	 20597440.2093507610
   417981.0000000296	   436962.6025390625	   436962.0000000000	617	1	44	50.000000	 20597802.5704477578
   417982.0000000297	   437561.8691406250	   437561.0000000000	890	1	44	49.750000	 20598164.3417268097
   417983.0000000299	   438161.6679687500	   438161.0000000000	684	1	44	50.250000	 20598526.9890076332
   417984.0000000296	   438761.5312500000	   438761.0000000000	544	1	44	49.750000	 20598890.1946960948
   417985.0000000299	   439362.5224609375	   439362.0000000000	535	1	44	50.250000	 20599252.7512356415
   417986.0000000292	   439964.2607421875	   439964.0000000000	267	1	44	50.500000	 20599615.2798551321
