   417092.0000000130	    93498.5917968750	    93498.0000000000	606	1	50	43.500000	 24372380.3241415881
   417093.0000000103	    95523.3896484375	    95523.0000000000	399	1	50	44.000000	 24373013.9910134114
   417094.0000000586	    97548.5712890625	    97548.0000000000	585	1	50	43.750000	 24373662.6406418905
   417095.0000000977	    99571.9160156250	    99571.0000000000	938	253	50	44.000000	 24374519.6286212616
   417096.0000000044	   101595.1796875000	   101595.0000000000	184	0	50	44.750000	 24375178.4971474819
   417097.0000000038	   103618.5400390625	   103618.0000000000	553	1	50	44.750000	 24375812.7922271416
   417098.0000000032	   105642.0791015625	   105642.0000000000	81	1	50	45.000000	 24376446.6405807883
   417099.0000000037	   107666.5947265625	   107666.0000000000	609	1	50	45.000000	 24377079.8188451454
   417100.0000000033	   109691.4345703125	   109691.0000000000	445	1	50	45.000000	 24377713.1646320038
   417101.0000000027	   111716.0703125000	   111716.0000000000	72	1	50	45.000000	 24378346.0287924409
   417102.0000000016	   113740.9794921875	   113740.0000000000	1003	1	50	44.750000	 24378979.0220847540
   417103.0000000016	   115766.1767578125	   115766.0000000000	181	1	50	45.000000	 24379612.0607473701
   417104.0000000010	   117791.6630859375	   117791.0000000000	679	1	50	44.750000	 24380245.0854499601
   417104.9999999997	   119816.8896484375	   119816.0000000000	911	1	50	44.500000	 24380878.5638588592
   417105.9999999970	   121842.2119140625	   121842.0000000000	217	1	50	44.500000	 24381512.0876387544
   417106.9999999951	   123867.5429687500	   123867.0000000000	556	1	50	44.500000	 24382145.4089957103
   417107.9999999932	   125892.7158203125	   125892.0000000000	733	1	50	44.750000	 24382777.9067015760
   417108.9999999917	   127917.8984375000	   127917.0000000000	920	1	50	44.500000	 24383410.3485666029
   417109.9999999909	   129943.3906250000	   129943.0000000000	400	1	50	44.500000	 24384043.1254759468
   417110.9999999902	   131969.1884765625	   131969.0000000000	193	1	50	44.500000	 24384675.8290942423
   417111.9999999899	   133994.7421875000	   133994.0000000000	760	1	50	44.500000	 24385309.1923313141
   417112.9999999875	   136019.8212890625	   136019.0000000000	841	1	50	44.750000	 24385941.9448107630
   417113.9999999857	   138044.4833984375	   138044.0000000000	495	1	50	44.750000	 24386574.8892426081
   417114.9999999839	   140069.0039062500	   140069.0000000000	4	1	50	45.000000	 24387207.3694982529
   417115.9999999844	   142093.4443359375	   142093.0000000000	455	1	50	44.500000	 24387839.8497532122
   417116.9999999854	   144117.5507812500	   144117.0000000000	564	1	50	44.500000	 24388472.0577843674
   417117.9999999857	   146141.2392578125	   146141.0000000000	245	1	50	44.750000	 24389105.3267899901
   417118.9999999858	   148164.7919921875	   148164.0000000000	811	1	50	45.000000	 24389737.9536270536
   417119.9999999870	   150188.1718750000	   150188.0000000000	176	1	50	44.750000	 24390371.7880200036
   417120.9999999868	   152211.3544921875	   152211.0000000000	363	1	50	45.000000	 24391004.4881481193
   417121.9999999883	   154234.6796875000	   154234.0000000000	696	1	50	44.500000	 24391638.1061580963
   417122.9999999899	   156257.9814453125	   156257.0000000000	1005	1	50	44.250000	 24392272.4919783361
   417123.9999999903	   158281.1367187500	   158281.0000000000	140	1	50	44.500000	 24392906.3682520799
   417124.9999999901	   160303.9375000000	   160303.0000000000	960	1	50	44.500000	 24393539.9094815068
   417125.9999999902	   162326.9208984375	   162326.0000000000	943	1	50	45.000000	 24394172.8225024156
   417126.9999999914	   164349.8027343750	   164349.0000000000	822	1	50	44.500000	 24394806.2450698167
   417127.9999999920	   166372.6396484375	   166372.0000000000	655	1	50	45.000000	 24395440.1562439986
   417128.9999999939	   168395.0605468750	   168395.0000000000	62	1	50	44.750000	 24396074.0569476373
   417129.9999999949	   170417.3935546875	   170417.0000000000	403	1	50	45.000000	 24396708.1077235639
   417130.9999999976	   172439.4951171875	   172439.0000000000	507	1	50	44.750000	 24397342.2352800332
   417131.9999999991	   174461.5234375000	   174461.0000000000	536	1	50	45.000000	 24397976.8723836839
   417133.0000000018	   176483.8935546875	   176483.0000000000	915	1	50	44.750000	 24398610.8742984608
   417134.0000000048	   178506.5791015625	   178506.0000000000	593	1	50	45.000000	 24399244.2305544913
   417135.0000000068	   180529.6064453125	   180529.0000000000	621	1	50	44.750000	 24399877.5937908627
   417136.0000000079	   182552.7353515625	   182552.0000000000	753	1	50	44.750000	 24400510.3741897084
   417137.0000000088	   184575.6943359375	   184575.0000000000	711	1	50	44.500000	 24401143.4233221635
   417138.0000000107	   186597.8398437500	   186597.0000000000	860	1	50	45.250000	 24401776.4480240531
   417139.0000000132	   188619.6435546875	   188619.0000000000	659	1	50	45.500000	 24402410.0939541347
   417140.0000000166	   190641.5263671875	   190641.0000000000	539	1	50	45.000000	 24403044.5914553627
   417141.0000000207	   192663.3554687500	   192663.0000000000	364	1	50	45.250000	 24403679.4240008816
   417142.0000000241	   194684.8037109375	   194684.0000000000	823	1	50	45.000000	 24404313.9040518925
   417143.0000000265	   196705.8925781250	   196705.0000000000	914	1	50	45.250000	 24404947.2463478893
   417144.0000000306	   198726.9082031250	   198726.0000000000	930	1	50	45.000000	 24405581.5065257512
   417145.0000000352	   200747.5761718750	   200747.0000000000	590	1	50	44.750000	 24406215.9063053168
   417146.0000000374	   202768.1445312500	   202768.0000000000	148	1	50	45.250000	 24406849.8942600749
   417147.0000000420	   204788.7294921875	   204788.0000000000	747	1	50	45.500000	 24407484.3289400786
   417148.0000000457	   206808.9453125000	   206808.0000000000	968	1	50	45.500000	 24408117.8945987187
   417149.0000000499	   208828.6181640625	   208828.0000000000	633	1	50	45.500000	 24408751.7604012489
   417150.0000000547	   210847.7763671875	   210847.0000000000	795	1	50	45.250000	 24409384.6734207906
   417151.0000000605	   212866.6035156250	   212866.0000000000	618	1	50	45.000000	 24410017.5794599801
   417152.0000000679	   214885.6816406250	   214885.0000000000	698	1	50	44.500000	 24410652.8343002535
   417153.0000000765	   216904.8808593750	   216904.0000000000	902	1	50	44.500000	 24411287.3283099234
   417154.0000000844	   218924.1425781250	   218924.0000000000	146	1	50	44.000000	 24411922.1503842436
   417154.9999999156	   220943.2138671875	   220943.0000000000	219	0	50	44.000000	 24412554.6655880846
   417155.9999999222	   222962.5019531250	   222962.0000000000	514	1	50	43.750000	 24413187.1179209240
   417156.9999999286	   224981.5878906250	   224981.0000000000	602	1	50	43.500000	 24413820.6451882683
   417157.9999999346	   227000.4804687500	   227000.0000000000	492	1	50	43.500000	 24414454.1933960132
   417158.9999999412	   229018.8437500000	   229018.0000000000	864	1	50	43.500000	 24415087.9161059298
   417159.9999999489	   231036.8398437500	   231036.0000000000	860	1	50	43.750000	 24415722.8289215155
   417160.9999999571	   233054.3740234375	   233054.0000000000	383	1	50	44.000000	 24416357.0402375348
   417161.9999999658	   235071.4521484375	   235071.0000000000	463	1	50	44.000000	 24416991.8204310536
   417162.9999999752	   237088.5283203125	   237088.0000000000	541	1	50	44.000000	 24417626.5412935615
   417163.9999999842	   239105.3964843750	   239105.0000000000	406	1	50	44.000000	 24418261.1400045492
   417164.9999999924	   241121.9140625000	   241121.0000000000	936	1	50	44.000000	 24418896.4786057249
   417166.0000000003	   243138.0927734375	   243138.0000000000	95	1	50	44.500000	 24419530.4595787227
   417167.0000000087	   245154.0048828125	   245154.0000000000	5	1	50	44.000000	 24420164.8663373068
   417168.0000000168	   247169.7021484375	   247169.0000000000	719	1	50	43.750000	 24420799.0427529030
   417169.0000000258	   249184.8574218750	   249184.0000000000	878	1	50	43.750000	 24421433.2121881172
   417170.0000000360	   251199.5371093750	   251199.0000000000	550	1	50	43.500000	 24422067.4618940763
   417171.0000000466	   253213.8662109375	   253213.0000000000	887	1	50	43.750000	 24422700.9402995631
   417172.0000000580	   255227.8203125000	   255227.0000000000	840	1	50	43.500000	 24423335.8251937069
   417173.0000000690	   257241.8291015625	   257241.0000000000	849	1	50	44.000000	 24423969.5862929039
   417174.0000000821	   259255.6689453125	   259255.0000000000	685	1	50	43.750000	 24424604.5479675978
   417174.9999999178	   261268.6562500000	   261268.0000000000	672	0	50	43.750000	 24425239.2828399427
   417175.9999999292	   263281.4296875000	   263281.0000000000	440	1	50	44.000000	 24425874.4364677146
   417176.9999999409	   265293.9443359375	   265293.0000000000	967	1	50	43.750000	 24426509.8553389348
   417177.9999999536	   267306.1611328125	   267306.0000000000	165	1	50	43.500000	 24427144.2655863389
   417178.9999999670	   269318.4052734375	   269318.0000000000	415	1	50	43.250000	 24427779.3145121224
   417179.9999999812	   271330.3378906250	   271330.0000000000	346	1	50	43.250000	 24428414.0353732705
   417180.9999999944	   273342.3183593750	   273342.0000000000	326	1	50	43.250000	 24429049.5868658721
   417182.0000000079	   275354.4648437500	   275354.0000000000	476	1	50	43.250000	 24429685.5466938578
   417183.0000000213	   277366.8007812500	   277366.0000000000	820	1	50	44.000000	 24430321.8834469281
   417184.0000000331	   279378.7109375000	   279378.0000000000	728	1	50	44.250000	 24430957.4628602900
   417185.0000000451	   281390.0439453125	   281390.0000000000	45	1	50	44.750000	 24431593.2202659845
   417186.0000000584	   283400.7724609375	   283400.0000000000	791	1	50	44.750000	 24432228.8415594660
   417187.0000000730	   285410.9941406250	   285410.0000000000	1018	1	50	45.000000	 24432864.6687653661
   417187.9999999129	   287420.2558593750	   287420.0000000000	262	0	50	45.000000	 24433500.3564193510
   417188.9999999283	   289429.1035156250	   289429.0000000000	106	1	50	44.500000	 24434135.1750014387
   417189.9999999436	   291437.3212890625	   291437.0000000000	329	1	50	44.250000	 24434769.6375988200
   417190.9999999601	   293445.2421875000	   293445.0000000000	248	1	50	44.500000	 24435404.9133767523
   417191.9999999771	   295453.1679687500	   295453.0000000000	172	1	50	45.000000	 24436039.6132968180
   417192.9999999949	   297461.3779296875	   297461.0000000000	387	1	50	44.500000	 24436675.2555293217
   417194.0000000121	   299469.6376953125	   299469.0000000000	653	1	50	44.500000	 24437310.4545260109
   417195.0000000289	   301478.2822265625	   301478.0000000000	289	1	50	44.250000	 24437945.6744631156
   417196.0000000464	   303486.7314453125	   303486.0000000000	749	1	50	44.500000	 24438581.9623543620
   417197.0000000629	   305494.9335937500	   305494.0000000000	956	1	50	45.000000	 24439217.4894157052
   417198.0000000786	   307502.6347656250	   307502.0000000000	650	1	50	44.750000	 24439852.5383408219
   417198.9999999198	   309509.5556640625	   309509.0000000000	569	0	50	44.750000	 24440487.8944399618
   417199.9999999366	   311516.4101562500	   311516.0000000000	420	1	50	45.000000	 24441122.9712851420
   417200.9999999553	   313522.9384765625	   313522.0000000000	961	1	50	45.250000	 24441758.8927211314
   417201.9999999718	   315529.0556640625	   315529.0000000000	57	1	50	45.750000	 24442393.1668556109
   417202.9999999892	   317534.7343750000	   317534.0000000000	752	1	50	45.250000	 24443027.2560173720
   417204.0000000069	   319540.0703125000	   319540.0000000000	72	1	50	44.500000	 24443661.1636966094
   417205.0000000268	   321545.2050781250	   321545.0000000000	210	1	50	44.250000	 24444296.4499436952
   417206.0000000470	   323550.6074218750	   323550.0000000000	622	1	50	44.250000	 24444932.3958096020
   417207.0000000675	   325556.4892578125	   325556.0000000000	501	1	50	44.500000	 24445568.1601929478
   417207.9999999124	   327561.6933593750	   327561.0000000000	710	0	50	44.500000	 24446204.3469221815
   417208.9999999321	   329566.7851562500	   329566.0000000000	804	1	50	44.750000	 24446839.5808186345
   417209.9999999526	   331571.6025390625	   331571.0000000000	617	1	50	44.500000	 24447475.1846598461
   417210.9999999733	   333576.1054687500	   333576.0000000000	108	1	50	44.250000	 24448111.1270355470
   417211.9999999941	   335580.5117187500	   335580.0000000000	524	1	50	44.750000	 24448745.9770265296
   417213.0000000155	   337584.6865234375	   337584.0000000000	703	1	50	43.750000	 24449381.5738873743
   417214.0000000359	   339588.4326171875	   339588.0000000000	443	1	50	44.250000	 24450016.6961021572
   417215.0000000562	   341592.4677734375	   341592.0000000000	479	1	50	43.750000	 24450652.8374106139
   417216.0000000772	   343595.8466796875	   343595.0000000000	867	1	50	43.500000	 24451288.5983038023
   417216.9999999228	   345598.6708984375	   345598.0000000000	687	0	50	43.750000	 24451923.7066083550
   417217.9999999458	   347601.8447265625	   347601.0000000000	865	1	50	43.500000	 24452559.3453493156
   417218.9999999686	   349604.6347656250	   349604.0000000000	650	1	50	43.500000	 24453194.9142894037
   417219.9999999912	   351607.2265625000	   351607.0000000000	232	1	50	43.250000	 24453829.2861434668
   417221.0000000150	   353609.8251953125	   353609.0000000000	845	1	50	43.250000	 24454465.1866376996
   417222.0000000393	   355612.7148437500	   355612.0000000000	732	1	50	43.000000	 24455101.3523753546
   417223.0000000634	   357615.8789062500	   357615.0000000000	900	1	50	43.250000	 24455736.7503027655
   417224.0000000859	   359619.2109375000	   359619.0000000000	216	1	50	42.500000	 24456372.1063500568
   417224.9999999339	   361622.2031250000	   361622.0000000000	208	0	50	42.750000	 24457007.7870216407
   417225.9999999555	   363624.3779296875	   363624.0000000000	387	1	50	42.500000	 24457643.8829591237
   417226.9999999775	   365626.1826171875	   365626.0000000000	187	1	50	42.750000	 24458279.2075961642
   417228.0000000022	   367628.2949218750	   367628.0000000000	302	1	50	42.250000	 24458916.3540369011
   417229.0000000263	   369630.3535156250	   369630.0000000000	362	1	50	42.500000	 24459553.3259754293
   417230.0000000489	   371631.9843750000	   371631.0000000000	1008	1	50	42.750000	 24460190.0047504790
   417231.0000000732	   373633.8974609375	   373633.0000000000	919	1	50	43.250000	 24460826.1879383512
   417231.9999999228	   375635.6005859375	   375635.0000000000	615	0	50	43.000000	 24461463.0726756379
   417232.9999999466	   377637.0800781250	   377637.0000000000	82	1	50	42.750000	 24462099.7968209609
   417233.9999999698	   379638.5185546875	   379638.0000000000	531	1	50	42.500000	 24462736.7931900881
   417234.9999999944	   381640.4531250000	   381640.0000000000	464	1	50	42.250000	 24463373.4929048344
   417236.0000000184	   383643.6972656250	   383643.0000000000	714	1	50	42.500000	 24464010.2868510149
   417237.0000000410	   385647.5195312500	   385647.0000000000	532	1	50	42.750000	 24464646.6619919837
   417238.0000000636	   387650.9130859375	   387650.0000000000	935	1	50	43.000000	 24465283.4838589653
   417239.0000000864	   389654.2177734375	   389654.0000000000	223	1	50	43.250000	 24465920.7699021101
   417239.9999999352	   391657.5156250000	   391657.0000000000	528	0	50	43.750000	 24466558.5725219212
   417240.9999999591	   393661.2392578125	   393661.0000000000	245	1	50	44.000000	 24467195.9039353654
   417241.9999999834	   395665.5087890625	   395665.0000000000	521	1	50	43.500000	 24467831.4973053522
   417243.0000000075	   397670.0537109375	   397670.0000000000	55	1	50	43.000000	 24468468.0574183613
   417244.0000000310	   399674.7441406250	   399674.0000000000	762	1	50	43.250000	 24469105.1410385780
   417245.0000000539	   401679.5986328125	   401679.0000000000	613	1	50	43.250000	 24469742.1757983267
   417246.0000000773	   403684.4550781250	   403684.0000000000	466	1	50	43.500000	 24470379.3676100038
   417246.9999999253	   405689.1152343750	   405689.0000000000	118	0	50	43.500000	 24471016.7828348689
   417247.9999999489	   407693.9042968750	   407693.0000000000	926	1	50	43.500000	 24471653.0253537707
   417248.9999999726	   409698.7890625000	   409698.0000000000	808	1	50	43.500000	 24472290.3218667842
   417249.9999999967	   411704.0683593750	   411704.0000000000	70	1	50	43.250000	 24472927.1332631931
   417251.0000000198	   413710.3007812500	   413710.0000000000	308	1	50	43.500000	 24473563.6829063259
   417252.0000000423	   415717.2441406250	   415717.0000000000	250	1	50	43.500000	 24474200.0056966394
   417253.0000000639	   417724.3417968750	   417724.0000000000	350	1	50	43.000000	 24474836.9427354634
   417254.0000000863	   419731.3496093750	   419731.0000000000	358	1	50	43.000000	 24475474.4102611355
   417254.9999999331	   421737.8740234375	   421737.0000000000	895	0	50	43.250000	 24476111.0297556520
   417255.9999999561	   423744.7031250000	   423744.0000000000	720	1	50	42.750000	 24476747.0977723747
   417256.9999999796	   425751.9335937500	   425751.0000000000	956	1	50	42.000000	 24477382.7679235935
   417258.0000000037	   427759.7333984375	   427759.0000000000	751	1	50	42.250000	 24478019.0069523007
   417259.0000000273	   429767.7900390625	   429767.0000000000	809	1	50	42.250000	 24478655.5531052873
   417260.0000000513	   431775.8779296875	   431775.0000000000	899	1	50	42.000000	 24479292.7937774621
   417261.0000000732	   433783.4892578125	   433783.0000000000	501	1	50	41.750000	 24479928.5127898380
   417261.9999999200	   435790.9824218750	   435790.0000000000	1006	0	50	42.000000	 24480565.2928264774
   417262.9999999440	   437799.0292968750	   437799.0000000000	30	1	50	42.000000	 24481203.3745999709
   417263.9999999669	   439807.6367187500	   439807.0000000000	652	1	50	42.000000	 24481841.1248193234
   417264.9999999896	   441816.9912109375	   441816.0000000000	1015	1	50	42.250000	 24482478.9832301661
   417266.0000000113	   443826.1904296875	   443826.0000000000	195	1	50	42.250000	 24483115.9377191663
   417267.0000000328	   445835.6025390625	   445835.0000000000	617	1	50	42.000000	 24483752.9829494543
   417268.0000000547	   447844.5048828125	   447844.0000000000	517	1	50	41.750000	 24484389.4348716736
   417269.0000000767	   449853.0263671875	   449853.0000000000	27	1	50	41.500000	 24485027.6387973763
   417269.9999999246	   451861.2343750000	   451861.0000000000	240	0	50	41.250000	 24485663.6056527719
   417270.9999999501	   453869.8417968750	   453869.0000000000	862	1	50	40.250000	 24486300.9789463319
   417271.9999999749	   455878.3183593750	   455878.0000000000	326	1	50	40.500000	 24486937.4448278844
   417272.9999999985	   457886.6972656250	   457886.0000000000	714	1	50	40.250000	 24487574.7238906771
   417274.0000000217	   459894.5673828125	   459894.0000000000	581	1	50	40.500000	 24488213.1337288246
   417275.0000000441	   461902.6630859375	   461902.0000000000	679	1	50	40.000000	 24488850.5838042758
   417276.0000000689	   463910.9726562500	   463910.0000000000	996	1	50	40.250000	 24489489.6253404319
   417276.9999999182	   465919.7431640625	   465919.0000000000	761	0	50	41.000000	 24490128.1399296783
   417277.9999999426	   467929.5439453125	   467929.0000000000	557	1	50	41.250000	 24490766.2182129882
   417278.9999999650	   469939.3164062500	   469939.0000000000	324	1	50	41.000000	 24491404.6873821318
   417279.9999999884	   471949.3056640625	   471949.0000000000	313	1	50	41.000000	 24492043.8824807443
   417281.0000000114	   473958.9765625000	   473958.0000000000	1000	1	50	40.750000	 24492683.0810695477
   417282.0000000341	   475968.0283203125	   475968.0000000000	29	1	50	41.500000	 24493321.7980319113
   417283.0000000564	   477977.7031250000	   477977.0000000000	720	1	50	41.000000	 24493959.2306571789
   417284.0000000806	   479987.6767578125	   479987.0000000000	693	1	50	40.500000	 24494597.8115072921
   417284.9999999287	   481997.7548828125	   481997.0000000000	773	0	50	40.500000	 24495236.3889177293
   417285.9999999510	   484008.1025390625	   484008.0000000000	105	1	50	40.500000	 24495874.2508187518
   417286.9999999740	   486018.3964843750	   486018.0000000000	406	1	50	40.250000	 24496512.4652143046
   417287.9999999960	   488028.6445312500	   488028.0000000000	660	1	50	40.250000	 24497150.2398642376
   417289.0000000176	   490039.1982421875	   490039.0000000000	203	1	50	39.750000	 24497786.7476272844
   417290.0000000406	   492050.1513671875	   492050.0000000000	155	1	50	39.500000	 24498424.8363811113
   417291.0000000633	   494061.8261718750	   494061.0000000000	846	1	50	39.750000	 24499061.9618821405
   417292.0000000855	   496074.1269531250	   496074.0000000000	130	1	50	39.000000	 24499700.2181584984
   417292.9999999321	   498086.8789062500	   498086.0000000000	900	0	50	39.500000	 24500337.4833117314
   417293.9999999529	   500099.9716796875	   500099.0000000000	995	1	50	38.750000	 24500973.1744040288
   417294.9999999743	   502112.8056640625	   502112.0000000000	825	1	50	37.750000	 24501607.7870716415
   417295.9999999963	   504125.2685546875	   504125.0000000000	275	1	50	37.750000	 24502243.9702602141
   417297.0000000196	   506137.8056640625	   506137.0000000000	825	1	50	37.500000	 24502880.6978957094
   417298.0000000436	   508151.0097656250	   508151.0000000000	10	1	50	37.250000	 24503517.3662002236
   417299.0000000675	   510164.2705078125	   510164.0000000000	277	1	50	36.250000	 24504153.8390621170
   417299.9999999163	   512177.6796875000	   512177.0000000000	696	0	50	36.000000	 24504788.6367515773
   417300.9999999403	   514191.1259765625	   514191.0000000000	129	1	50	35.500000	 24505422.3001257069
   417301.9999999648	   516204.3818359375	   516204.0000000000	391	1	50	34.250000	 24506057.9632965624
   417302.9999999889	   518217.7929687500	   518217.0000000000	812	1	50	34.750000	 24506695.9368785694
   417304.0000000125	   520231.2509765625	   520231.0000000000	257	1	50	34.000000	 24507335.3274197690
   417305.0000000343	   522245.0839843750	   522245.0000000000	86	1	50	35.750000	 24507975.1960978694
   417306.0000000576	   524259.1406250000	   524259.0000000000	144	1	50	36.250000	 24508618.9177873284
   417307.0000000787	   526273.1982421875	   526273.0000000000	203	1	50	37.000000	 24509258.2908789851
   417307.9999999264	   528286.5136718750	   528286.0000000000	526	0	50	36.000000	 24509899.0356086381
   417308.9999999477	   530300.4560546875	   530300.0000000000	467	1	50	35.500000	 24510536.3321223333
   417309.9999999724	   532315.3691406250	   532315.0000000000	378	1	50	34.000000	 24511174.1765724532
   417310.9999999962	   534330.9804687500	   534330.0000000000	1004	1	50	33.250000	 24511811.2218020558
   417312.0000000203	   536346.7011718750	   536346.0000000000	718	1	50	32.000000	 24512448.3368325308
   417313.0000000433	   538362.5615234375	   538362.0000000000	575	1	50	33.500000	 24513083.2601138726
   417314.0000000675	   540378.6435546875	   540378.0000000000	659	1	50	33.250000	 24513716.9758386686
   417314.9999999169	   542394.7363281250	   542394.0000000000	754	0	50	32.750000	 24514355.5253283456
   417315.9999999387	   544410.5546875000	   544410.0000000000	568	1	50	33.750000	 24514995.2334643118
   417316.9999999590	   546425.9023437500	   546425.0000000000	924	1	50	34.750000	 24515635.5069882907
   417317.9999999802	   548441.4501953125	   548441.0000000000	461	1	50	34.500000	 24516275.8817233965
   417319.0000000024	   550457.2236328125	   550457.0000000000	229	1	50	32.500000	 24516917.8758399300
   417320.0000000243	   552473.3359375000	   552473.0000000000	344	1	50	33.750000	 24517557.6363265663
   417321.0000000459	   554490.3437500000	   554490.0000000000	352	1	50	35.250000	 24518197.2921118625
   417322.0000000669	   556507.9931640625	   556507.0000000000	1017	1	50	36.000000	 24518836.9164869152
   417322.9999999132	   558525.5029296875	   558525.0000000000	515	0	50	36.500000	 24519478.3696965277
   417323.9999999336	   560543.5439453125	   560543.0000000000	557	1	50	37.000000	 24520115.9593744241
   417324.9999999551	   562562.0654296875	   562562.0000000000	67	1	50	36.250000	 24520754.4355239309
   417325.9999999758	   564579.9970703125	   564579.0000000000	1021	1	50	36.250000	 24521394.9917415679
   417326.9999999957	   566597.1123046875	   566597.0000000000	115	1	50	36.500000	 24522036.1273072585
   417328.0000000165	   568613.6738281250	   568613.0000000000	690	1	50	36.500000	 24522676.5404329859
   417329.0000000389	   570630.2265625000	   570630.0000000000	232	1	50	37.250000	 24523315.4563280940
   417330.0000000635	   572647.2500000000	   572647.0000000000	256	1	50	37.250000	 24523954.5711553097
   417331.0000000857	   574665.7382812500	   574665.0000000000	756	1	50	38.250000	 24524591.7001464963
   417331.9999999317	   576684.3789062500	   576684.0000000000	388	0	50	36.750000	 24525229.9355329461
   417332.9999999528	   578703.5703125000	   578703.0000000000	584	1	50	36.500000	 24525864.7122328766
   417333.9999999747	   580725.9384765625	   580725.0000000000	961	1	50	36.250000	 24526502.6125245132
   417334.9999999923	   582750.8994140625	   582750.0000000000	921	1	50	36.250000	 24527139.3296915255
   417336.0000000092	   584776.9951171875	   584776.0000000000	1019	1	50	36.000000	 24527776.5878159702
   417337.0000000260	   586804.7333984375	   586804.0000000000	751	1	50	35.000000	 24528416.1005107351
   417338.0000000425	   588835.6494140625	   588835.0000000000	665	1	50	36.250000	 24529057.2256072424
   417339.0000000536	   590868.8984375000	   590868.0000000000	920	1	50	33.500000	 24529696.2985577360
   417340.0000000650	   592902.9863281250	   592902.0000000000	1010	1	50	34.000000	 24530335.3331176043
   417341.0000000770	   594936.2636718750	   594936.0000000000	270	1	50	35.750000	 24530975.6869150400
   417341.9999999127	   596969.1953125000	   596969.0000000000	200	0	50	35.750000	 24531613.8559935391
   417342.9999999258	   599002.2207031250	   599002.0000000000	226	1	50	35.750000	 24532254.6844370328
   417343.9999999384	   601034.6845703125	   601034.0000000000	701	1	50	35.250000	 24532894.9440030232
   417344.9999999509	   603066.4775390625	   603066.0000000000	489	1	50	36.000000	 24533533.8633910567
   417345.9999999650	   605098.1972656250	   605098.0000000000	202	1	50	36.000000	 24534173.4319273271
   417346.9999999806	   607130.3466796875	   607130.0000000000	355	1	50	35.250000	 24534813.0074432828
   417347.9999999962	   609162.1240234375	   609162.0000000000	127	1	50	36.000000	 24535452.0105915442
   417349.0000000102	   611193.4082031250	   611193.0000000000	418	1	50	34.500000	 24536091.6873193160
   417350.0000000258	   613224.6416015625	   613224.0000000000	657	1	50	35.500000	 24536732.1213867925
   417351.0000000412	   615256.3320312500	   615256.0000000000	340	1	50	33.500000	 24537373.0405708775
   417352.0000000561	   617287.7744140625	   617287.0000000000	793	1	50	33.500000	 24538011.2619488277
   417353.0000000715	   619319.7314453125	   619319.0000000000	749	1	50	35.250000	 24538650.5163805149
   417353.9999999120	   621352.1298828125	   621352.0000000000	133	0	50	35.750000	 24539290.2594687603
   417354.9999999271	   623384.4531250000	   623384.0000000000	464	1	50	35.750000	 24539931.3950358145
   417355.9999999410	   625417.2138671875	   625417.0000000000	219	1	50	35.000000	 24540571.0194129236
   417356.9999999551	   627450.0664062500	   627450.0000000000	68	1	50	36.000000	 24541211.3034088053
   417357.9999999695	   629482.8349609375	   629482.0000000000	855	1	50	35.250000	 24541848.7953671180
   417358.9999999856	   631515.6025390625	   631515.0000000000	617	1	50	35.750000	 24542483.9315433092
   417360.0000000026	   633548.8720703125	   633548.0000000000	893	1	50	35.000000	 24543119.7936489582
   417361.0000000184	   635582.7500000000	   635582.0000000000	768	1	50	34.250000	 24543757.8475044146
   417362.0000000331	   637616.7187500000	   637616.0000000000	736	1	50	34.250000	 24544395.4267138354
   417363.0000000483	   639649.9599609375	   639649.0000000000	983	1	50	33.750000	 24545032.4649658054
   417364.0000000633	   641682.8720703125	   641682.0000000000	893	1	50	32.250000	 24545670.0057846010
   417365.0000000791	   643716.1005859375	   643716.0000000000	103	1	50	32.500000	 24546306.3425370082
   417365.9999999207	   645748.9853515625	   645748.0000000000	1009	0	50	32.000000	 24546947.1326389983
   417366.9999999357	   647782.3808593750	   647782.0000000000	390	1	50	33.250000	 24547585.1027335562
   417367.9999999513	   649816.5283203125	   649816.0000000000	541	1	50	31.750000	 24548223.5335141309
   417368.9999999659	   651851.1962890625	   651851.0000000000	201	1	50	31.500000	 24548862.9380180836
   417369.9999999791	   653886.3964843750	   653886.0000000000	406	1	50	32.000000	 24549497.9345932156
   417370.9999999934	   655922.1699218750	   655922.0000000000	174	1	50	30.750000	 24550139.1120410636
   417372.0000000060	   657958.5517578125	   657958.0000000000	565	1	50	32.250000	 24550777.5114120767
   417373.0000000204	   659995.0957031250	   659995.0000000000	98	1	50	31.500000	 24551420.7270472497
   417374.0000000335	   662031.4443359375	   662031.0000000000	455	1	50	31.750000	 24552062.2884005643
   417375.0000000467	   664067.4716796875	   664067.0000000000	483	1	50	32.000000	 24552702.2757427618
   417376.0000000604	   666103.4472656250	   666103.0000000000	458	1	50	30.250000	 24553340.8461257666
   417428.0000000504	   772752.0078125000	   772752.0000000000	8	1	107	30.750000	 24586682.5727055259
   417429.0000000495	   774818.5546875000	   774818.0000000000	568	1	107	32.000000	 24587318.3370949961
   417433.0000000444	   783088.7900390625	   783088.0000000000	809	1	107	30.000000	 24589886.6067519896
   417434.0000000408	   785156.8427734375	   785156.0000000000	863	1	107	31.750000	 24590530.7263144515
   417435.0000000385	   787224.2177734375	   787224.0000000000	223	1	107	31.750000	 24591177.3761605546
   417436.0000000345	   789291.3300781250	   789291.0000000000	338	1	107	30.250000	 24591817.3844478838
   417482.0000000816	  1083021.0322265625	    34445.0000000000	33	1	144	35.750000	 24621293.6991233490
   417483.0000000774	  1085097.2099609375	    36521.0000000000	215	1	144	36.000000	 24621932.9221502170
   417484.0000000725	  1087173.5800781250	    38597.0000000000	594	1	144	35.500000	 24622576.2285321616
   417485.0000000683	  1089250.2968750000	    40674.0000000000	304	1	144	36.000000	 24623221.3008776195
   417486.0000000636	  1091327.4990234375	    42751.0000000000	511	1	144	36.250000	 24623865.3750697784
   417487.0000000597	  1093405.2441406250	    44829.0000000000	250	1	144	35.000000	 24624510.9988425262
   417488.0000000556	  1095483.2675781250	    46907.0000000000	274	1	144	35.500000	 24625154.8357113488
   417489.0000000520	  1097561.8085937500	    48985.0000000000	828	1	144	36.000000	 24625795.9503434785
   417490.0000000488	  1099640.8349609375	    51064.0000000000	855	1	144	35.750000	 24626439.1904140078
   417491.0000000432	  1101719.9257812500	    53143.0000000000	948	1	144	36.000000	 24627083.2890367657
   417492.0000000369	  1103800.0537109375	    55224.0000000000	55	1	144	36.500000	 24627725.5867955387
   417493.0000000310	  1105881.2578125000	    57305.0000000000	264	1	144	36.500000	 24628371.4583622217
   417494.0000000232	  1107963.2978515625	    59387.0000000000	305	1	144	37.750000	 24629015.1800605357
   417495.0000000152	  1110045.8046875000	    61469.0000000000	824	1	144	38.500000	 24629657.9734064862
   417496.0000000083	  1112129.2636718750	    63553.0000000000	270	1	144	37.500000	 24630300.5259388462
   417497.0000000014	  1114212.9296875000	    65636.0000000000	952	1	144	36.750000	 24630943.0959214568
   417497.9999999941	  1116296.5195312500	    67720.0000000000	532	1	144	36.500000	 24631586.8315798081
   417498.9999999861	  1118380.8115234375	    69804.0000000000	831	1	144	36.250000	 24632229.1956499703
   417499.9999999790	  1120466.9843750000	    71890.0000000000	1008	1	144	36.750000	 24632872.9836589880
   417500.9999999687	  1122554.3457031250	    73978.0000000000	354	1	144	36.250000	 24633513.9691612683
   417501.9999999593	  1124642.8632812500	    76066.0000000000	884	1	144	35.750000	 24634157.6140790507
   417502.9999999475	  1126732.3632812500	    78156.0000000000	372	1	144	36.250000	 24634800.1491625719
   417503.9999999366	  1128822.9931640625	    80246.0000000000	1017	1	144	35.750000	 24635443.2147329859
   417504.9999999241	  1130914.0673828125	    82338.0000000000	69	1	144	35.250000	 24636085.3973219767
   417505.9999999126	  1133005.0527343750	    84429.0000000000	54	1	144	36.000000	 24636729.1469417475
   417507.0000000760	  1135096.1630859375	    86520.0000000000	167	2	144	36.250000	 24637371.9786291607
   417508.0000000647	  1137187.3837890625	    88611.0000000000	393	1	144	36.000000	 24638015.6549578980
   417509.0000000540	  1139279.3955078125	    90703.0000000000	405	1	144	36.000000	 24638659.9176143259
   417510.0000000417	  1141371.3154296875	    92795.0000000000	323	1	144	36.250000	 24639303.6009234115
   417511.0000000276	  1143463.1972656250	    94887.0000000000	202	1	144	36.250000	 24639944.5619964637
   417512.0000000159	  1145555.0537109375	    96979.0000000000	55	1	144	36.000000	 24640586.3990705945
   417513.0000000031	  1147647.0390625000	    99071.0000000000	40	1	144	35.000000	 24641229.3529600278
   417513.9999999914	  1149739.5449218750	   101163.0000000000	558	1	144	35.500000	 24641872.4604112431
   417514.9999999796	  1151832.8828125000	   103256.0000000000	904	1	144	36.000000	 24642512.7060240172
   417515.9999999681	  1153926.8798828125	   105350.0000000000	901	1	144	35.750000	 24643156.4556437880
   417516.9999999551	  1156022.0214843750	   107446.0000000000	22	1	144	35.500000	 24643798.4637305960
   417517.9999999413	  1158117.8076171875	   109541.0000000000	827	1	144	35.500000	 24644442.4087936282
   417518.9999999263	  1160215.3750000000	   111639.0000000000	384	1	144	36.250000	 24645086.8285033964
   417520.0000000855	  1162315.3603515625	   113739.0000000000	369	2	144	35.000000	 24645727.8139572330
   417521.0000000685	  1164416.9628906250	   115840.0000000000	986	1	144	33.250000	 24646368.6354292445
   417522.0000000503	  1166519.0410156250	   117943.0000000000	42	1	144	33.250000	 24647012.9713787623
   417523.0000000310	  1168619.8789062500	   120043.0000000000	900	1	144	33.250000	 24647654.6688532159
   417524.0000000139	  1170720.7900390625	   122144.0000000000	809	1	144	32.750000	 24648297.7448955365
   417524.9999999972	  1172821.5800781250	   124245.0000000000	594	1	144	32.250000	 24648937.6519751735
   417525.9999999802	  1174922.5771484375	   126346.0000000000	591	1	144	31.750000	 24649577.4543535076
   417526.9999999642	  1177023.5615234375	   128447.0000000000	575	1	144	31.750000	 24650220.0208486542
   417527.9999999473	  1179124.9667968750	   130548.0000000000	990	1	144	33.250000	 24650863.1666918434
   417528.9999999311	  1181226.3632812500	   132650.0000000000	372	1	144	33.500000	 24651507.3630389646
   417529.9999999137	  1183328.0136718750	   134752.0000000000	14	1	144	34.250000	 24652147.3643500507
   417531.0000000735	  1185430.1884765625	   136854.0000000000	193	2	144	33.750000	 24652787.6483043060
   417532.0000000575	  1187532.2451171875	   138956.0000000000	251	1	144	32.750000	 24653427.3355108015
   417533.0000000424	  1189634.0986328125	   141058.0000000000	101	1	144	32.500000	 24654071.0223107412
   417534.0000000270	  1191736.3779296875	   143160.0000000000	387	1	144	33.750000	 24654715.0336851366
   417535.0000000115	  1193839.2187500000	   145263.0000000000	224	1	144	34.250000	 24655357.3105062656
   417535.9999999955	  1195942.4345703125	   147366.0000000000	445	1	144	32.750000	 24655996.5858871974
   417536.9999999804	  1198045.8574218750	   149469.0000000000	878	1	144	32.250000	 24656644.2618107349
   417537.9999999633	  1200149.2500000000	   151573.0000000000	256	1	144	34.500000	 24657286.2105679028
   417538.9999999468	  1202252.9619140625	   153676.0000000000	985	1	144	34.000000	 24657930.7489396967
   417539.9999999292	  1204356.9619140625	   155780.0000000000	985	1	144	33.500000	 24658575.8317591026
   417541.0000000860	  1206461.1308593750	   157885.0000000000	134	2	144	34.000000	 24659222.5234402753
   417542.0000000673	  1208564.7939453125	   159988.0000000000	813	1	144	35.000000	 24659870.4227278307
   417543.0000000485	  1210668.5312500000	   162092.0000000000	544	1	144	35.750000	 24660514.2979913391
   417544.0000000307	  1212772.3828125000	   164196.0000000000	392	1	144	35.750000	 24661158.1488242857
   417545.0000000138	  1214876.2236328125	   166300.0000000000	229	1	144	36.500000	 24661800.7222997807
   417545.9999999971	  1216979.5937500000	   168403.0000000000	608	1	144	36.000000	 24662445.2083209418
   417546.9999999789	  1219082.5917968750	   170506.0000000000	606	1	144	36.500000	 24663088.0959010459
   417547.9999999616	  1221185.2773437500	   172609.0000000000	284	1	144	36.750000	 24663733.1403298378
   417548.9999999460	  1223287.7568359375	   174711.0000000000	775	1	144	37.250000	 24664379.5144660398
   417549.9999999311	  1225390.1572265625	   176814.0000000000	161	1	144	37.500000	 24665025.2743537575
   417550.9999999152	  1227492.5722656250	   178916.0000000000	586	1	144	38.000000	 24665669.5754021853
   417552.0000000747	  1229595.5800781250	   181019.0000000000	594	2	144	38.250000	 24666313.7786791697
   417553.0000000579	  1231698.1748046875	   183122.0000000000	179	1	144	38.750000	 24666959.1058016419
   417554.0000000416	  1233800.3134765625	   185224.0000000000	321	1	144	38.500000	 24667603.6965240799
   417555.0000000249	  1235902.4941406250	   187326.0000000000	506	1	144	38.000000	 24668246.3398004472
   417556.0000000106	  1238004.7265625000	   189428.0000000000	744	1	144	37.000000	 24668889.9672693871
   417556.9999999956	  1240107.3007812500	   191531.0000000000	308	1	144	37.500000	 24669535.9784405045
   417557.9999999793	  1242209.6591796875	   193633.0000000000	675	1	144	38.500000	 24670180.0142454840
   417558.9999999623	  1244311.8564453125	   195735.0000000000	877	1	144	38.250000	 24670822.3922784142
   417559.9999999468	  1246414.8710937500	   197838.0000000000	892	1	144	37.250000	 24671468.1033056602
   417560.9999999299	  1248518.0292968750	   199942.0000000000	30	1	144	37.250000	 24672110.9455147907
   417561.9999999134	  1250620.2001953125	   202044.0000000000	205	1	144	36.500000	 24672754.9289691150
   417563.0000000721	  1252722.0449218750	   204146.0000000000	46	2	144	38.000000	 24673399.2090273462
   417564.0000000572	  1254823.7304687500	   206247.0000000000	748	1	144	38.500000	 24674043.6461873129
   417565.0000000436	  1256925.8564453125	   208349.0000000000	877	1	144	38.000000	 24674688.2159686796
   417566.0000000303	  1259028.0429687500	   210452.0000000000	44	1	144	38.000000	 24675333.7315526903
   417567.0000000162	  1261130.0039062500	   212554.0000000000	4	1	144	37.250000	 24675977.4288224690
   417568.0000000022	  1263231.7294921875	   214655.0000000000	747	1	144	38.000000	 24676618.5504376702
   417568.9999999882	  1265333.0537109375	   216757.0000000000	55	1	144	38.000000	 24677259.5638613962
   417569.9999999742	  1267435.1337890625	   218859.0000000000	137	1	144	38.750000	 24677900.8460187428
   417570.9999999608	  1269537.3222656250	   220961.0000000000	330	1	144	39.250000	 24678542.3375786990
   417571.9999999473	  1271639.3525390625	   223063.0000000000	361	1	144	39.000000	 24679186.3524425961
   417572.9999999350	  1273741.2578125000	   225165.0000000000	264	1	144	37.500000	 24679829.4459337667
   417573.9999999214	  1275843.0791015625	   227267.0000000000	81	1	144	38.000000	 24680475.5548258424
   417575.0000000835	  1277945.9179687500	   229369.0000000000	940	2	144	38.000000	 24681123.1539176479
   417576.0000000691	  1280050.1992187500	   231474.0000000000	204	1	144	38.500000	 24681766.4603023231
   417577.0000000540	  1282156.7470703125	   233580.0000000000	765	1	144	37.750000	 24682411.2918376178
   417578.0000000361	  1284264.5712890625	   235688.0000000000	585	1	144	38.000000	 24683055.4114041775
   417579.0000000179	  1286374.9296875000	   237798.0000000000	952	1	144	38.000000	 24683699.0144439191
   417579.9999999949	  1288488.2285156250	   239912.0000000000	234	1	144	36.500000	 24684342.4918432869
   417580.9999999714	  1290602.8886718750	   242026.0000000000	910	1	144	37.500000	 24684984.9361889511
   417581.9999999473	  1292718.0976562500	   244142.0000000000	100	1	144	36.750000	 24685628.2076758929
   417582.9999999235	  1294834.1201171875	   246258.0000000000	123	1	144	36.250000	 24686271.9956896938
   417584.0000000756	  1296951.3994140625	   248375.0000000000	409	2	144	35.000000	 24686914.2689728662
   417585.0000000508	  1299068.4921875000	   250492.0000000000	504	1	144	34.500000	 24687554.1830349192
   417586.0000000275	  1301185.8251953125	   252609.0000000000	845	1	144	32.500000	 24688194.1215268709
   417587.0000000033	  1303303.2451171875	   254727.0000000000	251	1	144	31.500000	 24688834.2275412865
   417587.9999999804	  1305420.7519531250	   256844.0000000000	770	1	144	31.500000	 24689474.8605524562
   417588.9999999568	  1307538.8759765625	   258962.0000000000	897	1	144	31.000000	 24690117.4130896069
   417594.9999999845	  1320259.5507812500	   271683.0000000000	564	1	144	31.000000	 24693985.1947115064
   417598.0000000792	  1326629.1162109375	   278053.0000000000	119	2	144	32.500000	 24695921.1271767728
   417599.0000000537	  1328753.9111328125	   280177.0000000000	933	1	144	33.000000	 24696568.2900663577
   417600.0000000263	  1330879.5126953125	   282303.0000000000	525	1	144	31.500000	 24697216.7198435552
   417601.9999999690	  1335135.2226562500	   286559.0000000000	228	1	144	33.750000	 24698510.4139260761
   417602.9999999384	  1337263.9560546875	   288687.0000000000	979	1	144	33.000000	 24699154.1461010873
   417604.0000000845	  1339393.0878906250	   290817.0000000000	90	2	144	32.000000	 24699798.8065780103
   417605.0000000561	  1341521.6738281250	   292945.0000000000	690	1	144	32.250000	 24700442.6469438151
   417606.0000000262	  1343650.8125000000	   295074.0000000000	832	1	144	31.250000	 24701085.4612362981
   417606.9999999962	  1345780.8476562500	   297204.0000000000	868	1	144	31.500000	 24701722.5344016589
   417608.9999999359	  1350041.8437500000	   301465.0000000000	864	1	144	31.000000	 24703014.5881630406
   417610.0000000820	  1352173.2255859375	   303597.0000000000	231	2	144	32.250000	 24703659.3917319030
   417612.9999999900	  1358569.3154296875	   309993.0000000000	323	1	144	31.250000	 24705595.0415567160
   417616.0000000722	  1364964.6455078125	   316388.0000000000	661	2	144	30.500000	 24707535.5390068665
   417618.9999999818	  1371359.4462890625	   322783.0000000000	457	1	144	31.250000	 24709477.0974806063
   417619.9999999506	  1373489.9521484375	   324913.0000000000	975	1	144	31.000000	 24710123.2308080345
   417620.9999999206	  1375620.3007812500	   327044.0000000000	308	1	144	32.000000	 24710768.0309371874
   417622.0000000664	  1377750.6748046875	   329174.0000000000	691	2	144	33.000000	 24711412.7123545222
   417623.0000000374	  1379881.0107421875	   331305.0000000000	11	1	144	33.000000	 24712056.6644019783
   417624.0000000086	  1382011.2871093750	   333435.0000000000	294	1	144	31.500000	 24712699.6846068837
   417624.9999999799	  1384142.1132812500	   335566.0000000000	116	1	144	31.500000	 24713344.1357310079
   417625.9999999513	  1386273.4091796875	   337697.0000000000	419	1	144	31.000000	 24713989.5152075253
   417626.9999999218	  1388405.0537109375	   339829.0000000000	55	1	144	32.250000	 24714634.0082124434
   417628.0000000678	  1390538.0878906250	   341962.0000000000	90	2	144	33.500000	 24715276.7561437115
   417629.0000000368	  1392672.2812500000	   344096.0000000000	288	1	144	32.250000	 24715917.6997713409
   417630.0000000051	  1394806.4873046875	   346230.0000000000	499	1	144	31.500000	 24716560.0987487510
   417630.9999999721	  1396940.4902343750	   348364.0000000000	502	1	144	33.250000	 24717203.8483746797
   417631.9999999393	  1399074.0761718750	   350498.0000000000	78	1	144	34.000000	 24717846.6661580093
   417633.0000000834	  1401208.1953125000	   352632.0000000000	200	2	144	33.250000	 24718490.6984270848
   417634.0000000531	  1403342.3457031250	   354766.0000000000	354	1	144	34.000000	 24719136.2698566988
   417635.0000000215	  1405476.5517578125	   356900.0000000000	565	1	144	33.000000	 24719784.3192199282
   417635.9999999907	  1407611.1318359375	   359035.0000000000	135	1	144	32.750000	 24720428.7145038992
   417636.9999999591	  1409745.7138671875	   361169.0000000000	731	1	144	32.500000	 24721073.3122108057
   417637.9999999279	  1411879.8232421875	   363303.0000000000	843	1	144	32.250000	 24721714.4547711834
   417639.0000000718	  1414013.7128906250	   365437.0000000000	730	2	144	33.000000	 24722355.5728511736
   417640.0000000409	  1416146.7724609375	   367570.0000000000	791	1	144	33.250000	 24722996.5164788030
   417641.0000000108	  1418279.6152343750	   369703.0000000000	630	1	144	33.500000	 24723641.5678913742
   417641.9999999817	  1420412.4033203125	   371836.0000000000	413	1	144	34.500000	 24724286.6472239979
   417642.9999999524	  1422545.2197265625	   373969.0000000000	225	1	144	34.750000	 24724931.0843880773
   417643.9999999239	  1424678.1123046875	   376102.0000000000	115	1	144	33.750000	 24725577.3224161342
   417645.0000000702	  1426811.1464843750	   378235.0000000000	150	2	144	33.750000	 24726223.4487127103
   417646.0000000400	  1428943.7695312500	   380367.0000000000	788	1	144	34.750000	 24726869.4843185246
   417647.0000000104	  1431076.3183593750	   382500.0000000000	326	1	144	34.500000	 24727515.9631601237
   417647.9999999804	  1433208.7470703125	   384632.0000000000	765	1	144	34.750000	 24728161.7649327181
   417648.9999999519	  1435341.0576171875	   386765.0000000000	59	1	144	34.000000	 24728804.5513044298
   417649.9999999230	  1437472.8750000000	   388896.0000000000	896	1	144	33.250000	 24729446.5524156541
   417651.0000000684	  1439604.2617187500	   391028.0000000000	268	2	144	32.750000	 24730088.9653026350
   417652.0000000395	  1441734.5449218750	   393158.0000000000	558	1	144	33.000000	 24730733.6677101515
   417653.0000000118	  1443864.1943359375	   395288.0000000000	199	1	144	34.000000	 24731379.2740395032
   417653.9999999853	  1445993.5556640625	   397417.0000000000	569	1	144	34.250000	 24732031.1310424395
   417654.9999999597	  1448122.9130859375	   399546.0000000000	935	1	144	36.250000	 24732681.6932377256
   417655.9999999341	  1450252.6250000000	   401676.0000000000	640	1	144	36.250000	 24733330.5034295097
   417657.0000000822	  1452382.3916015625	   403806.0000000000	401	2	144	36.250000	 24733977.1881330684
   417658.0000000541	  1454511.3525390625	   405935.0000000000	361	1	144	36.000000	 24734621.5624759421
   417659.0000000271	  1456639.7490234375	   408063.0000000000	767	1	144	36.250000	 24735268.3973015770
   417660.0000000015	  1458768.1074218750	   410192.0000000000	110	1	144	37.000000	 24735913.9338293597
   417660.9999999768	  1460896.2109375000	   412320.0000000000	216	1	144	37.000000	 24736559.4459265918
   417661.9999999520	  1463024.3740234375	   414448.0000000000	383	1	144	37.250000	 24737206.1027591899
   417662.9999999281	  1465152.1445312500	   416576.0000000000	148	1	144	37.250000	 24737852.5746190660
   417664.0000000767	  1467279.6376953125	   418703.0000000000	653	2	144	38.000000	 24738499.1127405167
   417665.0000000509	  1469406.4755859375	   420830.0000000000	487	1	144	38.000000	 24739144.5969176441
   417666.0000000269	  1471532.7626953125	   422956.0000000000	781	1	144	37.750000	 24739790.7476932704
   417667.0000000026	  1473658.7197265625	   425082.0000000000	737	1	144	38.000000	 24740437.3835854679
   417667.9999999787	  1475783.9443359375	   427207.0000000000	967	1	144	38.500000	 24741083.5867117047
   417668.9999999556	  1477908.9384765625	   429332.0000000000	961	1	144	39.000000	 24741729.8735988624
   417669.9999999337	  1480033.6035156250	   431457.0000000000	618	1	144	38.500000	 24742375.8114809878
   417671.0000000863	  1482158.1396484375	   433582.0000000000	143	2	144	39.000000	 24743021.6760222465
   417672.0000000637	  1484281.9980468750	   435705.0000000000	1022	1	144	39.250000	 24743666.4028583020
   417673.0000000414	  1486405.6357421875	   437829.0000000000	651	1	144	39.000000	 24744311.8067633547
   417674.0000000200	  1488529.1015625000	   439953.0000000000	104	1	144	39.500000	 24744956.7220616452
   417674.9999999988	  1490652.4482421875	   442076.0000000000	459	1	144	39.000000	 24745602.8693463691
   417675.9999999775	  1492775.7695312500	   444199.0000000000	788	1	144	39.500000	 24746249.1422728077
   417676.9999999566	  1494899.3876953125	   446323.0000000000	397	1	144	39.250000	 24746895.6629924811
   417677.9999999349	  1497022.9560546875	   448446.0000000000	979	1	144	39.000000	 24747541.5101333335
   417678.9999999130	  1499146.1630859375	   450570.0000000000	167	1	144	38.500000	 24748187.3049235344
   417680.0000000663	  1501269.3193359375	   452693.0000000000	327	2	144	39.250000	 24748834.2374189310
   417681.0000000443	  1503391.9599609375	   454815.0000000000	983	1	144	39.500000	 24749480.2834925503
   417682.0000000231	  1505514.3271484375	   456938.0000000000	335	1	144	40.500000	 24750126.1445934549
   417683.0000000023	  1507636.4755859375	   459060.0000000000	487	1	144	40.250000	 24750770.9656602778
   417683.9999999806	  1509757.7167968750	   461181.0000000000	734	1	144	40.500000	 24751414.8269644342
   417684.9999999589	  1511878.9375000000	   463302.0000000000	960	1	144	40.000000	 24752057.9553587735
   417685.9999999392	  1514001.3251953125	   465425.0000000000	333	1	144	39.250000	 24752702.9823380336
   417686.9999999189	  1516124.0449218750	   467548.0000000000	46	1	144	38.750000	 24753346.7982712202
   417688.0000000719	  1518246.2080078125	   469670.0000000000	213	2	144	39.250000	 24753989.8149340786
   417689.0000000502	  1520367.2832031250	   471791.0000000000	290	1	144	39.250000	 24754633.6413378268
   417690.0000000292	  1522487.8662109375	   473911.0000000000	887	1	144	39.500000	 24755277.5515024364
   417691.0000000092	  1524608.1445312500	   476032.0000000000	148	1	144	39.750000	 24755922.7774144597
   417691.9999999906	  1526728.3554687500	   478152.0000000000	364	1	144	40.000000	 24756568.2615895644
   417692.9999999721	  1528848.5126953125	   480272.0000000000	525	1	144	40.000000	 24757213.9412072338
   417693.9999999535	  1530968.6025390625	   482392.0000000000	617	1	144	40.250000	 24757859.8546580970
   417694.9999999352	  1533088.7958984375	   484512.0000000000	815	1	144	40.000000	 24758504.5849829726
   417695.9999999178	  1535210.0371093750	   486634.0000000000	38	1	144	39.500000	 24759150.5787045620
   417697.0000000739	  1537332.8447265625	   488756.0000000000	865	2	144	39.750000	 24759796.0593396612
   417698.0000000534	  1539456.7353515625	   490880.0000000000	753	1	144	39.250000	 24760441.8436593488
   417699.0000000315	  1541581.1835937500	   493005.0000000000	188	1	144	39.250000	 24761087.6558997557
   417700.0000000100	  1543705.1699218750	   495129.0000000000	174	1	144	40.250000	 24761733.6810329668
   417700.9999999887	  1545828.8828125000	   497252.0000000000	904	1	144	41.500000	 24762379.0954078771
   417701.9999999687	  1547952.4785156250	   499376.0000000000	490	1	144	40.750000	 24763024.3038696684
   417702.9999999483	  1550075.8925781250	   501499.0000000000	914	1	144	41.000000	 24763672.1263766699
   417703.9999999282	  1552198.9794921875	   503622.0000000000	1003	1	144	41.500000	 24764319.0170410946
   417705.0000000832	  1554321.8847656250	   505745.0000000000	906	2	144	41.500000	 24764965.9181255810
   417706.0000000633	  1556444.7958984375	   507868.0000000000	815	1	144	41.500000	 24765613.0216827691
   417707.0000000442	  1558567.9189453125	   509991.0000000000	941	1	144	41.750000	 24766259.2073574625
   417708.0000000249	  1560691.6210937500	   512115.0000000000	636	1	144	41.500000	 24766905.7699572369
   417709.0000000049	  1562816.1376953125	   514240.0000000000	141	1	144	41.500000	 24767551.2995033041
   417709.9999999837	  1564939.9287109375	   516363.0000000000	951	1	144	41.500000	 24768196.4276943691
   417710.9999999626	  1567063.3984375000	   518487.0000000000	408	1	144	41.750000	 24768843.3253391534
   417711.9999999419	  1569186.7568359375	   520610.0000000000	775	1	144	41.750000	 24769490.0415013954
   417712.9999999212	  1571309.8339843750	   522733.0000000000	854	1	144	41.000000	 24770137.1869394071
   417714.0000000758	  1573432.8642578125	   524856.0000000000	885	2	144	41.250000	 24770784.5382400416
   417715.0000000551	  1575555.6328125000	   526979.0000000000	648	1	144	41.750000	 24771431.2369520627
   417716.0000000346	  1577678.2626953125	   529102.0000000000	269	1	144	41.250000	 24772077.0387219340
   417717.0000000146	  1579800.7568359375	   531224.0000000000	775	1	144	41.750000	 24772722.9451931491
   417717.9999999952	  1581923.1562500000	   533347.0000000000	160	1	144	41.750000	 24773369.4903426953
   417718.9999999753	  1584044.7880859375	   535468.0000000000	807	1	144	42.000000	 24774017.1662675999
   417719.9999999554	  1586165.7978515625	   537589.0000000000	817	1	144	42.750000	 24774664.2698248103
   417720.9999999367	  1588286.6894531250	   539710.0000000000	706	1	144	42.500000	 24775311.9003787376
   417721.9999999186	  1590407.2666015625	   541831.0000000000	273	1	144	42.750000	 24775958.5432492532
   417723.0000000754	  1592527.8544921875	   543951.0000000000	875	2	144	42.750000	 24776605.1092887297
   417724.0000000578	  1594647.8398437500	   546071.0000000000	860	1	144	42.250000	 24777251.1763013601
   417725.0000000414	  1596767.6279296875	   548191.0000000000	643	1	144	42.000000	 24777897.3410349488
   417726.0000000249	  1598887.1162109375	   550311.0000000000	119	1	144	42.000000	 24778544.5807030573
   417727.0000000087	  1601006.3056640625	   552430.0000000000	313	1	144	42.000000	 24779191.0839711279
   417727.9999999926	  1603125.0458984375	   554549.0000000000	47	1	144	42.250000	 24779838.7668750323
   417728.9999999767	  1605243.5214843750	   556667.0000000000	534	1	144	42.250000	 24780485.1968520693
   417729.9999999619	  1607361.5273437500	   558785.0000000000	540	1	144	42.000000	 24781131.9932836741
   417730.9999999458	  1609479.4628906250	   560903.0000000000	474	1	144	42.000000	 24781778.0847262144
   417731.9999999310	  1611597.3476562500	   563021.0000000000	356	1	144	42.000000	 24782423.8446139321
   417732.9999999165	  1613715.1855468750	   565139.0000000000	190	1	144	42.000000	 24783069.8697450981
   417734.0000000767	  1615832.7402343750	   567256.0000000000	758	2	144	42.000000	 24783715.8564358540
   417735.0000000603	  1617949.6025390625	   569373.0000000000	617	1	144	42.250000	 24784361.5918936804
   417736.0000000452	  1620066.3603515625	   571490.0000000000	369	1	144	42.250000	 24785008.4267158881
   417737.0000000313	  1622183.1611328125	   573607.0000000000	165	1	144	42.250000	 24785655.4674505554
   417738.0000000177	  1624299.8701171875	   575723.0000000000	891	1	144	42.250000	 24786301.1645170562
   417739.0000000041	  1626416.2656250000	   577840.0000000000	272	1	144	42.250000	 24786947.2908593565
   417739.9999999895	  1628532.0244140625	   579956.0000000000	25	1	144	42.500000	 24787592.1189045012
   417740.9999999764	  1630647.0224609375	   582071.0000000000	23	1	144	42.500000	 24788236.9888297506
   417741.9999999645	  1632761.4726562500	   584185.0000000000	484	1	144	42.250000	 24788882.7626768276
   417742.9999999523	  1634875.3603515625	   586299.0000000000	369	1	144	42.000000	 24789529.6114584021
   417743.9999999403	  1636988.9873046875	   588412.0000000000	1011	1	144	42.250000	 24790176.5125906356
   417744.9999999295	  1639102.5732421875	   590526.0000000000	587	1	144	41.750000	 24790823.8883689269
   417745.9999999190	  1641216.3349609375	   592640.0000000000	343	1	144	42.000000	 24791471.5293906629
   417747.0000000835	  1643330.1689453125	   594754.0000000000	173	2	144	41.750000	 24792118.5386638790
   417748.0000000710	  1645443.3916015625	   596867.0000000000	401	1	144	42.000000	 24792764.5847347677
   417749.0000000588	  1647556.3095703125	   598980.0000000000	317	1	144	41.500000	 24793411.2729742229
   417750.0000000464	  1649668.9199218750	   601092.0000000000	942	1	144	41.750000	 24794058.4986809045
   417751.0000000356	  1651781.1435546875	   603205.0000000000	147	1	144	41.750000	 24794705.6057255864
   417752.0000000242	  1653892.8203125000	   605316.0000000000	840	1	144	41.500000	 24795352.8070016690
   417753.0000000120	  1656004.2275390625	   607428.0000000000	233	1	144	41.250000	 24796000.0850590356
   417754.0000000012	  1658115.1220703125	   609539.0000000000	125	1	144	41.250000	 24796647.7819215953
   417754.9999999905	  1660225.7744140625	   611649.0000000000	793	1	144	41.500000	 24797295.3531424664
   417755.9999999806	  1662336.0644531250	   613760.0000000000	66	1	144	41.000000	 24797942.4357565567
   417756.9999999705	  1664445.9628906250	   615869.0000000000	986	1	144	41.250000	 24798588.7854608111
   417757.9999999608	  1666555.2500000000	   617979.0000000000	256	1	144	41.000000	 24799234.5069565512
   417758.9999999520	  1668664.2128906250	   620088.0000000000	218	1	144	41.000000	 24799881.9385749921
   417759.9999999438	  1670773.2167968750	   622197.0000000000	222	1	144	41.000000	 24800528.9548777081
   417760.9999999350	  1672882.0644531250	   624306.0000000000	66	1	144	40.000000	 24801176.6726799943
   417761.9999999260	  1674990.5439453125	   626414.0000000000	557	1	144	40.500000	 24801823.4795800969
   417762.9999999179	  1677098.9697265625	   628522.0000000000	993	1	144	40.000000	 24802469.9758657776
   417764.0000000857	  1679207.4072265625	   630631.0000000000	417	2	144	39.500000	 24803115.6903306618
   417765.0000000770	  1681315.3974609375	   632739.0000000000	407	1	144	38.750000	 24803761.5653881691
   417766.0000000694	  1683423.1630859375	   634847.0000000000	167	1	144	38.250000	 24804404.7845196910
   417767.0000000618	  1685530.3046875000	   636954.0000000000	312	1	144	37.500000	 24805050.5618556030
   417768.0000000540	  1687636.6777343750	   639060.0000000000	694	1	144	37.500000	 24805696.4299327619
   417769.0000000476	  1689742.6962890625	   641166.0000000000	713	1	144	37.500000	 24806339.9980686046
   417770.0000000419	  1691848.7294921875	   643272.0000000000	747	1	144	36.250000	 24806984.7772505507
   417771.0000000370	  1693954.4804687500	   645378.0000000000	492	1	144	36.250000	 24807631.0885628350
   417772.0000000309	  1696060.2021484375	   647484.0000000000	207	1	144	36.500000	 24808278.6074316613
   417773.0000000254	  1698167.9619140625	   649591.0000000000	985	1	144	36.250000	 24808926.0146188699
   417774.0000000171	  1700277.5820312500	   651701.0000000000	596	1	144	36.500000	 24809572.4411036633
   417775.0000000083	  1702387.6005859375	   653811.0000000000	615	1	144	35.750000	 24810220.7312736250
   417775.9999999992	  1704496.8984375000	   655920.0000000000	920	1	144	35.500000	 24810869.2203763686
   417776.9999999899	  1706605.5048828125	   658029.0000000000	517	1	144	36.250000	 24811517.3534943834
   417777.9999999821	  1708713.8281250000	   660137.0000000000	848	1	144	36.250000	 24812166.0834099799
   417778.9999999764	  1710823.6162109375	   662247.0000000000	631	1	144	36.250000	 24812813.8849724941
   417779.9999999698	  1712934.9794921875	   664358.0000000000	1003	1	144	36.000000	 24813461.9796992131
   417780.9999999614	  1715047.6894531250	   666471.0000000000	706	1	144	36.500000	 24814110.0709364302
   417781.9999999514	  1717161.5351562500	   668585.0000000000	548	1	144	36.000000	 24814758.4413778149
   417782.9999999410	  1719275.7958984375	   670699.0000000000	815	1	144	35.750000	 24815407.8344030492
   417783.9999999321	  1721390.5488281250	   672814.0000000000	562	1	144	36.000000	 24816055.9291304462
   417784.9999999215	  1723505.7402343750	   674929.0000000000	758	1	144	36.250000	 24816703.1234262027
   417786.0000000856	  1725621.4345703125	   677045.0000000000	445	2	144	36.250000	 24817350.4398236573
   417787.0000000740	  1727736.3642578125	   679160.0000000000	373	1	144	36.250000	 24817998.0180248842
   417788.0000000627	  1729850.4189453125	   681274.0000000000	429	1	144	36.750000	 24818645.7183776349
   417789.0000000516	  1731963.7119140625	   683387.0000000000	729	1	144	36.000000	 24819291.1467098556
   417790.0000000406	  1734076.6445312500	   685500.0000000000	660	1	144	35.250000	 24819938.9168634787
   417791.0000000305	  1736189.5654296875	   687613.0000000000	579	1	144	35.750000	 24820587.1093125157
   417792.0000000219	  1738303.3134765625	   689727.0000000000	321	1	144	36.000000	 24821236.3278349079
   417793.0000000115	  1740418.6669921875	   691842.0000000000	683	1	144	36.000000	 24821884.2724907063
   417793.9999999983	  1742534.5625000000	   693958.0000000000	576	1	144	36.500000	 24822531.2189938985
   417794.9999999859	  1744650.4023437500	   696074.0000000000	412	1	144	36.750000	 24823177.8723329008
   417795.9999999746	  1746766.3007812500	   698190.0000000000	308	1	144	37.000000	 24823825.6983273588
   417796.9999999625	  1748881.8291015625	   700305.0000000000	849	1	144	37.250000	 24824474.5503958426
   417797.9999999494	  1750997.2490234375	   702421.0000000000	255	1	144	37.500000	 24825123.5525366105
   417798.9999999377	  1753113.2978515625	   704537.0000000000	305	1	144	37.250000	 24825772.5442068391
   417799.9999999265	  1755230.0917968750	   706654.0000000000	94	1	144	37.250000	 24826420.7087357901
   417800.9999999140	  1757347.4609375000	   708771.0000000000	472	1	144	37.250000	 24827068.0251837522
   417802.0000000758	  1759465.5068359375	   710889.0000000000	519	2	144	37.250000	 24827715.5021240562
   417803.0000000623	  1761583.4697265625	   713007.0000000000	481	1	144	37.250000	 24828362.1100927703
   417804.0000000499	  1763701.5693359375	   715125.0000000000	583	1	144	37.000000	 24829009.0147151537
   417805.0000000374	  1765819.3642578125	   717243.0000000000	373	1	144	36.750000	 24829654.3278762326
   417806.0000000240	  1767936.7070312500	   719360.0000000000	724	1	144	36.500000	 24830299.9691019244
   417807.0000000114	  1770054.0068359375	   721478.0000000000	7	1	144	36.250000	 24830946.6782817543
   417808.0000000003	  1772171.1376953125	   723595.0000000000	141	1	144	36.250000	 24831593.4118914828
   417808.9999999883	  1774288.0078125000	   725712.0000000000	8	1	144	36.500000	 24832241.6008510105
   417809.9999999752	  1776404.5781250000	   727828.0000000000	592	1	144	37.000000	 24832888.8858887181
   417810.9999999639	  1778521.7490234375	   729945.0000000000	767	1	144	36.750000	 24833537.9822602533
   417811.9999999529	  1780640.8427734375	   732064.0000000000	863	1	144	36.750000	 24834188.3280684687
   417812.9999999385	  1782762.0878906250	   734186.0000000000	90	1	144	37.250000	 24834838.0910398215
   417813.9999999219	  1784885.0625000000	   736309.0000000000	64	1	144	37.250000	 24835485.3307079151
   417815.0000000806	  1787008.9345703125	   738432.0000000000	957	2	144	36.500000	 24836129.0383984298
   417816.0000000653	  1789131.7558593750	   740555.0000000000	774	1	144	36.000000	 24836774.9448682778
   417817.0000000491	  1791253.6240234375	   742677.0000000000	639	1	144	37.000000	 24837418.5862979144
   417818.0000000334	  1793374.8994140625	   744798.0000000000	921	1	144	36.250000	 24838065.0860758275
   417819.0000000185	  1795495.9951171875	   746919.0000000000	1019	1	144	36.500000	 24838708.9508681372
   417820.0000000061	  1797617.4121093750	   749041.0000000000	422	1	144	36.250000	 24839355.7472990565
   417820.9999999942	  1799738.8642578125	   751162.0000000000	885	1	144	36.250000	 24840004.2398926392
   417821.9999999796	  1801859.9316406250	   753283.0000000000	954	1	144	36.750000	 24840650.9455829747
   417822.9999999643	  1803980.4667968750	   755404.0000000000	478	1	144	37.000000	 24841297.4069702700
   417823.9999999508	  1806100.8007812500	   757524.0000000000	820	1	144	37.000000	 24841945.8576837480
   417824.9999999389	  1808221.2753906250	   759645.0000000000	282	1	144	37.500000	 24842594.0989939310
   417825.9999999260	  1810341.6435546875	   761765.0000000000	659	1	144	37.500000	 24843242.4380257428
   417827.0000000868	  1812462.3896484375	   763886.0000000000	399	2	144	37.500000	 24843892.0683252253
   417828.0000000736	  1814583.0341796875	   766007.0000000000	35	1	144	38.250000	 24844541.0355655514
   417829.0000000604	  1816704.0039062500	   768128.0000000000	4	1	144	38.500000	 24845189.5735301189
   417830.0000000471	  1818824.7470703125	   770248.0000000000	765	1	144	38.500000	 24845836.9318588935
   417831.0000000331	  1820945.1894531250	   772369.0000000000	194	1	144	38.750000	 24846484.3844190724
   417832.0000000204	  1823065.2558593750	   774489.0000000000	262	1	144	38.750000	 24847131.6310661584
   417833.0000000077	  1825184.6005859375	   776608.0000000000	615	1	144	38.500000	 24847779.4849813804
   417833.9999999960	  1827303.4140625000	   778727.0000000000	424	1	144	38.500000	 24848426.3128225692
   417834.9999999845	  1829421.4658203125	   780845.0000000000	477	1	144	38.000000	 24849074.6413838379
   417835.9999999733	  1831538.9189453125	   782962.0000000000	941	1	144	38.500000	 24849723.5213724002
   417836.9999999641	  1833656.1611328125	   785080.0000000000	165	1	144	38.250000	 24850371.9581244737
   417837.9999999554	  1835773.2109375000	   787197.0000000000	216	1	144	37.750000	 24851020.4262868091
   417838.9999999466	  1837890.3427734375	   789314.0000000000	351	1	144	37.250000	 24851669.0026406236
   417839.9999999384	  1840007.8984375000	   791431.0000000000	920	1	144	36.750000	 24852317.4498625584
   417840.9999999288	  1842126.0722656250	   793550.0000000000	74	1	144	36.500000	 24852966.2111890912
   417841.9999999191	  1844244.3730468750	   795668.0000000000	382	1	144	36.000000	 24853613.6672381163
   417843.0000000832	  1846363.4199218750	   797787.0000000000	430	2	144	36.000000	 24854262.5576467365
   417844.0000000717	  1848482.3173828125	   799906.0000000000	325	1	144	36.000000	 24854910.6174743772
   417845.0000000600	  1850600.5751953125	   802024.0000000000	589	1	144	36.000000	 24855558.3038670644
   417846.0000000471	  1852718.4570312500	   804142.0000000000	468	1	144	36.250000	 24856203.5123268403
   417847.0000000365	  1854836.0429687500	   806260.0000000000	44	1	144	35.250000	 24856848.9720693082
   417848.0000000262	  1856953.3896484375	   808377.0000000000	399	1	144	35.500000	 24857493.5174194090
   417849.0000000160	  1859070.6240234375	   810494.0000000000	639	1	144	34.750000	 24858137.8114861138
   417850.0000000056	  1861187.9541015625	   812611.0000000000	977	1	144	34.500000	 24858784.4857648425
   417850.9999999951	  1863305.5791015625	   814729.0000000000	593	1	144	34.500000	 24859429.8198655993
   417851.9999999846	  1865423.0332031250	   816847.0000000000	34	1	144	34.000000	 24860075.8694259748
   417852.9999999741	  1867540.2519531250	   818964.0000000000	258	1	144	34.250000	 24860724.3689992465
   417853.9999999640	  1869657.1494140625	   821081.0000000000	153	1	144	34.500000	 24861369.3959757723
   417854.9999999535	  1871773.5625000000	   823197.0000000000	576	1	144	34.000000	 24862015.3198944479
   417855.9999999429	  1873889.4648437500	   825313.0000000000	476	1	144	34.000000	 24862662.3536480628
   417856.9999999338	  1876005.1562500000	   827429.0000000000	160	1	144	33.500000	 24863311.7013023235
   417857.9999999258	  1878120.4541015625	   829544.0000000000	465	1	144	34.250000	 24863962.5252460949
   417858.9999999186	  1880235.2617187500	   831659.0000000000	268	1	144	35.250000	 24864613.2724086381
   417860.0000000866	  1882349.9228515625	   833773.0000000000	945	2	144	35.750000	 24865264.0648916699
   417861.0000000789	  1884464.0029296875	   835888.0000000000	3	1	144	36.000000	 24865914.9760865122
   417862.0000000717	  1886577.5253906250	   838001.0000000000	538	1	144	36.000000	 24866564.5785136968
   417863.0000000641	  1888690.6152343750	   840114.0000000000	630	1	144	36.000000	 24867212.3765867054
   417864.0000000573	  1890803.2822265625	   842227.0000000000	289	1	144	36.000000	 24867862.2791577466
   417865.0000000512	  1892915.6025390625	   844339.0000000000	617	1	144	37.000000	 24868512.0874973536
   417866.0000000450	  1895027.4873046875	   846451.0000000000	499	1	144	37.000000	 24869162.1471203528
   417867.0000000392	  1897138.9638671875	   848562.0000000000	987	1	144	36.750000	 24869812.6150787435
   417868.0000000338	  1899250.1572265625	   850674.0000000000	161	1	144	37.250000	 24870462.3466370963
   417869.0000000300	  1901361.1337890625	   852785.0000000000	137	1	144	36.750000	 24871113.7115369365
   417870.0000000247	  1903471.6425781250	   854895.0000000000	658	1	144	37.250000	 24871763.9247217402
   417871.0000000194	  1905581.7128906250	   857005.0000000000	730	1	144	37.250000	 24872412.9582707211
   417872.0000000143	  1907691.3593750000	   859115.0000000000	368	1	144	36.750000	 24873061.3461609446
   417873.0000000098	  1909800.6142578125	   861224.0000000000	629	1	144	36.750000	 24873709.3710861206
   417874.0000000060	  1911909.6044921875	   863333.0000000000	619	1	144	36.500000	 24874358.5721568987
   417875.0000000024	  1914018.0537109375	   865442.0000000000	55	1	144	36.500000	 24875006.5726515092
   417875.9999999976	  1916125.8427734375	   867549.0000000000	863	1	144	36.750000	 24875654.0461493656
   417876.9999999937	  1918233.0947265625	   869657.0000000000	97	1	144	36.750000	 24876302.5143103302
   417877.9999999899	  1920339.7998046875	   871763.0000000000	819	1	144	36.750000	 24876950.9999215193
   417878.9999999868	  1922446.0458984375	   873870.0000000000	47	1	144	37.000000	 24877599.3005599827
   417879.9999999843	  1924551.8945312500	   875975.0000000000	916	1	144	37.500000	 24878247.6151584908
   417880.9999999825	  1926657.2880859375	   878081.0000000000	295	1	144	37.750000	 24878895.2806080766
   417881.9999999810	  1928762.1757812500	   880186.0000000000	180	1	144	37.500000	 24879542.3178491406
   417882.9999999797	  1930866.4365234375	   882290.0000000000	447	1	144	37.750000	 24880189.5679829977
   417883.9999999796	  1932969.9785156250	   884393.0000000000	1002	1	144	38.000000	 24880837.0240292884
   417884.9999999804	  1935072.9482421875	   886496.0000000000	971	1	144	38.000000	 24881484.4730952196
   417885.9999999815	  1937175.7119140625	   888599.0000000000	729	1	144	38.000000	 24882132.4212377891
   417886.9999999833	  1939278.2265625000	   890702.0000000000	232	1	144	38.000000	 24882781.0255089514
   417887.9999999847	  1941380.5898437500	   892804.0000000000	604	1	144	38.500000	 24883429.6507205106
   417888.9999999858	  1943482.8134765625	   894906.0000000000	833	1	144	38.750000	 24884078.0455890633
   417889.9999999868	  1945584.3505859375	   897008.0000000000	359	1	144	38.750000	 24884725.7075477876
   417890.9999999890	  1947685.0312500000	   899109.0000000000	32	1	144	38.750000	 24885373.2717848830
   417891.9999999913	  1949785.1103515625	   901209.0000000000	113	1	144	39.000000	 24886021.7294739410
   417892.9999999938	  1951884.6630859375	   903308.0000000000	679	1	144	39.000000	 24886669.2727706432
   417893.9999999969	  1953983.5957031250	   905407.0000000000	610	1	144	38.500000	 24887317.0987609997
   417895.0000000011	  1956082.1298828125	   907506.0000000000	133	1	144	38.500000	 24887966.0066655502
   417896.0000000063	  1958180.4707031250	   909604.0000000000	482	1	144	38.250000	 24888613.7628543489
   417897.0000000120	  1960279.1992187500	   911703.0000000000	204	1	144	37.750000	 24889261.9622789733
   417898.0000000177	  1962377.8378906250	   913801.0000000000	858	1	144	37.250000	 24889908.0153247528
   417899.0000000216	  1964475.9277343750	   915899.0000000000	950	1	144	37.250000	 24890553.5274137817
   417900.0000000249	  1966573.7001953125	   917997.0000000000	717	1	144	37.000000	 24891199.5804602578
   417901.0000000286	  1968670.6142578125	   920094.0000000000	629	1	144	36.750000	 24891844.1816470735
   417902.0000000335	  1970767.5195312500	   922191.0000000000	532	1	144	36.500000	 24892488.8282042332
   417903.0000000394	  1972864.2988281250	   924288.0000000000	306	1	144	36.500000	 24893136.0957862698
   417904.0000000436	  1974961.1250000000	   926385.0000000000	128	1	144	36.750000	 24893783.6984133013
   417905.0000000476	  1977060.2675781250	   928484.0000000000	274	1	144	36.750000	 24894434.0930778980
   417906.0000000497	  1979161.8251953125	   930585.0000000000	845	1	144	37.500000	 24895085.5033466481
   417907.0000000505	  1981265.1113281250	   932689.0000000000	114	1	144	37.750000	 24895735.5280671827
   417908.0000000505	  1983370.3955078125	   934794.0000000000	405	1	144	37.250000	 24896386.3275783435
   417909.0000000492	  1985475.2578125000	   936899.0000000000	264	1	144	38.250000	 24897036.0102748722
   417910.0000000484	  1987579.2148437500	   939003.0000000000	220	1	144	39.000000	 24897683.8292862251
   417911.0000000493	  1989682.6220703125	   941106.0000000000	637	1	144	38.250000	 24898333.2990892828
   417912.0000000501	  1991785.8095703125	   943209.0000000000	829	1	144	39.000000	 24898982.0359824970
   417913.0000000499	  1993888.4267578125	   945312.0000000000	437	1	144	39.250000	 24899631.7640493326
   417914.0000000505	  1995990.5244140625	   947414.0000000000	537	1	144	40.000000	 24900281.5584268458
   417915.0000000524	  1998091.8437500000	   949515.0000000000	864	1	144	40.000000	 24900931.6459678710
   417916.0000000554	  2000192.5380859375	   951616.0000000000	551	1	144	40.500000	 24901581.4577949382
   417917.0000000582	  2002293.6103515625	   953717.0000000000	625	1	144	40.250000	 24902230.2156278603
   417918.0000000622	  2004394.5097656250	   955818.0000000000	522	1	144	39.000000	 24902881.1826601550
   417919.0000000648	  2006496.2792968750	   957920.0000000000	286	1	144	40.000000	 24903531.6052455083
   417920.0000000673	  2008599.7412109375	   960023.0000000000	759	1	144	39.500000	 24904180.7051031366
   417921.0000000671	  2010705.2451171875	   962129.0000000000	251	1	144	39.000000	 24904829.5571681932
   417922.0000000659	  2012813.1132812500	   964237.0000000000	116	1	144	39.500000	 24905477.7182042561
   417923.0000000637	  2014921.9218750000	   966345.0000000000	944	1	144	39.750000	 24906125.2440521009
   417924.0000000615	  2017030.5634765625	   968454.0000000000	577	1	144	39.250000	 24906774.0926276669
   417925.0000000597	  2019138.1640625000	   970562.0000000000	168	1	144	39.750000	 24907421.1857095584
   417926.0000000590	  2021244.9570312500	   972668.0000000000	980	1	144	39.750000	 24908069.4688971452
   417927.0000000588	  2023351.7275390625	   974775.0000000000	745	1	144	39.500000	 24908719.6087895222
   417928.0000000598	  2025458.6230468750	   976882.0000000000	638	1	144	40.250000	 24909370.6875041351
   417929.0000000597	  2027565.4697265625	   978989.0000000000	481	1	144	40.000000	 24910021.3090229258
   417930.0000000592	  2029671.9228515625	   981095.0000000000	945	1	144	40.750000	 24910671.3616642170
   417931.0000000582	  2031778.0224609375	   983202.0000000000	23	1	144	41.500000	 24911321.2747037634
   417932.0000000567	  2033883.7187500000	   985307.0000000000	736	1	144	41.750000	 24911970.3152317256
   417933.0000000553	  2035988.8886718750	   987412.0000000000	910	1	144	41.750000	 24912618.2459247671
   417934.0000000543	  2038093.6455078125	   989517.0000000000	661	1	144	41.500000	 24913266.1556774005
   417935.0000000548	  2040197.8789062500	   991621.0000000000	900	1	144	41.000000	 24913913.9467680007
   417936.0000000554	  2042301.5888671875	   993725.0000000000	603	1	144	41.000000	 24914563.7411455140
   417937.0000000558	  2044405.0449218750	   995829.0000000000	46	1	144	41.250000	 24915212.6595212854
   417938.0000000583	  2046508.1923828125	   997932.0000000000	197	1	144	40.750000	 24915861.7593789175
   417939.0000000602	  2048610.4941406250	  1000034.0000000000	506	1	144	41.000000	 24916510.3811002895
   417940.0000000623	  2050712.7509765625	  1002136.0000000000	769	1	144	41.000000	 24917159.5018982925
   417941.0000000669	  2052815.3906250000	  1004239.0000000000	400	1	144	40.500000	 24917808.5145041682
   417942.0000000723	  2054917.6630859375	  1006341.0000000000	679	1	144	40.000000	 24918459.0592403449
   417943.0000000768	  2057019.4580078125	  1008443.0000000000	469	1	144	40.750000	 24919107.3214861602
   417944.0000000813	  2059121.2246093750	  1010545.0000000000	230	1	144	40.000000	 24919755.3149983287
   417945.0000000860	  2061222.9892578125	  1012646.0000000000	1013	1	144	40.250000	 24920403.2003190331
   417945.9999999143	  2063325.0273437500	  1014749.0000000000	28	0	144	39.750000	 24921051.5847668462
   417946.9999999180	  2065427.5273437500	  1016851.0000000000	540	1	144	39.500000	 24921699.0652423464
   417947.9999999206	  2067529.8857421875	  1018953.0000000000	907	1	144	39.750000	 24922347.7532744221
   417948.9999999222	  2069631.6718750000	  1021055.0000000000	688	1	144	40.000000	 24922996.4482868537
   417949.9999999237	  2071733.6455078125	  1023157.0000000000	661	1	144	40.500000	 24923646.3787759319
   417950.9999999280	  2073836.0849609375	  1025260.0000000000	87	1	144	40.500000	 24924295.7334064543
   417951.9999999307	  2075938.1542968750	  1027362.0000000000	158	1	144	40.000000	 24924945.6185245588
   417952.9999999324	  2078040.1289062500	  1029464.0000000000	132	1	144	41.000000	 24925594.3135369904
   417953.9999999359	  2080142.1533203125	  1031566.0000000000	157	1	144	40.250000	 24926245.0153258257
   417954.9999999387	  2082243.9833984375	  1033667.0000000000	1007	1	144	40.750000	 24926895.7764456794
   417955.9999999412	  2084345.3203125000	  1035769.0000000000	328	1	144	40.750000	 24927545.2881288454
   417956.9999999428	  2086446.4970703125	  1037870.0000000000	509	1	144	41.750000	 24928194.0005914979
   417957.9999999466	  2088547.8134765625	  1039971.0000000000	833	1	144	40.750000	 24928843.1981700659
   417958.9999999505	  2090649.1806640625	  1042073.0000000000	185	1	144	41.000000	 24929492.9855665378
   417959.9999999538	  2092750.3251953125	  1044174.0000000000	333	1	144	41.000000	 24930141.9004514404
   417960.9999999566	  2094851.1621093750	  1046275.0000000000	166	1	144	41.750000	 24930790.9619184472
   417961.9999999600	  2096951.5537109375	  1048375.0000000000	567	1	144	41.750000	 24931440.3235293329
   417962.9999999639	  2099051.6162109375	     1899.0000000000	631	1	144	42.000000	 24932089.8247419596
   417963.9999999704	  2101151.3359375000	     3999.0000000000	344	1	144	42.000000	 24932740.7010322958
   417964.9999999762	  2103250.9687500000	     6098.0000000000	992	1	144	42.000000	 24933390.9386442490
   417965.9999999813	  2105350.5195312500	     8198.0000000000	532	1	144	41.750000	 24934041.2530374303
   417966.9999999873	  2107450.3300781250	    10298.0000000000	338	1	144	42.250000	 24934691.2568161972
   417967.9999999934	  2109550.5029296875	    12398.0000000000	515	1	144	41.750000	 24935340.4194936454
   417968.9999999988	  2111651.8857421875	    14499.0000000000	907	1	144	41.500000	 24935988.8353012279
   417970.0000000024	  2113754.0839843750	    16602.0000000000	86	1	144	40.750000	 24936637.9805291556
   417971.0000000052	  2115855.9482421875	    18703.0000000000	971	1	144	40.750000	 24937286.4521782473
   417972.0000000087	  2117958.0546875000	    20806.0000000000	56	1	144	41.250000	 24937935.1332299523
   417973.0000000127	  2120060.1953125000	    22908.0000000000	200	1	144	40.750000	 24938583.5246076398
   417974.0000000158	  2122162.1552734375	    25010.0000000000	159	1	144	40.750000	 24939231.9404159226
   417975.0000000193	  2124264.4804687500	    27112.0000000000	492	1	144	41.250000	 24939880.6389178447
   417976.0000000233	  2126367.5263671875	    29215.0000000000	539	1	144	41.250000	 24940530.0319389850
   417977.0000000274	  2128471.5986328125	    31319.0000000000	613	1	144	41.250000	 24941180.6045959517
   417978.0000000293	  2130577.0605468750	    33425.0000000000	62	1	144	41.500000	 24941830.8352289088
   417979.0000000297	  2132683.9062500000	    35531.0000000000	928	1	144	40.250000	 24942480.0048880763
   417980.0000000295	  2134791.0830078125	    37639.0000000000	85	1	144	41.000000	 24943130.8602400459
   417981.0000000296	  2136898.0009765625	    39746.0000000000	1	1	144	41.250000	 24943779.9775485620
   417982.0000000297	  2139005.6132812500	    41853.0000000000	628	1	144	39.500000	 24944429.3635907210
   417983.0000000299	  2141113.4404296875	    43961.0000000000	451	1	144	40.000000	 24945079.0532669276
   417984.0000000296	  2143220.9638671875	    46068.0000000000	987	1	144	41.000000	 24945728.4427992441
   417985.0000000299	  2145329.2500000000	    48177.0000000000	256	1	144	41.000000	 24946377.6124584116
   417986.0000000292	  2147437.9580078125	    50285.0000000000	981	1	144	39.750000	 24947026.8972894549
