   417092.0000000130	     7635.9736328125	     7635.0000000000	997	1	33	51.250000	 20796593.3266256936
   417093.0000000103	     4845.7177734375	     4845.0000000000	735	1	33	51.750000	 20796309.4880940914
   417094.0000000586	     2056.0976562500	     2056.0000000000	100	1	33	51.250000	 20796041.3477788046
   417095.0000000977	     -735.1279296875	  1047840.0000000000	893	253	33	51.250000	 20795980.2579870932
   417096.0000000044	    -3526.1904296875	  1045049.0000000000	829	0	33	51.250000	 20795722.4796614125
   417097.0000000038	    -6316.9306640625	  1042259.0000000000	71	1	33	51.000000	 20795438.9831538163
   417098.0000000032	    -9107.2558593750	  1039468.0000000000	762	1	33	50.750000	 20795155.7553798668
   417099.0000000037	   -11896.3544921875	  1036679.0000000000	661	1	33	51.000000	 20794873.2884357832
   417100.0000000033	   -14684.9130859375	  1033891.0000000000	89	1	33	51.250000	 20794590.4166465364
   417101.0000000027	   -17473.4287109375	  1031102.0000000000	585	1	33	50.750000	 20794307.6355985664
   417102.0000000016	   -20261.4443359375	  1028314.0000000000	569	1	33	51.000000	 20794024.6974986047
   417103.0000000016	   -23048.9218750000	  1025527.0000000000	80	1	33	50.750000	 20793741.9478608817
   417104.0000000010	   -25835.8847656250	  1022740.0000000000	118	1	33	51.000000	 20793459.7566307895
   417104.9999999997	   -28622.8730468750	  1019953.0000000000	130	1	33	51.000000	 20793177.5898312889
   417105.9999999970	   -31409.5058593750	  1017166.0000000000	506	1	33	51.000000	 20792894.4667593092
   417106.9999999951	   -34195.9091796875	  1014380.0000000000	93	1	33	51.000000	 20792611.8567240052
   417107.9999999932	   -36982.2197265625	  1011593.0000000000	799	1	33	51.250000	 20792329.5677729771
   417108.9999999917	   -39768.2890625000	  1008807.0000000000	728	1	33	51.000000	 20792046.7937053479
   417109.9999999909	   -42553.8007812500	  1006022.0000000000	204	1	33	51.000000	 20791764.2115901224
   417110.9999999902	   -45338.7871093750	  1003237.0000000000	218	1	33	51.500000	 20791481.2699999958
   417111.9999999899	   -48123.7636718750	  1000452.0000000000	242	1	33	51.000000	 20791199.5603963323
   417112.9999999875	   -50908.9785156250	   997667.0000000000	22	1	33	51.000000	 20790917.6693108156
   417113.9999999857	   -53694.3818359375	   994881.0000000000	633	1	33	51.250000	 20790636.1132696196
   417114.9999999839	   -56479.6728515625	   992096.0000000000	335	1	33	51.250000	 20790353.9499602951
   417115.9999999844	   -59264.8076171875	   989311.0000000000	197	1	33	51.250000	 20790072.3590179756
   417116.9999999854	   -62050.0488281250	   986525.0000000000	974	1	33	51.250000	 20789790.9251276180
   417117.9999999857	   -64835.4335937500	   983740.0000000000	580	1	33	51.250000	 20789509.1212925091
   417118.9999999858	   -67620.7490234375	   980955.0000000000	257	1	33	51.000000	 20789226.9614726827
   417119.9999999870	   -70405.9775390625	   978170.0000000000	23	1	33	51.000000	 20788945.7230249010
   417120.9999999868	   -73191.1845703125	   975384.0000000000	835	1	33	51.000000	 20788663.7795880437
   417121.9999999883	   -75975.9941406250	   972600.0000000000	6	1	33	50.750000	 20788382.0385734476
   417122.9999999899	   -78760.5712890625	   969815.0000000000	439	1	33	51.250000	 20788101.2084610350
   417123.9999999903	   -81545.0673828125	   967030.0000000000	955	1	33	51.000000	 20787819.7257102020
   417124.9999999901	   -84329.6738281250	   964246.0000000000	334	1	33	51.000000	 20787538.6233746633
   417125.9999999902	   -87113.8486328125	   961462.0000000000	155	1	33	51.000000	 20787256.3204629160
   417126.9999999914	   -89897.8964843750	   958678.0000000000	106	1	33	50.750000	 20786975.2425572723
   417127.9999999920	   -92681.7441406250	   955894.0000000000	262	1	33	50.500000	 20786693.5085230358
   417128.9999999939	   -95465.7626953125	   953110.0000000000	243	1	33	50.500000	 20786412.0502020977
   417129.9999999949	   -98249.6279296875	   950326.0000000000	381	1	33	50.750000	 20786129.8834019154
   417130.9999999976	  -101033.4853515625	   947542.0000000000	527	1	33	50.750000	 20785849.5104853399
   417131.9999999991	  -103817.1689453125	   944758.0000000000	851	1	33	50.750000	 20785568.2161967233
   417133.0000000018	  -106600.2822265625	   941975.0000000000	735	1	33	51.000000	 20785287.1452707686
   417134.0000000048	  -109382.7988281250	   939193.0000000000	206	1	33	51.000000	 20785006.7165133357
   417135.0000000068	  -112164.7675781250	   936411.0000000000	238	1	33	51.000000	 20784726.2947363183
   417136.0000000079	  -114946.3916015625	   933629.0000000000	623	1	33	51.000000	 20784445.4332136326
   417137.0000000088	  -117727.9248046875	   930848.0000000000	77	1	33	51.000000	 20784165.5558842160
   417138.0000000107	  -120510.0390625000	   928065.0000000000	984	1	33	51.000000	 20783885.9403080344
   417139.0000000132	  -123292.2539062500	   925283.0000000000	764	1	33	51.000000	 20783605.5150407925
   417140.0000000166	  -126074.1484375000	   922501.0000000000	872	1	33	50.750000	 20783324.7966093719
   417141.0000000207	  -128855.8564453125	   919720.0000000000	147	1	33	50.750000	 20783044.4132222794
   417142.0000000241	  -131637.7011718750	   916938.0000000000	306	1	33	51.000000	 20782764.9651679285
   417143.0000000265	  -134419.6484375000	   914156.0000000000	360	1	33	51.250000	 20782484.9517262317
   417144.0000000306	  -137201.4394531250	   911374.0000000000	574	1	33	51.250000	 20782205.1407067962
   417145.0000000352	  -139983.3417968750	   908592.0000000000	674	1	33	51.000000	 20781925.8985649049
   417146.0000000374	  -142765.0917968750	   905810.0000000000	930	1	33	51.000000	 20781645.3860465735
   417147.0000000420	  -145546.5742187500	   903029.0000000000	436	1	33	51.000000	 20781365.4633454867
   417148.0000000457	  -148328.1953125000	   900247.0000000000	824	1	33	50.750000	 20781085.5301745310
   417149.0000000499	  -151110.1191406250	   897465.0000000000	902	1	33	51.000000	 20780805.6109636351
   417150.0000000547	  -153892.2939453125	   894683.0000000000	723	1	33	51.250000	 20780526.1698889323
   417151.0000000605	  -156674.5576171875	   891901.0000000000	453	1	33	51.250000	 20780246.1494662203
   417152.0000000679	  -159456.3173828125	   889119.0000000000	699	1	33	51.000000	 20779966.3314657435
   417153.0000000765	  -162237.7333984375	   886338.0000000000	273	1	33	51.250000	 20779687.6128296815
   417154.0000000844	  -165018.8339843750	   883557.0000000000	170	1	33	51.250000	 20779409.0791663341
   417154.9999999156	  -167799.8593750000	   880776.0000000000	144	0	33	51.250000	 20779129.8126436509
   417155.9999999222	  -170580.4296875000	   877995.0000000000	584	1	33	51.250000	 20778851.3418014944
   417156.9999999286	  -173360.9589843750	   875215.0000000000	42	1	33	51.250000	 20778572.3718826994
   417157.9999999346	  -176141.4609375000	   872434.0000000000	552	1	33	51.250000	 20778293.5659962259
   417158.9999999412	  -178922.2080078125	   869653.0000000000	811	1	33	51.500000	 20778014.6484280862
   417159.9999999489	  -181703.1103515625	   866872.0000000000	911	1	33	51.250000	 20777736.3485979252
   417160.9999999571	  -184484.2167968750	   864091.0000000000	802	1	33	51.250000	 20777458.0627278052
   417161.9999999658	  -187265.5244140625	   861310.0000000000	487	1	33	51.000000	 20777178.9148159698
   417162.9999999752	  -190046.5908203125	   858529.0000000000	419	1	33	50.750000	 20776900.5661246516
   417163.9999999842	  -192827.6123046875	   855748.0000000000	397	1	33	51.000000	 20776622.2383737378
   417164.9999999924	  -195608.7324218750	   852967.0000000000	274	1	33	51.000000	 20776343.3626857065
   417166.0000000003	  -198389.9443359375	   850186.0000000000	57	1	33	50.750000	 20776064.7033806592
   417167.0000000087	  -201171.1845703125	   847404.0000000000	835	1	33	50.750000	 20775786.1836773381
   417168.0000000168	  -203952.3916015625	   844623.0000000000	623	1	33	50.500000	 20775507.5767229311
   417169.0000000258	  -206733.8994140625	   841842.0000000000	103	1	33	50.500000	 20775229.1058801077
   417170.0000000360	  -209515.6328125000	   839060.0000000000	376	1	33	51.000000	 20774950.5722160637
   417171.0000000466	  -212297.4492187500	   836278.0000000000	564	1	33	50.500000	 20774671.5534354448
   417172.0000000580	  -215079.4208984375	   833496.0000000000	593	1	33	50.500000	 20774393.6549595818
   417173.0000000690	  -217861.0546875000	   830714.0000000000	968	1	33	50.500000	 20774115.0619645379
   417174.0000000821	  -220642.6435546875	   827933.0000000000	365	1	33	50.250000	 20773837.0971773304
   417174.9999999178	  -223424.8339843750	   825151.0000000000	170	0	33	50.000000	 20773558.9055877998
   417175.9999999292	  -226206.9804687500	   822369.0000000000	20	1	33	50.000000	 20773281.1327536702
   417176.9999999409	  -228989.1621093750	   819586.0000000000	858	1	33	50.000000	 20773003.6251629852
   417177.9999999536	  -231771.3515625000	   816804.0000000000	664	1	33	50.000000	 20772725.6813161746
   417178.9999999670	  -234553.2929687500	   814022.0000000000	724	1	33	50.000000	 20772448.2330558188
   417179.9999999812	  -237335.2724609375	   811240.0000000000	745	1	33	50.000000	 20772171.6014662012
   417180.9999999944	  -240116.9785156250	   808459.0000000000	22	1	33	50.250000	 20771894.6557726674
   417182.0000000079	  -242898.2529296875	   805677.0000000000	765	1	33	50.500000	 20771617.1167710423
   417183.0000000213	  -245679.0996093750	   802896.0000000000	922	1	33	50.500000	 20771340.0977864489
   417184.0000000331	  -248460.0986328125	   800115.0000000000	923	1	33	50.500000	 20771063.0369217731
   417185.0000000451	  -251241.4580078125	   797334.0000000000	555	1	33	50.500000	 20770785.1524059735
   417186.0000000584	  -254023.1376953125	   794552.0000000000	883	1	33	50.500000	 20770507.7041456141
   417187.0000000730	  -256805.1113281250	   791770.0000000000	910	1	33	50.500000	 20770230.7479815446
   417187.9999999129	  -259587.7832031250	   788988.0000000000	222	0	33	50.500000	 20769954.2246332094
   417188.9999999283	  -262370.6396484375	   786205.0000000000	369	1	33	50.750000	 20769677.8338564634
   417189.9999999436	  -265153.8437500000	   783422.0000000000	160	1	33	50.750000	 20769401.5163707621
   417190.9999999601	  -267937.1015625000	   780638.0000000000	920	1	33	51.000000	 20769125.8689736985
   417191.9999999771	  -270720.1123046875	   777855.0000000000	909	1	33	50.750000	 20768850.0749945343
   417192.9999999949	  -273502.5761718750	   775073.0000000000	434	1	33	51.000000	 20768574.5078682005
   417194.0000000121	  -276284.7363281250	   772291.0000000000	270	1	33	50.750000	 20768298.4975060485
   417195.0000000289	  -279066.2851562500	   769509.0000000000	732	1	33	50.500000	 20768022.6511762366
   417196.0000000464	  -281847.7656250000	   766728.0000000000	240	1	33	50.750000	 20767746.5849732719
   417197.0000000629	  -284629.2109375000	   763946.0000000000	808	1	33	50.750000	 20767470.3303080685
   417198.0000000786	  -287410.9589843750	   761165.0000000000	42	1	33	50.500000	 20767193.4544147402
   417198.9999999198	  -290193.2001953125	   758382.0000000000	819	0	33	50.750000	 20766916.7426035143
   417199.9999999366	  -292975.2675781250	   755600.0000000000	750	1	33	50.500000	 20766640.6100898534
   417200.9999999553	  -295757.4169921875	   752818.0000000000	597	1	33	50.750000	 20766365.4652589262
   417201.9999999718	  -298539.7207031250	   750036.0000000000	286	1	33	50.750000	 20766089.8178618588
   417202.9999999892	  -301322.2294921875	   747253.0000000000	789	1	33	51.000000	 20765814.2716759220
   417204.0000000069	  -304104.8017578125	   744471.0000000000	203	1	33	50.750000	 20765538.2578236088
   417205.0000000268	  -306887.3320312500	   741688.0000000000	684	1	33	50.750000	 20765263.0501714684
   417206.0000000470	  -309669.3583984375	   738906.0000000000	657	1	33	50.750000	 20764987.3574027568
   417207.0000000675	  -312450.6503906250	   736125.0000000000	358	1	33	51.500000	 20764712.1986111142
   417207.9999999124	  -315232.3525390625	   733343.0000000000	663	0	33	51.000000	 20764437.6052572839
   417208.9999999321	  -318013.9228515625	   730562.0000000000	79	1	33	51.000000	 20764162.3452545069
   417209.9999999526	  -320795.5156250000	   727780.0000000000	496	1	33	50.750000	 20763886.7397368737
   417210.9999999733	  -323577.1738281250	   724998.0000000000	846	1	33	50.500000	 20763611.0434779711
   417211.9999999941	  -326358.7050781250	   722217.0000000000	302	1	33	50.500000	 20763335.3995697238
   417213.0000000155	  -329140.1767578125	   719435.0000000000	843	1	33	50.500000	 20763061.2179909647
   417214.0000000359	  -331921.8232421875	   716654.0000000000	181	1	33	51.000000	 20762786.2755822837
   417215.0000000562	  -334702.9130859375	   713873.0000000000	89	1	33	51.000000	 20762510.7782561220
   417216.0000000772	  -337484.4072265625	   711091.0000000000	607	1	33	50.750000	 20762236.1883419864
   417216.9999999228	  -340266.2304687500	   708309.0000000000	788	0	33	51.000000	 20761961.0889311582
   417217.9999999458	  -343047.4121093750	   705528.0000000000	602	1	33	50.750000	 20761686.3768648095
   417218.9999999686	  -345828.7705078125	   702747.0000000000	235	1	33	50.500000	 20761412.0242733583
   417219.9999999912	  -348610.0429687500	   699965.0000000000	980	1	33	50.500000	 20761137.4762393273
   417221.0000000150	  -351391.0517578125	   697184.0000000000	971	1	33	50.500000	 20760863.4552020170
   417222.0000000393	  -354171.5244140625	   694404.0000000000	487	1	33	50.500000	 20760589.5563162081
   417223.0000000634	  -356951.4765625000	   691624.0000000000	536	1	33	50.500000	 20760316.0343555436
   417224.0000000859	  -359731.0029296875	   688844.0000000000	1021	1	33	50.500000	 20760041.8981470652
   417224.9999999339	  -362510.6044921875	   686065.0000000000	405	0	33	50.500000	 20759768.2296547741
   417225.9999999555	  -365290.7636718750	   683285.0000000000	242	1	33	50.500000	 20759494.1178768687
   417226.9999999775	  -368071.0615234375	   680504.0000000000	961	1	33	50.750000	 20759218.8055227585
   417228.0000000022	  -370850.7646484375	   677725.0000000000	241	1	33	50.250000	 20758944.3133288696
   417229.0000000263	  -373630.2705078125	   674945.0000000000	747	1	33	50.750000	 20758671.7930116579
   417230.0000000489	  -376409.9394531250	   672166.0000000000	62	1	33	50.500000	 20758397.9778874479
   417231.0000000732	  -379189.0869140625	   669386.0000000000	935	1	33	50.500000	 20758123.6671761274
   417231.9999999228	  -381968.1875000000	   666607.0000000000	832	0	33	50.500000	 20757850.9165656865
   417232.9999999466	  -384747.2578125000	   663828.0000000000	760	1	33	50.500000	 20757578.2915471569
   417233.9999999698	  -387526.1396484375	   661049.0000000000	881	1	33	51.000000	 20757304.2216493636
   417234.9999999944	  -390304.2343750000	   658271.0000000000	784	1	33	50.750000	 20757030.5705568008
   417236.0000000184	  -393080.7626953125	   655495.0000000000	243	1	33	51.250000	 20756757.5860633701
   417237.0000000410	  -395856.4658203125	   652719.0000000000	547	1	33	51.250000	 20756484.1827647053
   417238.0000000636	  -398632.3476562500	   649943.0000000000	668	1	33	50.500000	 20756210.5107324272
   417239.0000000864	  -401408.0458984375	   647167.0000000000	977	1	33	50.500000	 20755937.3028763793
   417239.9999999352	  -404183.4951171875	   644392.0000000000	517	0	33	50.250000	 20755663.3237696551
   417240.9999999591	  -406958.2656250000	   641617.0000000000	752	1	33	50.500000	 20755390.0181919485
   417241.9999999834	  -409732.2421875000	   638843.0000000000	776	1	33	50.250000	 20755117.4071334526
   417243.0000000075	  -412505.6796875000	   636070.0000000000	328	1	33	50.500000	 20754845.0473583676
   417244.0000000310	  -415278.7216796875	   633297.0000000000	285	1	33	50.500000	 20754573.0679985732
   417245.0000000539	  -418051.3398437500	   630524.0000000000	676	1	33	50.250000	 20754300.8966863863
   417246.0000000773	  -420823.6953125000	   627752.0000000000	312	1	33	50.250000	 20754028.8824261576
   417246.9999999253	  -423595.9804687500	   624980.0000000000	20	0	33	50.500000	 20753757.2346709855
   417247.9999999489	  -426367.8730468750	   622208.0000000000	130	1	33	50.750000	 20753485.4158533365
   417248.9999999726	  -429139.4257812500	   619436.0000000000	588	1	33	50.500000	 20753212.7908348031
   417249.9999999967	  -431910.3183593750	   616665.0000000000	698	1	33	50.500000	 20752940.1099754348
   417251.0000000198	  -434679.9931640625	   613896.0000000000	7	1	33	50.750000	 20752668.5982820354
   417252.0000000423	  -437448.6962890625	   611127.0000000000	311	1	33	51.000000	 20752396.7166438662
   417253.0000000639	  -440216.9804687500	   608359.0000000000	20	1	33	50.750000	 20752124.8768864796
   417254.0000000863	  -442985.1074218750	   605590.0000000000	914	1	33	50.250000	 20751853.1383402459
   417254.9999999331	  -445753.4531250000	   602822.0000000000	560	0	33	50.250000	 20751581.1241305061
   417255.9999999561	  -448521.2578125000	   600054.0000000000	760	1	33	50.500000	 20751309.7031783648
   417256.9999999796	  -451288.3828125000	   597287.0000000000	632	1	33	50.750000	 20751038.3136364780
   417258.0000000037	  -454054.7041015625	   594521.0000000000	303	1	33	50.750000	 20750766.7775124945
   417259.0000000273	  -456820.4580078125	   591755.0000000000	555	1	33	50.500000	 20750495.4054208323
   417260.0000000513	  -459585.9433593750	   588990.0000000000	58	1	33	50.750000	 20750225.7294918112
   417261.0000000732	  -462351.6435546875	   586224.0000000000	365	1	33	50.750000	 20749954.5319029912
   417261.9999999200	  -465117.1933593750	   583458.0000000000	826	0	33	50.750000	 20749682.2489596345
   417262.9999999440	  -467881.9443359375	   580694.0000000000	57	1	33	51.000000	 20749411.6970288828
   417263.9999999669	  -470645.8593750000	   577930.0000000000	144	1	33	51.000000	 20749140.9566359110
   417264.9999999896	  -473408.7783203125	   575167.0000000000	227	1	33	51.500000	 20748870.3244344294
   417266.0000000113	  -476171.5869140625	   572404.0000000000	423	1	33	51.250000	 20748599.5037707202
   417267.0000000328	  -478933.9248046875	   569642.0000000000	77	1	33	51.000000	 20748328.4876644574
   417268.0000000547	  -481696.5312500000	   566879.0000000000	480	1	33	50.750000	 20748058.0229854807
   417269.0000000767	  -484459.2597656250	   564116.0000000000	758	1	33	50.750000	 20747787.8793907724
   417269.9999999246	  -487222.0283203125	   561353.0000000000	995	0	33	50.750000	 20747516.6434611529
   417270.9999999501	  -489984.1513671875	   558591.0000000000	869	1	33	51.000000	 20747246.3846939206
   417271.9999999749	  -492746.1201171875	   555829.0000000000	901	1	33	51.000000	 20746976.7925258204
   417272.9999999985	  -495507.9433593750	   553068.0000000000	58	1	33	50.750000	 20746706.7257116660
   417274.0000000217	  -498270.0156250000	   550305.0000000000	1008	1	33	51.000000	 20746437.0742132291
   417275.0000000441	  -501031.5908203125	   547544.0000000000	419	1	33	51.000000	 20746166.3198602311
   417276.0000000689	  -503792.6855468750	   544783.0000000000	322	1	33	51.250000	 20745896.2984163798
   417276.9999999182	  -506553.0683593750	   542022.0000000000	954	0	33	50.750000	 20745625.7500256039
   417277.9999999426	  -509312.1464843750	   539263.0000000000	874	1	33	51.500000	 20745355.4807885140
   417278.9999999650	  -512070.9853515625	   536505.0000000000	15	1	33	51.000000	 20745085.0300695710
   417279.9999999884	  -514829.3623046875	   533746.0000000000	653	1	33	51.000000	 20744814.7329124026
   417281.0000000114	  -517587.7832031250	   530988.0000000000	222	1	33	50.750000	 20744544.5823373534
   417282.0000000341	  -520346.5693359375	   528229.0000000000	441	1	33	50.750000	 20744274.9517793059
   417283.0000000564	  -523104.4765625000	   525471.0000000000	536	1	33	51.000000	 20744004.6092518531
   417284.0000000806	  -525861.8095703125	   522714.0000000000	195	1	33	51.000000	 20743735.5580411777
   417284.9999999287	  -528618.7871093750	   519957.0000000000	218	0	33	50.750000	 20743466.2172069885
   417285.9999999510	  -531375.2138671875	   517200.0000000000	805	1	33	50.750000	 20743196.1608633772
   417286.9999999740	  -534131.4326171875	   514444.0000000000	581	1	33	50.500000	 20742926.4570142925
   417287.9999999960	  -536887.4609375000	   511688.0000000000	552	1	33	50.500000	 20742656.8857872784
   417289.0000000176	  -539642.8974609375	   508933.0000000000	105	1	33	50.500000	 20742386.1907652989
   417290.0000000406	  -542397.6679687500	   506178.0000000000	340	1	33	50.500000	 20742116.5043664053
   417291.0000000633	  -545151.4521484375	   503424.0000000000	561	1	33	50.750000	 20741847.4287258647
   417292.0000000855	  -547904.3583984375	   500671.0000000000	657	1	33	50.750000	 20741578.6253090948
   417292.9999999321	  -550656.5468750000	   497919.0000000000	464	0	33	51.000000	 20741309.8324127048
   417293.9999999529	  -553408.1191406250	   495167.0000000000	902	1	33	51.000000	 20741040.8963745683
   417294.9999999743	  -556159.6904296875	   492416.0000000000	317	1	33	50.750000	 20740773.1713824980
   417295.9999999963	  -558911.3740234375	   489664.0000000000	641	1	33	51.000000	 20740505.1567164063
   417297.0000000196	  -561662.7060546875	   486913.0000000000	301	1	33	51.000000	 20740236.8279457092
   417298.0000000436	  -564413.1240234375	   484162.0000000000	897	1	33	51.250000	 20739969.0122117028
   417299.0000000675	  -567163.1748046875	   481412.0000000000	845	1	33	51.500000	 20739700.8579431809
   417299.9999999163	  -569912.9238281250	   478663.0000000000	78	0	33	51.250000	 20739433.0317891091
   417300.9999999403	  -572662.2666015625	   475913.0000000000	751	1	33	51.250000	 20739165.0729631670
   417301.9999999648	  -575411.5654296875	   473164.0000000000	445	1	33	50.750000	 20738897.3968308866
   417302.9999999889	  -578160.4394531250	   470415.0000000000	574	1	33	50.750000	 20738629.3123632409
   417304.0000000125	  -580909.0126953125	   467666.0000000000	1011	1	33	51.000000	 20738362.2155790180
   417305.0000000343	  -583656.9169921875	   464919.0000000000	85	1	33	50.750000	 20738093.4505528733
   417306.0000000576	  -586404.3681640625	   462171.0000000000	647	1	33	51.250000	 20737825.6766996495
   417307.0000000787	  -589151.5478515625	   459424.0000000000	463	1	33	50.750000	 20737557.2746385857
   417307.9999999264	  -591899.1865234375	   456676.0000000000	833	0	33	51.000000	 20737289.8149397708
   417308.9999999477	  -594645.9453125000	   453930.0000000000	56	1	33	51.000000	 20737020.7672199719
   417309.9999999724	  -597391.4941406250	   451184.0000000000	518	1	33	51.250000	 20736753.4121719711
   417310.9999999962	  -600136.0605468750	   448439.0000000000	962	1	33	51.500000	 20736485.6871792190
   417312.0000000203	  -602880.2412109375	   445695.0000000000	777	1	33	51.250000	 20736217.8888954073
   417313.0000000433	  -605624.0556640625	   442951.0000000000	967	1	33	50.750000	 20735950.6176090054
   417314.0000000675	  -608367.2968750000	   440208.0000000000	720	1	33	51.250000	 20735683.9989610054
   417314.9999999169	  -611110.3398437500	   437465.0000000000	676	0	33	51.500000	 20735418.2075041085
   417315.9999999387	  -613853.3398437500	   434722.0000000000	676	1	33	51.500000	 20735151.4283146597
   417316.9999999590	  -616596.4882812500	   431979.0000000000	524	1	33	51.250000	 20734883.6405020840
   417317.9999999802	  -619339.2285156250	   429236.0000000000	790	1	33	51.250000	 20734615.3815329410
   417319.0000000024	  -622081.5244140625	   426494.0000000000	487	1	33	51.250000	 20734347.8833937161
   417320.0000000243	  -624823.2041015625	   423752.0000000000	815	1	33	51.250000	 20734080.5841872282
   417321.0000000459	  -627563.6298828125	   421012.0000000000	379	1	33	51.500000	 20733813.6095551923
   417322.0000000669	  -630303.2177734375	   418272.0000000000	801	1	33	51.750000	 20733546.6035129130
   417322.9999999132	  -633042.6689453125	   415533.0000000000	339	0	33	51.500000	 20733280.7108455673
   417323.9999999336	  -635781.3134765625	   412794.0000000000	703	1	33	51.000000	 20733014.3888526410
   417324.9999999551	  -638519.2080078125	   410056.0000000000	811	1	33	51.750000	 20732748.2378717102
   417325.9999999758	  -641257.4121093750	   407318.0000000000	602	1	33	51.250000	 20732481.8774881698
   417326.9999999957	  -643996.2031250000	   404579.0000000000	816	1	33	51.250000	 20732214.5224415362
   417328.0000000165	  -646735.2539062500	   401840.0000000000	764	1	33	51.000000	 20731947.7327822186
   417329.0000000389	  -649474.0478515625	   399101.0000000000	975	1	33	51.000000	 20731681.1629953831
   417330.0000000635	  -652212.0820312500	   396363.0000000000	940	1	33	50.750000	 20731415.6506921500
   417331.0000000857	  -654948.4140625000	   393627.0000000000	600	1	33	51.500000	 20731149.8696560003
   417331.9999999317	  -657684.3115234375	   390891.0000000000	705	0	33	51.750000	 20730884.0502796881
   417332.9999999528	  -660419.3964843750	   388156.0000000000	618	1	33	51.250000	 20730618.9218826145
   417333.9999999747	  -663151.0468750000	   385424.0000000000	976	1	33	51.750000	 20730354.0552388020
   417334.9999999923	  -665879.7890625000	   382696.0000000000	216	1	33	52.000000	 20730088.0054703653
   417336.0000000092	  -668607.1494140625	   379968.0000000000	871	1	33	52.000000	 20729822.0673835836
   417337.0000000260	  -671332.6757812500	   377243.0000000000	332	1	33	51.500000	 20729556.5236721672
   417338.0000000425	  -674054.5947265625	   374521.0000000000	415	1	33	51.750000	 20729291.7338109352
   417339.0000000536	  -676773.9746093750	   371802.0000000000	26	1	33	51.500000	 20729025.3210794888
   417340.0000000650	  -679492.2802734375	   369083.0000000000	737	1	33	51.500000	 20728759.0130493157
   417341.0000000770	  -682211.0664062500	   366364.0000000000	956	1	33	50.750000	 20728493.5949809439
   417341.9999999127	  -684930.0107421875	   363645.0000000000	1013	0	33	50.750000	 20728226.1352855451
   417342.9999999258	  -687648.5605468750	   360927.0000000000	450	1	33	50.250000	 20727960.4764036201
   417343.9999999384	  -690367.3847656250	   358208.0000000000	630	1	33	50.500000	 20727695.9657472558
   417344.9999999509	  -693086.5546875000	   355489.0000000000	456	1	33	50.750000	 20727430.6872806251
   417345.9999999650	  -695805.5781250000	   352770.0000000000	432	1	33	50.750000	 20727165.1994107030
   417346.9999999806	  -698523.8896484375	   350052.0000000000	113	1	33	50.750000	 20726900.1477962211
   417347.9999999962	  -701242.3525390625	   347333.0000000000	663	1	33	50.750000	 20726636.2409171164
   417349.0000000102	  -703960.9892578125	   344615.0000000000	11	1	33	50.750000	 20726371.7197902203
   417350.0000000258	  -706679.4501953125	   341896.0000000000	563	1	33	50.500000	 20726107.0974514857
   417351.0000000412	  -709397.1621093750	   339178.0000000000	858	1	33	50.500000	 20725842.3878616951
   417352.0000000561	  -712114.8662109375	   336461.0000000000	137	1	33	50.750000	 20725578.2715799734
   417353.0000000715	  -714831.7587890625	   333744.0000000000	247	1	33	50.500000	 20725314.3298004270
   417353.9999999120	  -717547.9277343750	   331028.0000000000	74	0	33	51.500000	 20725050.8766774796
   417354.9999999271	  -720263.8720703125	   328312.0000000000	131	1	33	51.250000	 20724787.3851141036
   417355.9999999410	  -722979.1376953125	   325596.0000000000	883	1	33	51.250000	 20724523.5270961523
   417356.9999999551	  -725694.0292968750	   322881.0000000000	994	1	33	51.500000	 20724259.7563292906
   417357.9999999695	  -728408.7988281250	   320167.0000000000	206	1	33	51.500000	 20723995.7691794559
   417358.9999999856	  -731123.2666015625	   317452.0000000000	751	1	33	51.250000	 20723731.5726263262
   417360.0000000026	  -733836.9345703125	   314739.0000000000	67	1	33	51.250000	 20723468.3881865144
   417361.0000000184	  -736549.7343750000	   312026.0000000000	272	1	33	51.250000	 20723204.8198418878
   417362.0000000331	  -739262.1523437500	   309313.0000000000	868	1	33	51.500000	 20722940.9199431613
   417363.0000000483	  -741975.0468750000	   306600.0000000000	976	1	33	51.000000	 20722677.7669142708
   417364.0000000633	  -744687.9335937500	   303888.0000000000	68	1	33	51.250000	 20722414.5440845080
   417365.0000000791	  -747400.3359375000	   301175.0000000000	680	1	33	51.500000	 20722151.2619237490
   417365.9999999207	  -750112.7050781250	   298463.0000000000	302	0	33	51.250000	 20721888.2834468633
   417366.9999999357	  -752824.3828125000	   295751.0000000000	632	1	33	51.250000	 20721624.7744332701
   417367.9999999513	  -755534.9453125000	   293041.0000000000	56	1	33	51.500000	 20721361.7261056975
   417368.9999999659	  -758244.7246093750	   290331.0000000000	282	1	33	52.000000	 20721099.2222257368
   417369.9999999791	  -760953.7519531250	   287622.0000000000	254	1	33	51.750000	 20720836.1738988422
   417370.9999999934	  -763661.8857421875	   284914.0000000000	117	1	33	51.750000	 20720573.0104001015
   417372.0000000060	  -766369.1533203125	   282206.0000000000	867	1	33	51.750000	 20720309.3582952693
   417373.0000000204	  -769075.9873046875	   279500.0000000000	13	1	33	51.500000	 20720046.8020646386
   417374.0000000335	  -771782.6835937500	   276793.0000000000	324	1	33	51.500000	 20719784.0224714018
   417375.0000000467	  -774489.5009765625	   274086.0000000000	511	1	33	51.250000	 20719521.3859700598
   417376.0000000604	  -777196.1259765625	   271379.0000000000	895	1	33	51.500000	 20719259.0496125780
   417377.0000000754	  -779901.8593750000	   268674.0000000000	144	1	33	51.500000	 20718997.1320603564
   417378.0000000847	  -782607.4755859375	   265968.0000000000	537	1	33	51.750000	 20718733.1833024956
   417378.9999999232	  -785312.9384765625	   263263.0000000000	63	0	33	51.250000	 20718470.2641572952
   417379.9999999382	  -788017.3417968750	   260558.0000000000	674	1	33	51.500000	 20718208.0604212172
   417380.9999999515	  -790720.9482421875	   257855.0000000000	53	1	33	51.750000	 20717945.7450041510
   417381.9999999647	  -793424.3994140625	   255151.0000000000	615	1	33	51.250000	 20717682.9828611054
   417382.9999999782	  -796127.9384765625	   252448.0000000000	63	1	33	51.000000	 20717420.4336108491
   417383.9999999922	  -798831.1484375000	   249744.0000000000	872	1	33	51.000000	 20717157.0572193190
   417385.0000000077	  -801533.4062500000	   247042.0000000000	608	1	33	51.000000	 20716894.5638092048
   417386.0000000224	  -804233.6875000000	   244342.0000000000	320	1	33	51.250000	 20716633.5257489122
   417387.0000000353	  -806932.8945312500	   241643.0000000000	108	1	33	51.750000	 20716371.8210901581
   417388.0000000485	  -809632.1328125000	   238943.0000000000	888	1	33	51.000000	 20716110.3293241747
   417389.0000000590	  -812331.1982421875	   236244.0000000000	821	1	33	50.500000	 20715848.0522984266
   417390.0000000708	  -815029.1796875000	   233546.0000000000	840	1	33	50.750000	 20715585.9986352846
   417391.0000000828	  -817725.9277343750	   230850.0000000000	74	1	33	51.250000	 20715325.0338667184
   417391.9999999194	  -820421.5957031250	   228154.0000000000	414	0	33	51.500000	 20715063.5421512425
   417392.9999999295	  -823116.6142578125	   225459.0000000000	395	1	33	51.250000	 20714801.1429739520
   417393.9999999413	  -825810.5878906250	   222765.0000000000	422	1	33	51.000000	 20714539.9653125852
   417394.9999999520	  -828503.9775390625	   220072.0000000000	23	1	33	51.500000	 20714279.1715566926
   417395.9999999633	  -831196.4218750000	   217379.0000000000	592	1	33	51.250000	 20714019.1246706657
   417396.9999999740	  -833887.3017578125	   214688.0000000000	715	1	33	51.500000	 20713758.5996483974
   417397.9999999812	  -836577.5107421875	   211998.0000000000	501	1	33	51.500000	 20713497.3312471285
   417398.9999999893	  -839266.9726562500	   209309.0000000000	28	1	33	51.000000	 20713236.3245991208
   417399.9999999982	  -841955.3466796875	   206620.0000000000	669	1	33	51.250000	 20712975.7053460889
   417401.0000000061	  -844641.9785156250	   203934.0000000000	22	1	33	51.500000	 20712714.7894393429
   417402.0000000124	  -847326.2246093750	   201249.0000000000	794	1	33	51.250000	 20712453.6711103730
   417403.0000000174	  -850008.8105468750	   198567.0000000000	194	1	33	51.250000	 20712192.4550604150
   417404.0000000224	  -852690.2998046875	   195885.0000000000	717	1	33	51.000000	 20711931.9370198920
   417405.0000000268	  -855371.8984375000	   193204.0000000000	104	1	33	50.750000	 20711671.5655614287
   417406.0000000318	  -858053.2490234375	   190522.0000000000	769	1	33	50.750000	 20711410.6182451472
   417407.0000000371	  -860733.9873046875	   187842.0000000000	13	1	33	50.750000	 20711150.3479978330
   417408.0000000420	  -863413.7236328125	   185162.0000000000	283	1	33	50.750000	 20710889.9730492122
   417409.0000000463	  -866090.9462890625	   182485.0000000000	55	1	33	51.000000	 20710630.3903414346
   417410.0000000482	  -868765.3144531250	   179810.0000000000	702	1	33	51.250000	 20710370.2527168468
   417411.0000000485	  -871438.4326171875	   177137.0000000000	581	1	33	51.500000	 20710109.9301202446
   417412.0000000484	  -874111.5507812500	   174464.0000000000	460	1	33	50.750000	 20709850.1833815239
   417413.0000000509	  -876784.1484375000	   171791.0000000000	872	1	33	50.750000	 20709590.6495348774
   417414.0000000547	  -879456.0937500000	   169119.0000000000	928	1	33	51.000000	 20709331.7683266662
   417415.0000000578	  -882126.2919921875	   166449.0000000000	725	1	33	51.250000	 20709072.7126162760
   417416.0000000577	  -884795.1074218750	   163780.0000000000	914	1	33	51.500000	 20708812.8227856271
   417417.0000000598	  -887463.5722656250	   161112.0000000000	438	1	33	51.000000	 20708553.7391551808
   417418.0000000591	  -890131.2304687500	   158444.0000000000	788	1	33	50.750000	 20708293.8353644684
   417419.0000000586	  -892796.8554687500	   155779.0000000000	148	1	33	51.250000	 20708034.6644836031
   417420.0000000559	  -895462.0078125000	   153113.0000000000	1016	1	33	51.500000	 20707774.5792110637
   417421.0000000539	  -898127.3359375000	   150448.0000000000	680	1	33	50.750000	 20707515.2757088020
   417422.0000000505	  -900793.1308593750	   147782.0000000000	890	1	33	51.250000	 20707255.9826771095
   417423.0000000498	  -903458.5585937500	   145117.0000000000	452	1	33	51.000000	 20706996.7768958062
   417424.0000000490	  -906123.8007812500	   142452.0000000000	204	1	33	51.000000	 20706737.6793059669
   417425.0000000500	  -908788.5908203125	   139787.0000000000	419	1	33	51.000000	 20706478.9795809761
   417426.0000000516	  -911452.6376953125	   137123.0000000000	371	1	33	51.250000	 20706220.3112662658
   417427.0000000509	  -914115.5341796875	   134460.0000000000	477	1	33	51.250000	 20705961.1054849625
   417428.0000000504	  -916777.0830078125	   131798.0000000000	939	1	33	51.500000	 20705702.5418721922
   417429.0000000495	  -919438.2373046875	   129137.0000000000	781	1	33	51.250000	 20705444.1248415783
   417430.0000000485	  -922098.6386718750	   126477.0000000000	370	1	33	51.000000	 20705185.6903607100
   417431.0000000487	  -924758.7753906250	   123817.0000000000	230	1	33	51.250000	 20704928.1772518903
   417432.0000000466	  -927417.8652343750	   121158.0000000000	138	1	33	51.000000	 20704669.2681249566
   417433.0000000444	  -930076.3007812500	   118499.0000000000	716	1	33	51.250000	 20704410.7708235979
   417434.0000000408	  -932734.5781250000	   115841.0000000000	432	1	33	51.000000	 20704152.2665425576
   417435.0000000385	  -935393.2304687500	   113182.0000000000	788	1	33	50.750000	 20703894.2892582081
   417436.0000000345	  -938051.9218750000	   110524.0000000000	80	1	33	50.750000	 20703634.6786324084
   417437.0000000325	  -940710.3027343750	   107865.0000000000	714	1	33	50.500000	 20703375.0714960955
   417438.0000000345	  -943368.2119140625	   105207.0000000000	807	1	33	50.750000	 20703116.9546086378
   417439.0000000342	  -946025.5166015625	   102550.0000000000	495	1	33	50.750000	 20702858.8726223186
   417440.0000000334	  -948681.8486328125	    99894.0000000000	155	1	33	51.000000	 20702601.3490436636
   417441.0000000307	  -951336.9589843750	    97239.0000000000	42	1	33	51.250000	 20702343.8568759188
   417442.0000000283	  -953991.6298828125	    94584.0000000000	379	1	33	51.250000	 20702086.8463345878
   417443.0000000257	  -956646.2070312500	    91929.0000000000	812	1	33	51.000000	 20701829.7834426053
   417444.0000000241	  -959300.4589843750	    89275.0000000000	554	1	33	51.000000	 20701572.0330111198
   417445.0000000226	  -961954.0400390625	    86621.0000000000	983	1	33	51.000000	 20701314.5862136483
   417446.0000000210	  -964606.3222656250	    83969.0000000000	694	1	33	51.250000	 20701057.4081498571
   417447.0000000181	  -967257.5556640625	    81318.0000000000	455	1	33	51.250000	 20700800.2580067888
   417448.0000000153	  -969907.8759765625	    78668.0000000000	127	1	33	51.250000	 20700544.0013156757
   417449.0000000110	  -972558.5410156250	    76017.0000000000	470	1	33	51.000000	 20700286.4323674142
   417450.0000000075	  -975209.2070312500	    73366.0000000000	812	1	33	51.000000	 20700028.8215383366
   417451.0000000056	  -977859.7841796875	    70716.0000000000	221	1	33	50.750000	 20699772.2716830149
   417452.0000000026	  -980510.0205078125	    68065.0000000000	1003	1	33	50.750000	 20699515.5159153044
   417453.0000000001	  -983159.6962890625	    65416.0000000000	311	1	33	50.750000	 20699258.6135654710
   417453.9999999976	  -985808.5390625000	    62767.0000000000	472	1	33	50.750000	 20699002.0148496926
   417454.9999999938	  -988456.5371093750	    60119.0000000000	474	1	33	51.250000	 20698745.3358631916
   417455.9999999900	  -991104.2451171875	    57471.0000000000	773	1	33	51.000000	 20698488.2101507112
   417456.9999999867	  -993751.1240234375	    54824.0000000000	897	1	33	50.500000	 20698231.0634978302
   417457.9999999842	  -996397.1591796875	    52178.0000000000	861	1	33	51.000000	 20697974.8940578252
   417458.9999999801	  -999042.9892578125	    49533.0000000000	11	1	33	51.000000	 20697718.2534619421
   417459.9999999763	 -1001688.9013671875	    46887.0000000000	101	1	33	50.750000	 20697462.3981265388
   417460.9999999729	 -1004334.3886718750	    44241.0000000000	626	1	33	50.750000	 20697206.1100251861
   417461.9999999694	 -1006980.0800781250	    41595.0000000000	942	1	33	50.500000	 20696949.6613816954
   417462.9999999675	 -1009625.6298828125	    38950.0000000000	379	1	33	50.750000	 20696693.6489936523
   417463.9999999646	 -1012270.0625000000	    36305.0000000000	960	1	33	50.750000	 20696437.0886684991
   417464.9999999619	 -1014913.9316406250	    33662.0000000000	70	1	33	51.000000	 20696181.1356114633
   417465.9999999586	 -1017557.5839843750	    31018.0000000000	426	1	33	50.500000	 20695925.1685943976
   417466.9999999551	 -1020200.9599609375	    28375.0000000000	41	1	33	50.500000	 20695668.9886845313
   417467.9999999523	 -1022843.9033203125	    25732.0000000000	99	1	33	50.750000	 20695413.1438189894
   417468.9999999501	 -1025486.8320312500	    23089.0000000000	172	1	33	50.500000	 20695157.3652641326
   417469.9999999485	 -1028129.2060546875	    20446.0000000000	813	1	33	50.500000	 20694902.0299450792
   417470.9999999464	 -1030770.3525390625	    17805.0000000000	663	1	33	51.000000	 20694646.9843000509
   417471.9999999423	 -1033411.5703125000	    15164.0000000000	440	1	33	51.000000	 20694391.6140812449
   417472.9999999384	 -1036052.0820312500	    12523.0000000000	940	1	33	50.750000	 20694136.4567552358
   417473.9999999370	 -1038691.6572265625	     9884.0000000000	351	1	33	51.250000	 20693882.0497885868
   417474.9999999334	 -1041331.0214843750	     7244.0000000000	1002	1	33	51.250000	 20693627.1402558051
   417475.9999999305	 -1043969.6337890625	     4606.0000000000	375	1	33	50.750000	 20693372.1364915706
   417476.9999999264	 -1046607.8984375000	     1968.0000000000	104	1	33	51.000000	 20693117.6248243004
   417477.9999999221	 -1049245.8984375000	  1047906.0000000000	104	1	33	51.000000	 20692862.6315306053
   417478.9999999172	 -1051883.6533203125	  1045268.0000000000	355	1	33	51.000000	 20692607.4811849594
   417479.9999999136	 -1054520.8955078125	  1042631.0000000000	107	1	33	50.750000	 20692352.4111100323
   417481.0000000852	 -1057157.2587890625	  1039994.0000000000	759	2	33	51.000000	 20692097.3340049423
   417482.0000000816	 -1059793.5546875000	  1037358.0000000000	456	1	33	51.000000	 20691842.7106560133
   417483.0000000774	 -1062429.6982421875	  1034722.0000000000	309	1	33	51.000000	 20691589.1831819825
   417484.0000000725	 -1065065.3173828125	  1032086.0000000000	699	1	33	51.000000	 20691334.4446618780
   417485.0000000683	 -1067700.3193359375	  1029451.0000000000	697	1	33	51.250000	 20691079.7550022379
   417486.0000000636	 -1070334.5585937500	  1026817.0000000000	452	1	33	51.250000	 20690825.6412004828
   417487.0000000597	 -1072967.9570312500	  1024184.0000000000	44	1	33	51.500000	 20690571.5029681288
   417488.0000000556	 -1075600.7871093750	  1021551.0000000000	218	1	33	51.500000	 20690317.5811187699
   417489.0000000520	 -1078232.8027343750	  1018919.0000000000	202	1	33	51.000000	 20690062.9403195903
   417490.0000000488	 -1080864.0253906250	  1016287.0000000000	998	1	33	51.000000	 20689808.9940396659
   417491.0000000432	 -1083494.9365234375	  1013657.0000000000	65	1	33	50.750000	 20689554.0461169519
   417492.0000000369	 -1086124.4648437500	  1011027.0000000000	548	1	33	50.500000	 20689299.5868009962
   417493.0000000310	 -1088752.6425781250	  1008399.0000000000	366	1	33	51.250000	 20689045.9825464115
   417494.0000000232	 -1091379.7031250000	  1005772.0000000000	304	1	33	51.000000	 20688791.8024346381
   417495.0000000152	 -1094005.9960937500	  1003146.0000000000	4	1	33	50.750000	 20688537.1232462339
   417496.0000000083	 -1096631.0625000000	  1000520.0000000000	960	1	33	50.750000	 20688283.2048877291
   417497.0000000014	 -1099255.6289062500	   997896.0000000000	380	1	33	50.750000	 20688029.7332552075
   417497.9999999941	 -1101879.9277343750	   995272.0000000000	74	1	33	50.250000	 20687776.2825630903
   417498.9999999861	 -1104503.2822265625	   992648.0000000000	735	1	33	50.250000	 20687522.7481100559
   417499.9999999790	 -1107124.4335937500	   990027.0000000000	580	1	33	51.000000	 20687269.9221362732
   417500.9999999687	 -1109744.1279296875	   987407.0000000000	893	1	33	51.000000	 20687017.1554941870
   417501.9999999593	 -1112362.3642578125	   984789.0000000000	651	1	33	51.000000	 20686764.9018887728
   417502.9999999475	 -1114979.3291015625	   982172.0000000000	687	1	33	51.000000	 20686512.1108167917
   417503.9999999366	 -1117594.8730468750	   979557.0000000000	130	1	33	51.250000	 20686259.4209559374
   417504.9999999241	 -1120209.7226562500	   976942.0000000000	284	1	33	51.000000	 20686006.1342974938
   417505.9999999126	 -1122824.3447265625	   974327.0000000000	671	1	33	50.750000	 20685753.8423021510
   417507.0000000760	 -1125438.5322265625	   971713.0000000000	479	2	33	50.500000	 20685501.6340178922
   417508.0000000647	 -1128052.3896484375	   969099.0000000000	625	1	33	50.500000	 20685248.6963638328
   417509.0000000540	 -1130665.0410156250	   966486.0000000000	982	1	33	50.750000	 20684996.3450374641
   417510.0000000417	 -1133277.5458984375	   963874.0000000000	465	1	33	51.000000	 20684744.4160071760
   417511.0000000276	 -1135889.7529296875	   961262.0000000000	253	1	33	50.500000	 20684491.1956601106
   417512.0000000159	 -1138501.7910156250	   958650.0000000000	214	1	33	50.750000	 20684238.8513141200
   417513.0000000031	 -1141113.3427734375	   956038.0000000000	673	1	33	50.750000	 20683986.4790480435
   417513.9999999914	 -1143724.0751953125	   953427.0000000000	947	1	33	51.000000	 20683734.2603437528
   417514.9999999796	 -1146333.6191406250	   950818.0000000000	390	1	33	51.250000	 20683482.3278232999
   417515.9999999681	 -1148942.2558593750	   948209.0000000000	762	1	33	51.250000	 20683230.7512875646
   417516.9999999551	 -1151549.5126953125	   945602.0000000000	499	1	33	51.250000	 20682978.5779542439
   417517.9999999413	 -1154155.7783203125	   942996.0000000000	227	1	33	51.500000	 20682726.7675860003
   417518.9999999263	 -1156759.9589843750	   940392.0000000000	42	1	33	51.500000	 20682474.7164048851
   417520.0000000855	 -1159361.4609375000	   937790.0000000000	552	2	33	51.750000	 20682222.8082658723
   417521.0000000685	 -1161961.0742187500	   935190.0000000000	948	1	33	51.750000	 20681971.4516046755
   417522.0000000503	 -1164559.8525390625	   932592.0000000000	151	1	33	51.750000	 20681719.3166633323
   417523.0000000310	 -1167159.6337890625	   929992.0000000000	375	1	33	51.250000	 20681467.2619933933
   417524.0000000139	 -1169759.0292968750	   927392.0000000000	994	1	33	51.250000	 20681215.4411559664
   417524.9999999972	 -1172358.2490234375	   924793.0000000000	769	1	33	51.000000	 20680964.3148377687
   417525.9999999802	 -1174956.9082031250	   922195.0000000000	94	1	33	51.000000	 20680712.3683586456
   417526.9999999642	 -1177555.3164062500	   919596.0000000000	700	1	33	51.000000	 20680461.4688932672
   417527.9999999473	 -1180153.0576171875	   916998.0000000000	965	1	33	51.000000	 20680210.1471324898
   417528.9999999311	 -1182750.4453125000	   914401.0000000000	568	1	33	51.250000	 20679959.3035079427
   417529.9999999137	 -1185347.3144531250	   911804.0000000000	702	1	33	51.000000	 20679708.1283292621
   417531.0000000735	 -1187943.3378906250	   909208.0000000000	678	2	33	51.250000	 20679457.6650695130
   417532.0000000575	 -1190539.2197265625	   906612.0000000000	799	1	33	51.000000	 20679206.6050619893
   417533.0000000424	 -1193134.9677734375	   904017.0000000000	33	1	33	50.750000	 20678956.2535337396
   417534.0000000270	 -1195730.0107421875	   901421.0000000000	1013	1	33	51.000000	 20678706.0834880173
   417535.0000000115	 -1198324.1972656250	   898827.0000000000	822	1	33	51.500000	 20678455.7529001422
   417535.9999999955	 -1200917.7451171875	   896234.0000000000	261	1	33	51.250000	 20678205.1396185979
   417536.9999999804	 -1203510.7802734375	   893641.0000000000	225	1	33	51.250000	 20677955.0568239577
   417537.9999999633	 -1206103.5048828125	   891048.0000000000	507	1	33	51.000000	 20677704.5412640534
   417538.9999999468	 -1208695.6425781250	   888456.0000000000	366	1	33	50.750000	 20677454.3258480281
   417539.9999999292	 -1211287.2128906250	   885864.0000000000	806	1	33	51.000000	 20677204.2256038524
   417541.0000000860	 -1213878.2910156250	   883273.0000000000	726	2	33	50.750000	 20676953.8740264513
   417542.0000000673	 -1216469.5839843750	   880682.0000000000	426	1	33	50.750000	 20676703.0129523650
   417543.0000000485	 -1219060.4638671875	   878091.0000000000	549	1	33	50.750000	 20676451.8482442275
   417544.0000000307	 -1221650.9521484375	   875501.0000000000	49	1	33	51.000000	 20676201.8038408868
   417545.0000000138	 -1224241.2285156250	   872910.0000000000	790	1	33	51.000000	 20675952.7715508714
   417545.9999999971	 -1226831.6074218750	   870320.0000000000	402	1	33	51.000000	 20675703.7916114777
   417546.9999999789	 -1229422.0791015625	   867729.0000000000	943	1	33	51.000000	 20675454.7872422040
   417547.9999999616	 -1232012.5703125000	   865139.0000000000	440	1	33	51.000000	 20675204.9347912557
   417548.9999999460	 -1234602.9365234375	   862549.0000000000	65	1	33	50.750000	 20674955.1242204197
   417549.9999999311	 -1237193.0859375000	   859958.0000000000	936	1	33	51.000000	 20674705.9872284010
   417550.9999999152	 -1239782.9423828125	   857369.0000000000	59	1	33	51.000000	 20674456.5361324586
   417552.0000000747	 -1242371.8818359375	   854780.0000000000	121	2	33	51.250000	 20674207.9889085367
   417553.0000000579	 -1244960.9658203125	   852191.0000000000	35	1	33	51.500000	 20673959.1346108541
   417554.0000000416	 -1247550.2109375000	   849601.0000000000	808	1	33	51.250000	 20673710.9748323932
   417555.0000000249	 -1250139.1201171875	   847012.0000000000	901	1	33	51.500000	 20673461.4399755523
   417556.0000000106	 -1252727.6621093750	   844424.0000000000	346	1	33	51.250000	 20673212.3169435598
   417556.9999999956	 -1255315.5810546875	   841836.0000000000	429	1	33	51.250000	 20672963.0019591823
   417557.9999999793	 -1257903.3642578125	   839248.0000000000	651	1	33	51.000000	 20672713.7148955613
   417558.9999999623	 -1260491.0595703125	   836660.0000000000	963	1	33	50.750000	 20672463.9147952683
   417559.9999999468	 -1263077.6328125000	   834074.0000000000	376	1	33	50.750000	 20672214.5858508497
   417560.9999999299	 -1265663.7412109375	   831488.0000000000	265	1	33	50.750000	 20671964.9637429155
   417561.9999999134	 -1268250.5566406250	   828901.0000000000	454	1	33	50.500000	 20671716.3397882506
   417563.0000000721	 -1270837.3994140625	   826314.0000000000	615	2	33	51.000000	 20671466.7246101648
   417564.0000000572	 -1273424.0820312500	   823727.0000000000	940	1	33	50.500000	 20671217.9819935039
   417565.0000000436	 -1276010.0634765625	   821141.0000000000	959	1	33	50.500000	 20670969.5150901042
   417566.0000000303	 -1278595.6279296875	   818556.0000000000	381	1	33	50.500000	 20670720.7061620317
   417567.0000000162	 -1281181.1728515625	   815970.0000000000	847	1	33	50.250000	 20670472.7976662964
   417568.0000000022	 -1283766.6035156250	   813385.0000000000	406	1	33	50.500000	 20670224.8891705610
   417568.9999999882	 -1286352.1250000000	   810799.0000000000	896	1	33	50.500000	 20669976.7293914184
   417569.9999999742	 -1288936.6083984375	   808215.0000000000	401	1	33	50.250000	 20669728.2659782097
   417570.9999999608	 -1291520.6972656250	   805631.0000000000	310	1	33	50.500000	 20669480.8705191463
   417571.9999999473	 -1294104.6562500000	   803047.0000000000	352	1	33	50.000000	 20669232.9934336692
   417572.9999999350	 -1296688.3603515625	   800463.0000000000	655	1	33	50.000000	 20668986.0551704466
   417573.9999999214	 -1299271.9267578125	   797880.0000000000	75	1	33	50.000000	 20668738.5550100766
   417575.0000000835	 -1301854.1806640625	   795297.0000000000	839	2	33	50.250000	 20668491.5434059873
   417576.0000000691	 -1304434.6650390625	   792717.0000000000	343	1	33	51.000000	 20668244.5318524055
   417577.0000000540	 -1307012.5771484375	   790139.0000000000	433	1	33	51.250000	 20667997.1852544956
   417578.0000000361	 -1309588.9267578125	   787563.0000000000	75	1	33	51.000000	 20667750.2714232020
   417579.0000000179	 -1312162.3642578125	   784989.0000000000	651	1	33	51.250000	 20667503.8427085504
   417579.9999999949	 -1314732.6630859375	   782419.0000000000	345	1	33	51.250000	 20667255.5712504573
   417580.9999999714	 -1317301.1962890625	   779850.0000000000	823	1	33	51.250000	 20667007.8407498077
   417581.9999999473	 -1319868.9169921875	   777283.0000000000	85	1	33	51.000000	 20666760.2219308205
   417582.9999999235	 -1322435.5527343750	   774716.0000000000	458	1	33	50.750000	 20666513.4058225378
   417584.0000000756	 -1325000.6826171875	   772151.0000000000	325	2	33	51.000000	 20666266.9351786114
   417585.0000000508	 -1327565.5468750000	   769586.0000000000	464	1	33	51.000000	 20666019.2500489466
   417586.0000000275	 -1330129.9785156250	   767022.0000000000	22	1	33	50.750000	 20665772.4479007050
   417587.0000000033	 -1332694.0126953125	   764457.0000000000	1011	1	33	50.500000	 20665524.8116315044
   417587.9999999804	 -1335257.5693359375	   761894.0000000000	441	1	33	50.750000	 20665277.9885428473
   417588.9999999568	 -1337820.2705078125	   759331.0000000000	747	1	33	50.750000	 20665031.0816932917
   417589.9999999336	 -1340382.0927734375	   756769.0000000000	929	1	33	51.000000	 20664784.5831791013
   417591.0000000848	 -1342942.7695312500	   754209.0000000000	236	2	33	50.750000	 20664537.8507819176
   417592.0000000607	 -1345502.7607421875	   751649.0000000000	245	1	33	51.000000	 20664292.2527000681
   417593.0000000353	 -1348061.9003906250	   749090.0000000000	102	1	33	50.750000	 20664045.6634452939
   417594.0000000101	 -1350620.2539062500	   746531.0000000000	764	1	33	50.750000	 20663799.7338093035
   417594.9999999845	 -1353178.2490234375	   743973.0000000000	769	1	33	50.500000	 20663553.5214796290
   417595.9999999588	 -1355734.7568359375	   741417.0000000000	249	1	33	50.750000	 20663307.4173414521
   417596.9999999314	 -1358289.7558593750	   738862.0000000000	250	1	33	51.250000	 20663060.8071469665
   417598.0000000792	 -1360843.8564453125	   736308.0000000000	147	2	33	51.000000	 20662814.6366482861
   417599.0000000537	 -1363396.8789062500	   733755.0000000000	124	1	33	51.000000	 20662569.6214046665
   417600.0000000263	 -1365948.7246093750	   731203.0000000000	282	1	33	51.250000	 20662323.8697617091
   417600.9999999985	 -1368498.7294921875	   728653.0000000000	277	1	33	51.000000	 20662078.5857851319
   417601.9999999690	 -1371047.0400390625	   726104.0000000000	983	1	33	51.250000	 20661833.2075777911
   417602.9999999384	 -1373594.8398437500	   723557.0000000000	164	1	33	50.750000	 20661587.9096418582
   417604.0000000845	 -1376142.0136718750	   721009.0000000000	1010	2	33	50.500000	 20661342.6814563200
   417605.0000000561	 -1378689.3378906250	   718462.0000000000	678	1	33	50.500000	 20661098.2071707807
   417606.0000000262	 -1381235.8906250000	   715916.0000000000	112	1	33	50.750000	 20660852.9929957800
   417606.9999999962	 -1383781.1601562500	   713370.0000000000	860	1	33	51.000000	 20660607.7613705285
   417607.9999999664	 -1386325.6396484375	   710826.0000000000	369	1	33	51.000000	 20660362.8508295640
   417608.9999999359	 -1388869.9052734375	   708282.0000000000	97	1	33	50.750000	 20660117.7483362108
   417610.0000000820	 -1391412.9228515625	   705739.0000000000	79	2	33	50.750000	 20659873.3787021786
   417611.0000000510	 -1393955.3291015625	   703196.0000000000	687	1	33	51.000000	 20659628.4053407349
   417612.0000000200	 -1396497.0742187500	   700654.0000000000	948	1	33	50.750000	 20659383.8612550236
   417612.9999999900	 -1399038.3251953125	   698113.0000000000	691	1	33	50.750000	 20659139.3625396006
   417613.9999999602	 -1401579.5468750000	   695572.0000000000	464	1	33	50.750000	 20658895.5967340209
   417614.9999999280	 -1404120.9033203125	   693031.0000000000	99	1	33	50.750000	 20658650.1312762722
   417616.0000000722	 -1406661.5800781250	   690490.0000000000	430	2	33	50.500000	 20658404.8996012211
   417617.0000000427	 -1409201.8603515625	   687950.0000000000	143	1	33	50.500000	 20658160.0763113573
   417618.0000000137	 -1411741.9990234375	   685410.0000000000	1	1	33	50.500000	 20657916.4291670993
   417618.9999999818	 -1414282.6591796875	   682869.0000000000	349	1	33	50.500000	 20657671.9269621968
   417619.9999999506	 -1416823.4511718750	   680328.0000000000	562	1	33	50.500000	 20657427.4561675414
   417620.9999999206	 -1419364.1494140625	   677787.0000000000	871	1	33	50.500000	 20657182.6538180672
   417622.0000000664	 -1421904.4863281250	   675247.0000000000	526	2	33	50.000000	 20656938.0189406127
   417623.0000000374	 -1424444.5957031250	   672707.0000000000	414	1	33	50.250000	 20656693.9425205924
   417624.0000000086	 -1426984.3720703125	   670167.0000000000	643	1	33	50.500000	 20656449.9359014742
   417624.9999999799	 -1429523.3466796875	   667628.0000000000	669	1	33	50.500000	 20656206.5016500130
   417625.9999999513	 -1432061.5654296875	   665090.0000000000	445	1	33	50.750000	 20655962.8510155939
   417626.9999999218	 -1434599.1035156250	   662552.0000000000	918	1	33	50.250000	 20655719.3155530207
   417628.0000000678	 -1437134.9208984375	   660017.0000000000	81	2	33	50.500000	 20655476.7537633255
   417629.0000000368	 -1439669.3095703125	   657482.0000000000	707	1	33	51.000000	 20655233.5324053690
   417630.0000000051	 -1442203.3134765625	   654948.0000000000	703	1	33	51.000000	 20654990.0492941141
   417630.9999999721	 -1444737.2636718750	   652414.0000000000	754	1	33	50.500000	 20654745.4842686988
   417631.9999999393	 -1447271.2949218750	   649880.0000000000	722	1	33	50.250000	 20654501.1321360655
   417633.0000000834	 -1449804.5292968750	   647347.0000000000	482	2	33	50.250000	 20654257.9944891930
   417634.0000000531	 -1452337.3779296875	   644814.0000000000	637	1	33	50.750000	 20654015.1081755310
   417635.0000000215	 -1454869.8750000000	   642282.0000000000	128	1	33	50.500000	 20653771.8379570767
   417635.9999999907	 -1457401.7011718750	   639750.0000000000	306	1	33	50.750000	 20653529.0633251071
   417636.9999999591	 -1459933.2441406250	   637218.0000000000	774	1	33	51.000000	 20653286.4911160506
   417637.9999999279	 -1462464.8769531250	   634687.0000000000	126	1	33	50.750000	 20653044.4703342840
   417639.0000000718	 -1464996.4628906250	   632155.0000000000	550	2	33	50.750000	 20652802.4250721224
   417640.0000000409	 -1467528.5078125000	   629623.0000000000	504	1	33	51.000000	 20652560.3484495543
   417641.0000000108	 -1470060.4765625000	   627091.0000000000	536	1	33	51.000000	 20652317.3713946119
   417641.9999999817	 -1472592.2197265625	   624559.0000000000	799	1	33	50.750000	 20652074.2791678421
   417642.9999999524	 -1475123.6416015625	   622028.0000000000	367	1	33	50.750000	 20651831.2602321208
   417643.9999999239	 -1477654.6367187500	   619497.0000000000	372	1	33	51.000000	 20651589.1836088449
   417645.0000000702	 -1480185.1865234375	   616966.0000000000	833	2	33	51.000000	 20651347.8538056202
   417646.0000000400	 -1482715.8378906250	   614436.0000000000	166	1	33	51.000000	 20651105.1454843245
   417647.0000000104	 -1485246.2656250000	   611905.0000000000	752	1	33	51.000000	 20650863.0234907530
   417647.9999999804	 -1487776.5146484375	   609375.0000000000	497	1	33	51.000000	 20650620.5106120259
   417648.9999999519	 -1490306.4970703125	   606845.0000000000	515	1	33	51.250000	 20650378.2734466046
   417649.9999999230	 -1492836.7373046875	   604315.0000000000	269	1	33	51.000000	 20650136.3957560807
   417651.0000000684	 -1495367.0654296875	   601784.0000000000	957	2	33	51.250000	 20649893.7851059064
   417652.0000000395	 -1497898.1787109375	   599253.0000000000	841	1	33	51.000000	 20649651.3175975047
   417653.0000000118	 -1500429.6142578125	   596722.0000000000	395	1	33	51.000000	 20649410.0401947312
   417653.9999999853	 -1502961.0273437500	   594190.0000000000	996	1	33	51.000000	 20649168.5743290670
   417654.9999999597	 -1505492.1250000000	   591659.0000000000	896	1	33	51.000000	 20648927.5307588167
   417655.9999999341	 -1508022.5976562500	   589129.0000000000	412	1	33	51.250000	 20648686.1661042869
   417657.0000000822	 -1510552.6318359375	   586599.0000000000	377	2	33	51.500000	 20648444.8223403469
   417658.0000000541	 -1513083.2285156250	   584068.0000000000	790	1	33	51.000000	 20648203.4576864839
   417659.0000000271	 -1515614.0439453125	   581537.0000000000	979	1	33	51.250000	 20647962.8364123367
   417660.0000000015	 -1518144.6210937500	   579007.0000000000	388	1	33	51.250000	 20647721.6322999224
   417660.9999999768	 -1520675.1083984375	   576476.0000000000	913	1	33	51.250000	 20647481.6915842593
   417661.9999999520	 -1523205.2041015625	   573946.0000000000	815	1	33	51.500000	 20647241.0354089774
   417662.9999999281	 -1525735.4121093750	   571416.0000000000	602	1	33	51.500000	 20647001.6251801997
   417664.0000000767	 -1528265.5791015625	   568886.0000000000	431	2	33	51.500000	 20646761.2795695253
   417665.0000000509	 -1530796.0996093750	   566355.0000000000	922	1	33	51.250000	 20646520.8816580214
   417666.0000000269	 -1533326.8183593750	   563825.0000000000	186	1	33	51.250000	 20646280.2917934172
   417667.0000000026	 -1535857.5917968750	   561294.0000000000	418	1	33	51.250000	 20646038.6130342707
   417667.9999999787	 -1538388.7470703125	   558763.0000000000	259	1	33	51.000000	 20645797.2169688158
   417668.9999999556	 -1540919.8984375000	   556232.0000000000	104	1	33	51.250000	 20645555.7615723312
   417669.9999999337	 -1543450.9667968750	   553701.0000000000	34	1	33	50.750000	 20645315.3880900331
   417671.0000000863	 -1545981.9023437500	   551170.0000000000	100	2	33	50.750000	 20645074.9412668571
   417672.0000000637	 -1548513.1816406250	   548638.0000000000	838	1	33	50.750000	 20644834.5014738664
   417673.0000000414	 -1551044.3925781250	   546107.0000000000	622	1	33	50.750000	 20644593.5940144919
   417674.0000000200	 -1553575.4414062500	   543576.0000000000	572	1	33	50.750000	 20644353.0564998761
   417674.9999999988	 -1556106.3017578125	   541045.0000000000	715	1	33	50.750000	 20644112.3200525083
   417675.9999999775	 -1558636.8642578125	   538515.0000000000	139	1	33	50.500000	 20643872.1385225989
   417676.9999999566	 -1561166.8076171875	   535985.0000000000	197	1	33	50.750000	 20643632.4909697697
   417677.9999999349	 -1563696.5195312500	   533455.0000000000	492	1	33	50.750000	 20643392.5991138853
   417678.9999999130	 -1566226.2548828125	   530925.0000000000	763	1	33	50.500000	 20643152.6549073495
   417680.0000000663	 -1568755.7324218750	   528396.0000000000	274	2	33	50.250000	 20642912.7036706433
   417681.0000000443	 -1571285.3994140625	   525866.0000000000	615	1	33	50.250000	 20642672.2952878997
   417682.0000000231	 -1573815.0322265625	   523336.0000000000	991	1	33	50.250000	 20642432.2743001357
   417683.0000000023	 -1576344.5654296875	   520807.0000000000	445	1	33	50.500000	 20642193.0734733082
   417683.9999999806	 -1578874.6796875000	   518277.0000000000	328	1	33	50.500000	 20641953.9145272374
   417684.9999999589	 -1581404.5175781250	   515747.0000000000	494	1	33	50.750000	 20641714.4519471228
   417685.9999999392	 -1583932.8593750000	   513219.0000000000	144	1	33	51.000000	 20641476.1724923141
   417686.9999999189	 -1586460.5351562500	   510691.0000000000	476	1	33	51.250000	 20641237.8267268166
   417688.0000000719	 -1588988.4794921875	   508163.0000000000	533	2	33	50.750000	 20640998.5385990739
   417689.0000000502	 -1591517.1728515625	   505634.0000000000	847	1	33	51.000000	 20640759.3447525911
   417690.0000000292	 -1594046.0400390625	   503105.0000000000	983	1	33	51.000000	 20640520.3777589053
   417691.0000000092	 -1596574.8945312500	   500577.0000000000	108	1	33	50.750000	 20640281.2955934107
   417691.9999999906	 -1599103.5078125000	   498048.0000000000	504	1	33	50.750000	 20640042.4716909900
   417692.9999999721	 -1601631.8398437500	   495520.0000000000	164	1	33	50.500000	 20639803.8432311453
   417693.9999999535	 -1604159.9443359375	   492992.0000000000	57	1	33	50.750000	 20639564.8762368038
   417694.9999999352	 -1606687.6064453125	   490464.0000000000	403	1	33	50.500000	 20639325.7277599238
   417695.9999999178	 -1609213.9189453125	   487938.0000000000	83	1	33	50.750000	 20639087.8426797614
   417697.0000000739	 -1611738.3603515625	   485413.0000000000	655	2	33	51.250000	 20638849.7306969650
   417698.0000000534	 -1614261.3798828125	   482890.0000000000	635	1	33	51.500000	 20638611.9223987274
   417699.0000000315	 -1616783.5302734375	   480368.0000000000	481	1	33	51.500000	 20638373.7127454504
   417700.0000000100	 -1619305.8417968750	   477846.0000000000	162	1	33	51.000000	 20638136.0021688417
   417700.9999999887	 -1621828.1103515625	   475323.0000000000	911	1	33	51.000000	 20637897.9670177698
   417701.9999999687	 -1624350.1533203125	   472801.0000000000	867	1	33	50.750000	 20637660.1552293412
   417702.9999999483	 -1626872.0566406250	   470279.0000000000	966	1	33	50.750000	 20637422.2387396097
   417703.9999999282	 -1629393.9902343750	   467758.0000000000	10	1	33	51.000000	 20637184.5351426676
   417705.0000000832	 -1631915.7832031250	   465236.0000000000	222	2	33	51.000000	 20636946.9850577004
   417706.0000000633	 -1634437.2285156250	   462714.0000000000	790	1	33	51.000000	 20636708.9219858758
   417707.0000000442	 -1636958.1562500000	   460193.0000000000	864	1	33	51.000000	 20636471.3719507158
   417708.0000000249	 -1639478.1875000000	   457673.0000000000	832	1	33	51.000000	 20636234.4850244969
   417709.0000000049	 -1641997.0673828125	   455154.0000000000	955	1	33	51.250000	 20635997.4235961325
   417709.9999999837	 -1644516.3759765625	   452635.0000000000	639	1	33	51.000000	 20635759.5315369628
   417710.9999999626	 -1647035.6923828125	   450116.0000000000	315	1	33	51.000000	 20635521.9780123048
   417711.9999999419	 -1649554.7724609375	   447597.0000000000	233	1	33	50.500000	 20635284.6722808741
   417712.9999999212	 -1652073.8066406250	   445078.0000000000	198	1	33	50.750000	 20635048.0820090547
   417714.0000000758	 -1654592.5917968750	   442559.0000000000	418	2	33	50.750000	 20634811.1252321638
   417715.0000000551	 -1657111.3349609375	   440040.0000000000	681	1	33	50.500000	 20634573.8020505309
   417716.0000000346	 -1659629.8583984375	   437522.0000000000	145	1	33	50.750000	 20634336.5835701749
   417717.0000000146	 -1662148.2099609375	   435003.0000000000	809	1	33	50.500000	 20634099.3266992234
   417717.9999999952	 -1664666.3457031250	   432485.0000000000	670	1	33	50.500000	 20633861.7068631947
   417718.9999999753	 -1667184.9326171875	   429967.0000000000	69	1	33	50.500000	 20633624.7885267362
   417719.9999999554	 -1669703.7988281250	   427448.0000000000	206	1	33	50.500000	 20633387.7270983532
   417720.9999999367	 -1672222.4648437500	   424929.0000000000	548	1	33	50.250000	 20633150.1910232306
   417721.9999999186	 -1674741.1445312500	   422410.0000000000	876	1	33	50.250000	 20632913.8136435226
   417723.0000000754	 -1677259.5009765625	   419892.0000000000	511	2	33	50.250000	 20632677.3594327532
   417724.0000000578	 -1679778.1171875000	   417373.0000000000	904	1	33	50.000000	 20632440.9785628840
   417725.0000000414	 -1682296.6201171875	   414855.0000000000	389	1	33	50.000000	 20632204.5523220040
   417726.0000000249	 -1684815.0800781250	   412336.0000000000	942	1	33	49.750000	 20631967.7700964250
   417727.0000000087	 -1687333.5380859375	   409818.0000000000	473	1	33	49.750000	 20631731.6823900640
   417727.9999999926	 -1689852.0791015625	   407299.0000000000	943	1	33	49.750000	 20631495.2003083713
   417728.9999999767	 -1692370.6035156250	   404781.0000000000	406	1	33	49.750000	 20631259.3254947960
   417729.9999999619	 -1694889.2705078125	   402262.0000000000	747	1	33	49.750000	 20631024.2464115620
   417730.9999999458	 -1697407.6757812500	   399744.0000000000	332	1	33	50.000000	 20630788.7485230938
   417731.9999999310	 -1699925.8222656250	   397226.0000000000	182	1	33	50.000000	 20630553.2052636556
   417732.9999999165	 -1702443.7011718750	   394708.0000000000	306	1	33	49.750000	 20630317.9272476658
   417734.0000000767	 -1704961.5107421875	   392190.0000000000	501	2	33	49.750000	 20630083.1831589378
   417735.0000000603	 -1707479.7011718750	   389672.0000000000	306	1	33	50.000000	 20629847.0431019217
   417736.0000000452	 -1709997.6796875000	   387154.0000000000	328	1	33	49.750000	 20629611.0007658340
   417737.0000000313	 -1712515.2763671875	   384636.0000000000	741	1	33	49.750000	 20629375.5936179645
   417738.0000000177	 -1715032.6513671875	   382119.0000000000	357	1	33	49.750000	 20629140.2737211846
   417739.0000000041	 -1717550.0156250000	   379601.0000000000	1008	1	33	49.750000	 20628905.2400082350
   417739.9999999895	 -1720067.7011718750	   377084.0000000000	306	1	33	49.750000	 20628669.9096415900
   417740.9999999764	 -1722585.7998046875	   374566.0000000000	205	1	33	50.000000	 20628435.4797065891
   417741.9999999645	 -1725104.1513671875	   372047.0000000000	869	1	33	49.750000	 20628201.5244176462
   417742.9999999523	 -1727622.7207031250	   369529.0000000000	286	1	33	49.750000	 20627966.7838682272
   417743.9999999403	 -1730141.2314453125	   367010.0000000000	787	1	33	49.750000	 20627731.3802098483
   417744.9999999295	 -1732659.4775390625	   364492.0000000000	535	1	33	49.500000	 20627496.3081056066
   417745.9999999190	 -1735177.2128906250	   361974.0000000000	806	1	33	49.500000	 20627261.3581528887
   417747.0000000835	 -1737694.5625000000	   359457.0000000000	448	2	33	49.500000	 20627027.3504628018
   417748.0000000710	 -1740212.1787109375	   356939.0000000000	841	1	33	49.500000	 20626793.3812138364
   417749.0000000588	 -1742729.7968750000	   354422.0000000000	208	1	33	49.500000	 20626559.3386738040
   417750.0000000464	 -1745247.3935546875	   351904.0000000000	621	1	33	49.250000	 20626324.4026817828
   417751.0000000356	 -1747765.0537109375	   349386.0000000000	969	1	33	49.250000	 20626090.0634873845
   417752.0000000242	 -1750282.9462890625	   346869.0000000000	55	1	33	49.500000	 20625856.1047082543
   417753.0000000120	 -1752800.7500000000	   344351.0000000000	256	1	33	49.500000	 20625621.7934346087
   417754.0000000012	 -1755318.7802734375	   341833.0000000000	225	1	33	49.250000	 20625388.1871500239
   417754.9999999905	 -1757836.7021484375	   339315.0000000000	305	1	33	49.500000	 20625153.8828560375
   417755.9999999806	 -1760354.6572265625	   336797.0000000000	351	1	33	49.500000	 20624920.5208745003
   417756.9999999705	 -1762872.6904296875	   334279.0000000000	317	1	33	49.500000	 20624686.4259831347
   417757.9999999608	 -1765391.0078125000	   331760.0000000000	1016	1	33	49.500000	 20624452.2752509378
   417758.9999999520	 -1767909.3320312500	   329242.0000000000	684	1	33	49.750000	 20624218.5468141437
   417759.9999999438	 -1770427.2714843750	   326724.0000000000	746	1	33	49.500000	 20623985.5477969982
   417760.9999999350	 -1772945.0488281250	   324206.0000000000	974	1	33	49.750000	 20623751.9624521248
   417761.9999999260	 -1775462.8916015625	   321689.0000000000	111	1	33	49.500000	 20623518.8971242867
   417762.9999999179	 -1777980.4355468750	   319171.0000000000	578	1	33	49.750000	 20623284.6626304984
   417764.0000000857	 -1780497.6308593750	   316654.0000000000	378	2	33	49.500000	 20623051.6496028379
   417765.0000000770	 -1783014.9501953125	   314137.0000000000	51	1	33	49.500000	 20622817.5093404837
   417766.0000000694	 -1785532.1855468750	   311619.0000000000	834	1	33	49.500000	 20622583.8611744158
   417767.0000000618	 -1788049.6933593750	   309102.0000000000	314	1	33	49.500000	 20622350.6248338930
   417768.0000000540	 -1790567.6582031250	   306584.0000000000	350	1	33	49.750000	 20622117.0499588884
   417769.0000000476	 -1793085.6542968750	   304066.0000000000	354	1	33	49.750000	 20621884.0369810387
   417770.0000000419	 -1795603.3085937500	   301548.0000000000	708	1	33	49.750000	 20621651.0903138369
   417771.0000000370	 -1798120.8984375000	   299031.0000000000	104	1	33	49.500000	 20621418.8172254786
   417772.0000000309	 -1800638.2158203125	   296513.0000000000	803	1	33	49.500000	 20621185.8914987184
   417773.0000000254	 -1803153.1591796875	   293998.0000000000	861	1	33	49.750000	 20620953.2833660357
   417774.0000000171	 -1805665.9003906250	   291486.0000000000	102	1	33	50.000000	 20620720.2668986619
   417775.0000000083	 -1808177.9306640625	   288974.0000000000	71	1	33	49.750000	 20620487.6831972413
   417775.9999999992	 -1810690.3447265625	   286461.0000000000	671	1	33	49.250000	 20620255.0122447461
   417776.9999999899	 -1813203.1337890625	   283948.0000000000	887	1	33	49.500000	 20620022.4145832881
   417777.9999999821	 -1815715.8525390625	   281436.0000000000	151	1	33	49.250000	 20619789.5551678874
   417778.9999999764	 -1818226.8017578125	   278925.0000000000	203	1	33	49.250000	 20619557.4845024608
   417779.9999999698	 -1820735.8173828125	   276416.0000000000	187	1	33	49.750000	 20619325.2777254730
   417780.9999999614	 -1823243.2089843750	   273908.0000000000	810	1	33	49.750000	 20619093.6398266740
   417781.9999999514	 -1825749.0996093750	   271402.0000000000	922	1	33	49.500000	 20618861.7087643519
   417782.9999999410	 -1828254.2333984375	   268897.0000000000	785	1	33	49.500000	 20618629.7986424342
   417783.9999999321	 -1830758.5888671875	   266393.0000000000	421	1	33	49.500000	 20618398.7366015017
   417784.9999999215	 -1833262.1435546875	   263889.0000000000	877	1	33	49.500000	 20618167.0603127740
   417786.0000000856	 -1835764.8798828125	   261387.0000000000	123	2	33	49.500000	 20617935.6492176689
   417787.0000000740	 -1838268.0458984375	   258883.0000000000	977	1	33	49.500000	 20617703.9275586642
   417788.0000000627	 -1840771.7451171875	   256380.0000000000	261	1	33	49.500000	 20617473.4727865346
   417789.0000000516	 -1843275.9013671875	   253876.0000000000	101	1	33	50.000000	 20617243.0354646258
   417790.0000000406	 -1845780.0527343750	   251371.0000000000	970	1	33	50.000000	 20617012.6504933685
   417791.0000000305	 -1848283.9208984375	   248868.0000000000	81	1	33	50.250000	 20616781.5430821404
   417792.0000000219	 -1850786.6015625000	   246365.0000000000	408	1	33	50.250000	 20616550.7462846749
   417793.0000000115	 -1853287.3691406250	   243864.0000000000	646	1	33	50.750000	 20616320.1065398306
   417793.9999999983	 -1855787.2412109375	   241364.0000000000	777	1	33	50.750000	 20616088.6117343120
   417794.9999999859	 -1858286.8701171875	   238865.0000000000	133	1	33	50.250000	 20615856.8237645999
   417795.9999999746	 -1860786.0859375000	   236365.0000000000	936	1	33	50.000000	 20615625.9222664870
   417796.9999999625	 -1863285.3496093750	   233866.0000000000	666	1	33	50.000000	 20615395.3313828036
   417797.9999999494	 -1865784.3945312500	   231367.0000000000	620	1	33	50.000000	 20615163.8889279477
   417798.9999999377	 -1868282.4726562500	   228869.0000000000	540	1	33	50.250000	 20614932.8652783148
   417799.9999999265	 -1870779.4609375000	   226372.0000000000	552	1	33	50.500000	 20614702.7315904722
   417800.9999999140	 -1873275.5761718750	   223876.0000000000	434	1	33	50.500000	 20614472.4652812444
   417802.0000000758	 -1875770.6523437500	   221381.0000000000	356	2	33	50.500000	 20614241.9301885776
   417803.0000000623	 -1878265.4912109375	   218886.0000000000	521	1	33	50.500000	 20614011.5277678035
   417804.0000000499	 -1880759.8505859375	   216392.0000000000	153	1	33	50.250000	 20613781.7081845589
   417805.0000000374	 -1883254.2119140625	   213897.0000000000	807	1	33	50.250000	 20613552.0142429993
   417806.0000000240	 -1885748.6582031250	   211403.0000000000	350	1	33	50.250000	 20613321.7898145914
   417807.0000000114	 -1888242.8720703125	   208909.0000000000	131	1	33	50.000000	 20613091.3455130011
   417808.0000000003	 -1890736.8574218750	   206415.0000000000	146	1	33	50.250000	 20612861.6411009021
   417808.9999999883	 -1893230.8193359375	   203921.0000000000	185	1	33	50.500000	 20612631.5318436511
   417809.9999999752	 -1895724.7314453125	   201427.0000000000	275	1	33	50.500000	 20612401.0910322443
   417810.9999999639	 -1898217.7070312500	   198934.0000000000	300	1	33	50.250000	 20612171.8891869821
   417811.9999999529	 -1900708.4130859375	   196443.0000000000	601	1	33	51.000000	 20611943.3644107170
   417812.9999999385	 -1903196.6406250000	   193955.0000000000	368	1	33	51.250000	 20611713.8275218159
   417813.9999999219	 -1905682.8359375000	   191469.0000000000	168	1	33	51.000000	 20611484.0568004139
   417815.0000000806	 -1908167.7734375000	   188984.0000000000	232	2	33	50.750000	 20611254.0452156365
   417816.0000000653	 -1910653.4238281250	   186498.0000000000	590	1	33	50.500000	 20611025.0876748078
   417817.0000000491	 -1913139.7089843750	   184012.0000000000	298	1	33	50.750000	 20610795.5821968466
   417818.0000000334	 -1915626.2421875000	   181525.0000000000	776	1	33	50.500000	 20610566.6455963925
   417819.0000000185	 -1918112.6201171875	   179039.0000000000	389	1	33	50.250000	 20610336.9342053123
   417820.0000000061	 -1920598.3447265625	   176553.0000000000	671	1	33	50.500000	 20610107.8649820983
   417820.9999999942	 -1923083.6718750000	   174068.0000000000	336	1	33	50.250000	 20609879.3471862078
   417821.9999999796	 -1925569.0654296875	   171582.0000000000	957	1	33	50.250000	 20609650.6164981872
   417822.9999999643	 -1928054.6533203125	   169097.0000000000	355	1	33	50.250000	 20609421.7845990434
   417823.9999999508	 -1930540.0878906250	   166611.0000000000	934	1	33	50.250000	 20609192.0801876448
   417824.9999999389	 -1933025.0781250000	   164126.0000000000	944	1	33	50.000000	 20608963.0249244869
   417825.9999999260	 -1935509.8339843750	   161642.0000000000	170	1	33	49.750000	 20608734.4966587201
   417827.0000000868	 -1937993.8701171875	   159158.0000000000	133	2	33	50.000000	 20608505.2563737072
   417828.0000000736	 -1940477.6660156250	   156674.0000000000	342	1	33	50.000000	 20608276.3546730243
   417829.0000000604	 -1942960.8027343750	   154191.0000000000	202	1	33	50.000000	 20608047.1667884737
   417830.0000000471	 -1945443.8457031250	   151708.0000000000	158	1	33	50.000000	 20607818.5163711868
   417831.0000000331	 -1947926.8173828125	   149225.0000000000	187	1	33	49.750000	 20607590.2463691942
   417832.0000000204	 -1950409.8750000000	   146742.0000000000	128	1	33	50.000000	 20607361.9135459810
   417833.0000000077	 -1952893.2841796875	   144258.0000000000	733	1	33	50.000000	 20607133.6156232357
   417833.9999999960	 -1955376.9062500000	   141775.0000000000	96	1	33	50.000000	 20606906.1518214382
   417834.9999999845	 -1957860.9550781250	   139291.0000000000	46	1	33	50.000000	 20606678.4716366641
   417835.9999999733	 -1960345.2666015625	   136806.0000000000	751	1	33	50.250000	 20606450.7705114931
   417836.9999999641	 -1962829.4492187500	   134322.0000000000	564	1	33	50.000000	 20606223.3416094445
   417837.9999999554	 -1965313.4902343750	   131838.0000000000	522	1	33	50.000000	 20605996.8026691824
   417838.9999999466	 -1967797.1250000000	   129354.0000000000	896	1	33	50.250000	 20605770.2288284861
   417839.9999999384	 -1970279.9863281250	   126872.0000000000	14	1	33	50.250000	 20605543.6689478271
   417840.9999999288	 -1972761.9023437500	   124390.0000000000	100	1	33	50.750000	 20605316.2784363925
   417841.9999999191	 -1975243.3574218750	   121908.0000000000	658	1	33	50.500000	 20605089.5859343521
   417843.0000000832	 -1977723.7285156250	   119428.0000000000	278	2	33	50.500000	 20604862.4675969146
   417844.0000000717	 -1980203.9521484375	   116948.0000000000	49	1	33	50.750000	 20604635.3772300519
   417845.0000000600	 -1982684.4169921875	   114467.0000000000	597	1	33	50.250000	 20604408.3427040279
   417846.0000000471	 -1985164.9697265625	   111987.0000000000	31	1	33	50.500000	 20604180.6904400066
   417847.0000000365	 -1987645.4462890625	   109506.0000000000	567	1	33	50.250000	 20603953.4325506426
   417848.0000000262	 -1990125.8466796875	   107026.0000000000	157	1	33	50.000000	 20603726.2619123384
   417849.0000000160	 -1992606.0097656250	   104545.0000000000	1014	1	33	50.000000	 20603498.6968987361
   417850.0000000056	 -1995085.7363281250	   102066.0000000000	270	1	33	50.250000	 20603271.7949940749
   417850.9999999951	 -1997564.8593750000	    99587.0000000000	144	1	33	50.250000	 20603044.4114630073
   417851.9999999846	 -2000043.7949218750	    97108.0000000000	210	1	33	50.000000	 20602817.6002996229
   417852.9999999741	 -2002522.5859375000	    94629.0000000000	424	1	33	50.000000	 20602590.6634945348
   417853.9999999640	 -2005001.4306640625	    92150.0000000000	583	1	33	50.250000	 20602364.2606665194
   417854.9999999535	 -2007480.3564453125	    89671.0000000000	659	1	33	50.250000	 20602137.8962291144
   417855.9999999429	 -2009959.5175781250	    87192.0000000000	494	1	33	50.250000	 20601911.4968912788
   417856.9999999338	 -2012438.5292968750	    84713.0000000000	482	1	33	50.250000	 20601684.5496156514
   417857.9999999258	 -2014917.5732421875	    82234.0000000000	437	1	33	50.250000	 20601458.7924456894
   417858.9999999186	 -2017396.8037109375	    79755.0000000000	201	1	33	50.500000	 20601233.1015864201
   417860.0000000866	 -2019875.8261718750	    77276.0000000000	178	2	33	50.500000	 20601008.0284153186
   417861.0000000789	 -2022355.0859375000	    74796.0000000000	936	1	33	50.500000	 20600782.3584964387
   417862.0000000717	 -2024834.5488281250	    72317.0000000000	462	1	33	50.500000	 20600556.9538210109
   417863.0000000641	 -2027314.1220703125	    69837.0000000000	899	1	33	50.500000	 20600331.1757106669
   417864.0000000573	 -2029793.7832031250	    67358.0000000000	222	1	33	50.500000	 20600104.9264437445
   417865.0000000512	 -2032273.4345703125	    64878.0000000000	579	1	33	50.250000	 20599879.1553130783
   417866.0000000450	 -2034753.1533203125	    62398.0000000000	867	1	33	50.250000	 20599653.2061900161
   417867.0000000392	 -2037233.0244140625	    59918.0000000000	999	1	33	50.250000	 20599427.2361265756
   417868.0000000338	 -2039712.7792968750	    57439.0000000000	226	1	33	50.000000	 20599201.5313065946
   417869.0000000300	 -2042192.4160156250	    54959.0000000000	598	1	33	50.000000	 20598977.1736442335
   417870.0000000247	 -2044672.1738281250	    52479.0000000000	846	1	33	50.000000	 20598751.8073587343
   417871.0000000194	 -2047152.0439453125	    49999.0000000000	979	1	33	50.000000	 20598526.5492647290
   417872.0000000143	 -2049631.9951171875	    47520.0000000000	5	1	33	50.000000	 20598301.0747877695
   417873.0000000098	 -2052111.9970703125	    45040.0000000000	3	1	33	49.750000	 20598075.8097133860
   417874.0000000060	 -2054591.9375000000	    42560.0000000000	64	1	33	49.750000	 20597849.8605896868
   417875.0000000024	 -2057072.0878906250	    40079.0000000000	934	1	33	49.750000	 20597624.5710847415
   417875.9999999976	 -2059552.5361328125	    37599.0000000000	475	1	33	49.750000	 20597399.1838588417
   417876.9999999937	 -2062033.1718750000	    35118.0000000000	848	1	33	50.000000	 20597174.6482041217
   417877.9999999899	 -2064514.0136718750	    32637.0000000000	1010	1	33	50.000000	 20596949.8438157775
   417878.9999999868	 -2066994.9980468750	    30157.0000000000	2	1	33	50.000000	 20596724.8544547185
   417879.9999999843	 -2069476.0195312500	    27675.0000000000	1004	1	33	49.750000	 20596500.1652375348
   417880.9999999825	 -2071957.1367187500	    25194.0000000000	884	1	33	50.000000	 20596276.2577906549
   417881.9999999810	 -2074438.4296875000	    22713.0000000000	584	1	33	50.000000	 20596052.2945029438
   417882.9999999797	 -2076920.0117187500	    20231.0000000000	1012	1	33	50.000000	 20595828.4010161012
   417883.9999999796	 -2079401.9677734375	    17750.0000000000	33	1	33	50.250000	 20595604.5703497678
   417884.9999999804	 -2081884.1562500000	    15267.0000000000	864	1	33	50.250000	 20595380.8757949956
   417885.9999999815	 -2084366.2060546875	    12785.0000000000	813	1	33	50.250000	 20595156.5355814882
   417886.9999999833	 -2086848.1425781250	    10303.0000000000	878	1	33	50.000000	 20594932.5653127357
   417887.9999999847	 -2089329.9003906250	     7822.0000000000	102	1	33	50.000000	 20594708.6159843765
   417888.9999999858	 -2091811.4589843750	     5340.0000000000	554	1	33	50.000000	 20594484.7224968486
   417889.9999999868	 -2094293.3574218750	     2858.0000000000	658	1	33	50.250000	 20594261.3839267977
   417890.9999999890	 -2096775.7744140625	      376.0000000000	231	1	33	50.500000	 20594037.9476351105
   417891.9999999913	 -2099258.4306640625	  1046469.0000000000	583	1	33	50.250000	 20593814.5462438613
   417892.9999999938	 -2101741.2988281250	  1043986.0000000000	718	1	33	50.250000	 20593591.2321037054
   417893.9999999969	 -2104224.4277343750	  1041503.0000000000	586	1	33	50.000000	 20593367.4851976000
   417895.0000000011	 -2106707.6337890625	  1039020.0000000000	375	1	33	50.000000	 20593144.1047460549
   417896.0000000063	 -2109190.6816406250	  1036537.0000000000	326	1	33	49.750000	 20592921.0034980066
   417897.0000000120	 -2111672.9794921875	  1034055.0000000000	21	1	33	50.000000	 20592698.6316696107
   417898.0000000177	 -2114155.0419921875	  1031572.0000000000	981	1	33	50.250000	 20592476.5460250489
   417899.0000000216	 -2116637.2880859375	  1029090.0000000000	729	1	33	50.000000	 20592253.9194237329
   417900.0000000249	 -2119119.5126953125	  1026608.0000000000	499	1	33	49.750000	 20592030.4028606489
   417901.0000000286	 -2121602.2265625000	  1024125.0000000000	792	1	33	49.750000	 20591806.8653571568
   417902.0000000335	 -2124084.6621093750	  1021643.0000000000	346	1	33	50.000000	 20591583.3732239716
   417903.0000000394	 -2126566.8515625000	  1019161.0000000000	152	1	33	49.750000	 20591360.0695529915
   417904.0000000436	 -2129048.6464843750	  1016679.0000000000	362	1	33	49.750000	 20591136.9578350708
   417905.0000000476	 -2131527.7861328125	  1014200.0000000000	219	1	33	50.250000	 20590914.4917759076
   417906.0000000497	 -2134004.1855468750	  1011723.0000000000	834	1	33	50.500000	 20590691.8965855390
   417907.0000000505	 -2136478.4785156250	  1009249.0000000000	534	1	33	50.250000	 20590469.6329499707
   417908.0000000505	 -2138950.4687500000	  1006777.0000000000	544	1	33	50.250000	 20590247.2855535373
   417909.0000000492	 -2141422.4980468750	  1004305.0000000000	514	1	33	50.250000	 20590025.6815374196
   417910.0000000484	 -2143895.1093750000	  1001832.0000000000	912	1	33	50.000000	 20589803.2154796198
   417911.0000000493	 -2146367.8916015625	   999360.0000000000	111	1	33	50.000000	 20589581.3985700682
   417912.0000000501	 -2148840.5927734375	   996887.0000000000	417	1	33	49.750000	 20589359.8503941260
   417913.0000000499	 -2151313.4863281250	   994414.0000000000	526	1	33	50.000000	 20589138.0055644847
   417914.0000000505	 -2153786.5712890625	   991941.0000000000	439	1	33	50.000000	 20588915.5115859322
   417915.0000000524	 -2156260.0634765625	   989467.0000000000	959	1	33	50.000000	 20588693.7400466502
   417916.0000000554	 -2158733.8427734375	   986994.0000000000	161	1	33	50.250000	 20588472.2651610710
   417917.0000000582	 -2161206.9218750000	   984521.0000000000	80	1	33	50.000000	 20588250.7379248403
   417918.0000000622	 -2163679.8056640625	   982048.0000000000	199	1	33	50.500000	 20588029.9889687598
   417919.0000000648	 -2166151.4726562500	   979576.0000000000	540	1	33	50.250000	 20587808.1231980100
   417920.0000000673	 -2168621.1064453125	   977106.0000000000	915	1	33	50.500000	 20587586.6518026218
   417921.0000000671	 -2171088.3232421875	   974639.0000000000	693	1	33	51.000000	 20587365.0757066272
   417922.0000000659	 -2173552.8925781250	   972175.0000000000	110	1	33	50.750000	 20587143.3809492625
   417923.0000000637	 -2176016.1650390625	   969711.0000000000	855	1	33	50.750000	 20586921.6233713739
   417924.0000000615	 -2178479.2509765625	   967248.0000000000	767	1	33	50.250000	 20586699.9006939568
   417925.0000000597	 -2180943.0253906250	   964784.0000000000	998	1	33	49.750000	 20586478.1396259107
   417926.0000000590	 -2183407.2597656250	   962320.0000000000	758	1	33	50.000000	 20586256.8532039039
   417927.0000000588	 -2185871.1640625000	   959856.0000000000	856	1	33	49.750000	 20586034.9909240417
   417928.0000000598	 -2188334.5732421875	   957393.0000000000	437	1	33	49.750000	 20585814.4967422113
   417929.0000000597	 -2190797.7041015625	   954930.0000000000	303	1	33	50.000000	 20585594.5470079854
   417930.0000000592	 -2193260.8808593750	   952467.0000000000	122	1	33	50.000000	 20585374.0283962563
   417931.0000000582	 -2195724.0478515625	   950003.0000000000	975	1	33	49.750000	 20585154.2287343107
   417932.0000000567	 -2198187.2880859375	   947540.0000000000	729	1	33	50.000000	 20584933.5565608144
   417933.0000000553	 -2200650.6982421875	   945077.0000000000	309	1	33	49.750000	 20584713.2054715790
   417934.0000000543	 -2203114.1689453125	   942613.0000000000	851	1	33	50.000000	 20584492.5472581089
   417935.0000000548	 -2205577.8242187500	   940150.0000000000	180	1	33	50.000000	 20584272.3427502997
   417936.0000000554	 -2208041.6289062500	   937686.0000000000	380	1	33	50.000000	 20584052.8537020832
   417937.0000000558	 -2210505.3798828125	   935222.0000000000	635	1	33	50.000000	 20583832.0593763925
   417938.0000000583	 -2212969.0664062500	   932758.0000000000	956	1	33	50.000000	 20583612.4481759854
   417939.0000000602	 -2215433.2753906250	   930294.0000000000	742	1	33	50.000000	 20583392.3588393219
   417940.0000000623	 -2217897.1513671875	   927830.0000000000	869	1	33	50.000000	 20583171.4807520323
   417941.0000000669	 -2220360.3222656250	   925367.0000000000	694	1	33	50.250000	 20582951.3530240767
   417942.0000000723	 -2222823.5087890625	   922904.0000000000	503	1	33	50.000000	 20582731.8988749646
   417943.0000000768	 -2225286.8076171875	   920441.0000000000	197	1	33	49.750000	 20582511.8793385029
   417944.0000000813	 -2227749.7890625000	   917978.0000000000	216	1	33	49.500000	 20582292.0203441605
   417945.0000000860	 -2230212.4316406250	   915515.0000000000	582	1	33	49.500000	 20582072.7686179802
   417945.9999999143	 -2232674.4384765625	   913053.0000000000	575	0	33	49.750000	 20581853.0143754557
   417946.9999999180	 -2235135.6347656250	   910592.0000000000	374	1	33	50.000000	 20581633.7870798409
   417947.9999999206	 -2237596.6279296875	   908131.0000000000	381	1	33	49.750000	 20581414.9087892622
   417948.9999999222	 -2240057.8476562500	   905670.0000000000	156	1	33	49.500000	 20581195.8943871222
   417949.9999999237	 -2242518.5068359375	   903209.0000000000	505	1	33	49.750000	 20580975.8259908706
   417950.9999999280	 -2244978.3603515625	   900749.0000000000	655	1	33	49.750000	 20580757.1850229800
   417951.9999999307	 -2247438.2509765625	   898289.0000000000	767	1	33	49.500000	 20580538.6452668980
   417952.9999999324	 -2249897.8642578125	   895830.0000000000	139	1	33	49.500000	 20580319.3446809165
   417953.9999999359	 -2252357.0937500000	   893370.0000000000	928	1	33	49.750000	 20580100.6199521124
   417954.9999999387	 -2254816.1474609375	   890911.0000000000	873	1	33	49.500000	 20579881.8114624061
   417955.9999999412	 -2257275.3554687500	   888452.0000000000	660	1	33	49.500000	 20579663.1844552346
   417956.9999999428	 -2259734.4003906250	   885993.0000000000	614	1	33	49.500000	 20579443.4720437005
   417957.9999999466	 -2262192.9248046875	   883535.0000000000	77	1	33	49.500000	 20579224.6740238480
   417958.9999999505	 -2264651.0332031250	   881076.0000000000	990	1	33	50.000000	 20579006.1796380579
   417959.9999999538	 -2267109.0273437500	   878618.0000000000	996	1	33	49.750000	 20578787.9574760757
   417960.9999999566	 -2269566.9707031250	   876161.0000000000	30	1	33	49.750000	 20578569.8818961941
   417961.9999999600	 -2272025.0166015625	   873702.0000000000	1007	1	33	49.750000	 20578351.9633682743
   417962.9999999639	 -2274483.0439453125	   871244.0000000000	979	1	33	50.000000	 20578133.7551663294
   417963.9999999704	 -2276941.0380859375	   868786.0000000000	985	1	33	50.000000	 20577916.0634905547
   417964.9999999762	 -2279398.8046875000	   866329.0000000000	200	1	33	50.000000	 20577698.3055040911
   417965.9999999813	 -2281856.2890625000	   863871.0000000000	728	1	33	50.000000	 20577480.3381150141
   417966.9999999873	 -2284313.1416015625	   861414.0000000000	879	1	33	50.000000	 20577262.4893872812
   417967.9999999934	 -2286769.2958984375	   858958.0000000000	721	1	33	50.000000	 20577045.3735693730
   417968.9999999988	 -2289223.8896484375	   856504.0000000000	113	1	33	50.500000	 20576827.9401573688
   417970.0000000024	 -2291677.3007812500	   854050.0000000000	716	1	33	50.750000	 20576609.6621545516
   417971.0000000052	 -2294130.6943359375	   851597.0000000000	313	1	33	50.500000	 20576392.1414921470
   417972.0000000087	 -2296583.4882812500	   849144.0000000000	524	1	33	50.250000	 20576174.9733242542
   417973.0000000127	 -2299035.9208984375	   846692.0000000000	81	1	33	50.500000	 20575957.9447581358
   417974.0000000158	 -2301488.1748046875	   844239.0000000000	845	1	33	50.000000	 20575740.2251629569
   417975.0000000193	 -2303939.7070312500	   841788.0000000000	300	1	33	50.000000	 20575522.2158937901
   417976.0000000233	 -2306390.1699218750	   839337.0000000000	850	1	33	50.000000	 20575304.4718680456
   417977.0000000274	 -2308839.2373046875	   836888.0000000000	781	1	33	50.500000	 20575087.4782023281
   417978.0000000293	 -2311286.5917968750	   834441.0000000000	418	1	33	50.500000	 20574870.4286964685
   417979.0000000297	 -2313732.1689453125	   831995.0000000000	851	1	33	50.750000	 20574653.1767683774
   417980.0000000295	 -2316177.0830078125	   829550.0000000000	939	1	33	50.500000	 20574436.1796138696
   417981.0000000296	 -2318621.8974609375	   827106.0000000000	105	1	33	50.000000	 20574219.3046108857
   417982.0000000297	 -2321065.6806640625	   824662.0000000000	327	1	33	50.000000	 20574002.2690657526
   417983.0000000299	 -2323508.8994140625	   822219.0000000000	103	1	33	50.000000	 20573786.1095223613
   417984.0000000296	 -2325952.0527343750	   819775.0000000000	970	1	33	49.750000	 20573569.6498351134
   417985.0000000299	 -2328394.0722656250	   817333.0000000000	950	1	33	50.000000	 20573353.2564585134
   417986.0000000292	 -2330835.3398437500	   814892.0000000000	676	1	33	50.500000	 20573136.2627941966
