   417086.0000000036	     6517.4580078125	     6517.0000000000	469	6	22	49.750000	 24642722.3705832437
   417087.0000000536	     3796.8310546875	     3796.0000000000	851	6	22	50.000000	 24642205.3445545733
   417088.0000000756	   -21367.2783203125	  1027208.0000000000	739	225	22	49.750000	 29438390.2864679843
   417088.9999999974	    -7257.3173828125	  1041318.0000000000	699	225	22	50.000000	 25840341.2397133783
   417090.0000000515	   -24006.9882812500	  1024569.0000000000	12	207	22	50.250000	 28837763.1796567515
   417090.9999999960	     8658.9912109375	     8658.0000000000	1015	43	22	50.250000	 21273774.1947897151
   417092.0000000130	     5938.6542968750	     5938.0000000000	670	1	22	50.250000	 21273509.5445302352
   417093.0000000103	     3219.7958984375	     3219.0000000000	815	1	22	50.500000	 21273237.5826281793
   417094.0000000586	      501.7500000000	      501.0000000000	768	1	22	50.000000	 21272981.1758504808
   417095.0000000977	    -2217.7099609375	  1046358.0000000000	297	253	22	49.750000	 21272933.3936074711
   417096.0000000044	    -4936.8310546875	  1043639.0000000000	173	0	22	49.500000	 21272687.9211871028
   417097.0000000038	    -7655.4169921875	  1040920.0000000000	597	1	22	49.500000	 21272417.8753201738
   417098.0000000032	   -10373.4052734375	  1038202.0000000000	609	1	22	49.250000	 21272147.3827272654
   417099.0000000037	   -13089.9863281250	  1035486.0000000000	14	1	22	49.500000	 21271878.6526077166
   417100.0000000033	   -15805.8291015625	  1032770.0000000000	175	1	22	50.000000	 21271610.2331025600
   417101.0000000027	   -18521.4296875000	  1030054.0000000000	584	1	22	49.500000	 21271342.1905225441
   417102.0000000016	   -21236.3457031250	  1027339.0000000000	670	1	22	49.750000	 21271073.7047067061
   417103.0000000016	   -23950.5322265625	  1024625.0000000000	479	1	22	49.750000	 21270806.4089965336
   417104.0000000010	   -26664.0000000000	  1021912.0000000000	0	1	22	50.000000	 21270539.6716940217
   417104.9999999997	   -29377.3076171875	  1019198.0000000000	709	1	22	50.000000	 21270272.1002705619
   417105.9999999970	   -32090.0732421875	  1016485.0000000000	949	1	22	49.750000	 21270004.0018503815
   417106.9999999951	   -34802.4091796875	  1013773.0000000000	605	1	22	49.750000	 21269735.8440991901
   417107.9999999932	   -37514.4677734375	  1011061.0000000000	545	1	22	49.750000	 21269467.7212484367
   417108.9999999917	   -40226.1044921875	  1008349.0000000000	917	1	22	49.750000	 21269199.2563730031
   417109.9999999909	   -42936.9960937500	  1005639.0000000000	4	1	22	49.750000	 21268930.5541741960
   417110.9999999902	   -45647.1699218750	  1002928.0000000000	850	1	22	49.750000	 21268661.6355924197
   417111.9999999899	   -48357.1386718750	  1000218.0000000000	882	1	22	49.750000	 21268394.2351809554
   417112.9999999875	   -51067.1552734375	   997508.0000000000	865	1	22	49.250000	 21268126.2240118645
   417113.9999999857	   -53777.1748046875	   994798.0000000000	845	1	22	49.500000	 21267857.9755194038
   417114.9999999839	   -56486.8984375000	   992089.0000000000	104	1	22	49.250000	 21267589.5490345843
   417115.9999999844	   -59196.2783203125	   989379.0000000000	739	1	22	49.000000	 21267321.4087329283
   417116.9999999854	   -61905.5498046875	   986670.0000000000	461	1	22	49.000000	 21267053.8547589965
   417117.9999999857	   -64614.7958984375	   983961.0000000000	209	1	22	48.750000	 21266786.5032080002
   417118.9999999858	   -67323.7763671875	   981252.0000000000	229	1	22	49.000000	 21266518.2233046032
   417119.9999999870	   -70032.4833984375	   978543.0000000000	529	1	22	49.000000	 21266251.4371409379
   417120.9999999868	   -72740.9619140625	   975835.0000000000	39	1	22	49.000000	 21265984.0890801214
   417121.9999999883	   -75448.8681640625	   973127.0000000000	135	1	22	49.000000	 21265716.9434415586
   417122.9999999899	   -78156.3525390625	   970419.0000000000	663	1	22	49.250000	 21265450.2794294171
   417123.9999999903	   -80863.5537109375	   967712.0000000000	457	1	22	49.250000	 21265183.8213303871
   417124.9999999901	   -83570.6767578125	   965005.0000000000	331	1	22	49.250000	 21264918.3160143383
   417125.9999999902	   -86277.1777343750	   962298.0000000000	842	1	22	49.500000	 21264650.7515705489
   417126.9999999914	   -88983.3623046875	   959592.0000000000	653	1	22	49.500000	 21264385.8430520818
   417127.9999999920	   -91689.1474609375	   956886.0000000000	873	1	22	49.500000	 21264119.5629454143
   417128.9999999939	   -94394.9121093750	   954181.0000000000	90	1	22	49.500000	 21263853.7016439699
   417129.9999999949	   -97100.3505859375	   951475.0000000000	665	1	22	49.500000	 21263586.4164036661
   417130.9999999976	   -99805.5781250000	   948770.0000000000	432	1	22	49.250000	 21263320.7819550484
   417131.9999999991	  -102510.4375000000	   946065.0000000000	576	1	22	49.000000	 21263054.3692263104
   417133.0000000018	  -105214.5380859375	   943361.0000000000	473	1	22	49.250000	 21262788.1798602343
   417134.0000000048	  -107917.8671875000	   940658.0000000000	136	1	22	49.250000	 21262522.3464788571
   417135.0000000068	  -110620.4404296875	   937955.0000000000	573	1	22	49.250000	 21262256.3769859299
   417136.0000000079	  -113322.4755859375	   935253.0000000000	537	1	22	49.000000	 21261990.5401150621
   417137.0000000088	  -116024.2431640625	   932551.0000000000	775	1	22	49.000000	 21261724.9719778076
   417138.0000000107	  -118726.3916015625	   929849.0000000000	623	1	22	48.750000	 21261459.0932261571
   417139.0000000132	  -121428.4453125000	   927147.0000000000	568	1	22	49.000000	 21261192.9771511070
   417140.0000000166	  -124129.9941406250	   924446.0000000000	6	1	22	48.500000	 21260927.4264634065
   417141.0000000207	  -126831.1513671875	   921744.0000000000	869	1	22	48.750000	 21260662.7831877246
   417142.0000000241	  -129532.2529296875	   919043.0000000000	765	1	22	48.750000	 21260398.3597851582
   417143.0000000265	  -132233.2851562500	   916342.0000000000	732	1	22	48.750000	 21260133.2279033810
   417144.0000000306	  -134933.9599609375	   913642.0000000000	41	1	22	48.500000	 21259868.0122599714
   417145.0000000352	  -137634.5507812500	   910941.0000000000	460	1	22	48.500000	 21259603.9378617965
   417146.0000000374	  -140334.7880859375	   908241.0000000000	217	1	22	48.500000	 21259339.1654548757
   417147.0000000420	  -143034.5722656250	   905541.0000000000	438	1	22	48.500000	 21259075.2690490335
   417148.0000000457	  -145734.3007812500	   902841.0000000000	716	1	22	48.500000	 21258811.7914491147
   417149.0000000499	  -148434.1474609375	   900141.0000000000	873	1	22	48.500000	 21258547.6123496331
   417150.0000000547	  -151134.0556640625	   897441.0000000000	967	1	22	48.750000	 21258283.3390186802
   417151.0000000605	  -153833.8505859375	   894742.0000000000	153	1	22	48.500000	 21258018.7725235187
   417152.0000000679	  -156532.9707031250	   892043.0000000000	30	1	22	48.500000	 21257754.2653586902
   417153.0000000765	  -159231.5380859375	   889344.0000000000	473	1	22	48.250000	 21257490.8575582802
   417154.0000000844	  -161929.6044921875	   886646.0000000000	405	1	22	48.250000	 21257227.0623628870
   417154.9999999156	  -164627.4023437500	   883948.0000000000	612	0	22	48.250000	 21256963.8221354447
   417155.9999999222	  -167324.5595703125	   881251.0000000000	451	1	22	48.250000	 21256700.2328531705
   417156.9999999286	  -170021.4589843750	   878554.0000000000	554	1	22	48.000000	 21256436.2875861786
   417157.9999999346	  -172718.1582031250	   875857.0000000000	862	1	22	48.000000	 21256173.2218111157
   417158.9999999412	  -175414.9189453125	   873161.0000000000	83	1	22	48.250000	 21255911.1890897639
   417159.9999999489	  -178111.6044921875	   870464.0000000000	405	1	22	48.750000	 21255648.4862790927
   417160.9999999571	  -180808.3398437500	   867767.0000000000	676	1	22	48.250000	 21255386.2267042287
   417161.9999999658	  -183505.0605468750	   865070.0000000000	962	1	22	48.500000	 21255122.9619957283
   417162.9999999752	  -186201.3642578125	   862374.0000000000	651	1	22	48.250000	 21254860.7826915905
   417163.9999999842	  -188897.4277343750	   859678.0000000000	586	1	22	48.500000	 21254598.7674197741
   417164.9999999924	  -191593.3896484375	   856982.0000000000	625	1	22	48.500000	 21254337.7782219835
   417166.0000000003	  -194289.2568359375	   854286.0000000000	761	1	22	48.750000	 21254076.7192233391
   417167.0000000087	  -196984.9492187500	   851591.0000000000	52	1	22	49.000000	 21253816.0860102437
   417168.0000000168	  -199680.4199218750	   848895.0000000000	594	1	22	49.000000	 21253555.0793622620
   417169.0000000258	  -202375.9892578125	   846200.0000000000	11	1	22	49.250000	 21253293.9226419702
   417170.0000000360	  -205071.6093750000	   843504.0000000000	400	1	22	49.500000	 21253032.9892843179
   417171.0000000466	  -207767.0917968750	   840808.0000000000	930	1	22	49.500000	 21252772.1431777887
   417172.0000000580	  -210462.5410156250	   838113.0000000000	470	1	22	49.500000	 21252510.8433648981
   417173.0000000690	  -213157.4677734375	   835418.0000000000	545	1	22	49.500000	 21252248.7059408575
   417174.0000000821	  -215852.1289062500	   832723.0000000000	892	1	22	49.750000	 21251987.9121842794
   417174.9999999178	  -218547.2207031250	   830028.0000000000	798	0	22	49.500000	 21251726.8916253783
   417175.9999999292	  -221242.0712890625	   827333.0000000000	951	1	22	49.750000	 21251466.4329137988
   417176.9999999409	  -223936.7539062500	   824639.0000000000	252	1	22	49.750000	 21251205.6670779809
   417177.9999999536	  -226631.2666015625	   821944.0000000000	751	1	22	49.500000	 21250944.3218941130
   417178.9999999670	  -229325.3388671875	   819250.0000000000	677	1	22	49.500000	 21250682.6137451753
   417179.9999999812	  -232019.2363281250	   816556.0000000000	782	1	22	49.250000	 21250422.5808184966
   417180.9999999944	  -234712.6757812500	   813863.0000000000	332	1	22	49.500000	 21250161.6614202186
   417182.0000000079	  -237405.5146484375	   811170.0000000000	497	1	22	49.500000	 21249901.0072653852
   417183.0000000213	  -240097.7031250000	   808478.0000000000	304	1	22	49.500000	 21249641.0162194930
   417184.0000000331	  -242789.8710937500	   805786.0000000000	132	1	22	49.250000	 21249380.5540177524
   417185.0000000451	  -245482.1777343750	   803093.0000000000	842	1	22	49.250000	 21249119.9836245142
   417186.0000000584	  -248174.6259765625	   800401.0000000000	383	1	22	49.250000	 21248859.5633028597
   417187.0000000730	  -250867.1621093750	   797708.0000000000	858	1	22	49.000000	 21248598.6334340312
   417187.9999999129	  -253560.2138671875	   795015.0000000000	805	0	22	48.500000	 21248338.4225648232
   417188.9999999283	  -256253.2412109375	   792322.0000000000	777	1	22	48.750000	 21248078.7735429406
   417189.9999999436	  -258946.4384765625	   789629.0000000000	575	1	22	48.750000	 21247819.1978121065
   417190.9999999601	  -261639.5019531250	   786936.0000000000	510	1	22	49.000000	 21247559.4336183779
   417191.9999999771	  -264332.1035156250	   784243.0000000000	918	1	22	48.750000	 21247299.8090263903
   417192.9999999949	  -267023.9746093750	   781552.0000000000	26	1	22	49.000000	 21247040.1251033880
   417194.0000000121	  -269715.3339843750	   778860.0000000000	682	1	22	48.750000	 21246780.8564961106
   417195.0000000289	  -272405.8896484375	   776170.0000000000	113	1	22	48.750000	 21246521.7519211657
   417196.0000000464	  -275096.1855468750	   773479.0000000000	834	1	22	48.750000	 21246263.5722084269
   417197.0000000629	  -277786.2470703125	   770789.0000000000	771	1	22	48.750000	 21246005.3471254110
   417198.0000000786	  -280476.4326171875	   768099.0000000000	581	1	22	48.750000	 21245747.3593657650
   417198.9999999198	  -283166.8876953125	   765409.0000000000	115	0	22	48.750000	 21245489.5356882289
   417199.9999999366	  -285857.0009765625	   762718.0000000000	1023	1	22	49.000000	 21245230.5742051974
   417200.9999999553	  -288546.9775390625	   760029.0000000000	23	1	22	48.750000	 21244973.0296806656
   417201.9999999718	  -291236.9326171875	   757339.0000000000	69	1	22	48.750000	 21244715.2687738463
   417202.9999999892	  -293926.8876953125	   754649.0000000000	115	1	22	48.750000	 21244457.4659862258
   417204.0000000069	  -296616.6992187500	   751959.0000000000	308	1	22	48.750000	 21244198.6231645532
   417205.0000000268	  -299306.2880859375	   749269.0000000000	729	1	22	48.500000	 21243939.7279915214
   417206.0000000470	  -301995.1425781250	   746580.0000000000	878	1	22	48.500000	 21243680.6338857487
   417207.0000000675	  -304683.0957031250	   743892.0000000000	926	1	22	48.500000	 21243421.7875731774
   417207.9999999124	  -307371.2666015625	   741204.0000000000	751	0	22	48.250000	 21243164.2221580669
   417208.9999999321	  -310059.1025390625	   738516.0000000000	919	1	22	48.000000	 21242906.5624616891
   417209.9999999526	  -312746.7548828125	   735829.0000000000	251	1	22	48.250000	 21242649.2727100626
   417210.9999999733	  -315434.2832031250	   733141.0000000000	734	1	22	48.500000	 21242392.8938606195
   417211.9999999941	  -318121.4941406250	   730454.0000000000	518	1	22	48.500000	 21242135.5657183789
   417213.0000000155	  -320808.4394531250	   727767.0000000000	574	1	22	48.500000	 21241878.9844460003
   417214.0000000359	  -323495.3818359375	   725080.0000000000	633	1	22	48.500000	 21241623.2163548619
   417215.0000000562	  -326181.5478515625	   722394.0000000000	463	1	22	49.000000	 21241366.8933462463
   417216.0000000772	  -328867.9433593750	   719708.0000000000	58	1	22	49.000000	 21241111.1915658228
   417216.9999999228	  -331554.4736328125	   717021.0000000000	539	0	22	49.000000	 21240854.4079209901
   417217.9999999458	  -334240.1708984375	   714335.0000000000	849	1	22	49.000000	 21240598.1547125727
   417218.9999999686	  -336925.8242187500	   711650.0000000000	180	1	22	48.750000	 21240342.5471628904
   417219.9999999912	  -339611.1982421875	   708964.0000000000	821	1	22	49.000000	 21240086.0287110247
   417221.0000000150	  -342296.1123046875	   706279.0000000000	909	1	22	49.000000	 21239829.3217962645
   417222.0000000393	  -344980.3066406250	   703595.0000000000	710	1	22	49.250000	 21239573.5955845453
   417223.0000000634	  -347663.7822265625	   700912.0000000000	223	1	22	49.250000	 21239318.3893898986
   417224.0000000859	  -350346.6162109375	   698229.0000000000	393	1	22	49.000000	 21239061.9965797141
   417224.9999999339	  -353029.3564453125	   695546.0000000000	659	0	22	49.000000	 21238806.7869453616
   417225.9999999555	  -355712.4394531250	   692863.0000000000	574	1	22	49.000000	 21238551.1340253875
   417226.9999999775	  -358395.4697265625	   690180.0000000000	543	1	22	49.250000	 21238295.2821726575
   417228.0000000022	  -361077.7001953125	   687498.0000000000	307	1	22	49.250000	 21238039.5350205451
   417229.0000000263	  -363759.5566406250	   684816.0000000000	454	1	22	49.000000	 21237784.1857339665
   417230.0000000489	  -366441.3603515625	   682134.0000000000	655	1	22	48.500000	 21237527.9709161520
   417231.0000000732	  -369122.4531250000	   679453.0000000000	560	1	22	48.500000	 21237272.4052465819
   417231.9999999228	  -371803.3046875000	   676772.0000000000	712	0	22	48.750000	 21237017.6842183247
   417232.9999999466	  -374483.9238281250	   674092.0000000000	78	1	22	48.750000	 21236763.6611496434
   417233.9999999698	  -377164.1640625000	   671411.0000000000	856	1	22	48.750000	 21236509.7672128454
   417234.9999999944	  -379843.4306640625	   668732.0000000000	583	1	22	48.750000	 21236256.7213570401
   417236.0000000184	  -382520.9287109375	   666055.0000000000	73	1	22	49.250000	 21236003.9128245972
   417237.0000000410	  -385197.4101562500	   663378.0000000000	604	1	22	49.750000	 21235750.2562111691
   417238.0000000636	  -387873.8593750000	   660702.0000000000	144	1	22	49.000000	 21235496.4739560299
   417239.0000000864	  -390549.9335937500	   658026.0000000000	68	1	22	49.000000	 21235242.5835094266
   417239.9999999352	  -393225.5615234375	   655350.0000000000	449	0	22	49.250000	 21234989.3527313992
   417240.9999999591	  -395900.3085937500	   652675.0000000000	708	1	22	49.500000	 21234735.3645631522
   417241.9999999834	  -398574.0488281250	   650001.0000000000	974	1	22	49.500000	 21234481.2123625837
   417243.0000000075	  -401247.0683593750	   647328.0000000000	954	1	22	49.250000	 21234227.0252615958
   417244.0000000310	  -403919.4912109375	   644656.0000000000	521	1	22	49.250000	 21233973.7909435518
   417245.0000000539	  -406591.2890625000	   641984.0000000000	728	1	22	49.000000	 21233720.0784893148
   417246.0000000773	  -409262.6259765625	   639313.0000000000	383	1	22	48.750000	 21233466.6661789380
   417246.9999999253	  -411933.7138671875	   636642.0000000000	293	0	22	49.000000	 21233212.6187301576
   417247.9999999489	  -414604.2089843750	   633971.0000000000	810	1	22	48.750000	 21232959.8311381191
   417248.9999999726	  -417274.1591796875	   631301.0000000000	861	1	22	48.750000	 21232705.9511613585
   417249.9999999967	  -419943.2607421875	   628632.0000000000	757	1	22	48.750000	 21232452.7308033779
   417251.0000000198	  -422610.9472656250	   625965.0000000000	54	1	22	49.000000	 21232200.3934274912
   417252.0000000423	  -425277.4677734375	   623298.0000000000	545	1	22	49.250000	 21231948.2584745623
   417253.0000000639	  -427943.3759765625	   620632.0000000000	639	1	22	49.000000	 21231695.1637589596
   417254.0000000863	  -430608.9248046875	   617967.0000000000	77	1	22	48.500000	 21231443.4580817930
   417254.9999999331	  -433274.4970703125	   615301.0000000000	515	0	22	48.750000	 21231191.1905572787
   417255.9999999561	  -435939.3056640625	   612636.0000000000	711	1	22	48.750000	 21230938.6577388346
   417256.9999999796	  -438603.2587890625	   609972.0000000000	759	1	22	48.750000	 21230687.3010660149
   417258.0000000037	  -441266.2070312500	   607309.0000000000	812	1	22	49.000000	 21230436.2270868681
   417259.0000000273	  -443928.3984375000	   604647.0000000000	616	1	22	48.750000	 21230185.4602319337
   417260.0000000513	  -446590.1162109375	   601985.0000000000	905	1	22	48.750000	 21229935.5309881531
   417261.0000000732	  -449251.8525390625	   599324.0000000000	151	1	22	49.000000	 21229684.0800845735
   417261.9999999200	  -451913.2421875000	   596662.0000000000	776	0	22	49.000000	 21229432.1161941290
   417262.9999999440	  -454573.6416015625	   594002.0000000000	367	1	22	49.000000	 21229180.7385809161
   417263.9999999669	  -457232.9804687500	   591343.0000000000	20	1	22	49.000000	 21228928.8863216415
   417264.9999999896	  -459891.1542968750	   588684.0000000000	866	1	22	49.000000	 21228677.4284376949
   417266.0000000113	  -462549.0009765625	   586026.0000000000	1023	1	22	49.000000	 21228426.7837349772
   417267.0000000328	  -465206.1699218750	   583369.0000000000	850	1	22	49.000000	 21228175.9435897171
   417268.0000000547	  -467863.4111328125	   580712.0000000000	603	1	22	49.000000	 21227926.0841474719
   417269.0000000767	  -470520.5791015625	   578055.0000000000	431	1	22	49.000000	 21227674.9717784077
   417269.9999999246	  -473177.5751953125	   575398.0000000000	435	0	22	48.750000	 21227423.3394420817
   417270.9999999501	  -475833.7382812500	   572742.0000000000	268	1	22	49.000000	 21227172.8273600787
   417271.9999999749	  -478489.5605468750	   570086.0000000000	450	1	22	49.000000	 21226922.8387852833
   417272.9999999985	  -481145.0273437500	   567430.0000000000	996	1	22	49.000000	 21226673.3772078827
   417274.0000000217	  -483800.5458984375	   564775.0000000000	465	1	22	49.250000	 21226424.0447623804
   417275.0000000441	  -486455.3623046875	   562120.0000000000	653	1	22	49.250000	 21226173.1801865213
   417276.0000000689	  -489109.4941406250	   559466.0000000000	518	1	22	49.500000	 21225923.9070713334
   417276.9999999182	  -491762.7314453125	   556813.0000000000	275	0	22	49.250000	 21225674.6793769337
   417277.9999999426	  -494414.4541015625	   554161.0000000000	559	1	22	49.750000	 21225425.1584685221
   417278.9999999650	  -497065.7265625000	   551510.0000000000	280	1	22	49.250000	 21225174.7406186461
   417279.9999999884	  -499716.3574218750	   548859.0000000000	658	1	22	49.250000	 21224924.9056063145
   417281.0000000114	  -502366.8242187500	   546209.0000000000	180	1	22	49.000000	 21224675.9326356910
   417282.0000000341	  -505017.4550781250	   543558.0000000000	558	1	22	49.250000	 21224427.4796821028
   417283.0000000564	  -507667.0234375000	   540908.0000000000	1000	1	22	49.500000	 21224178.4578510076
   417284.0000000806	  -510315.7958984375	   538260.0000000000	209	1	22	49.500000	 21223929.7256932668
   417284.9999999287	  -512964.0185546875	   535611.0000000000	1005	0	22	49.250000	 21223680.1315443031
   417285.9999999510	  -515611.4941406250	   532964.0000000000	518	1	22	49.000000	 21223430.3942535967
   417286.9999999740	  -518258.5556640625	   530317.0000000000	455	1	22	48.750000	 21223181.1525493525
   417287.9999999960	  -520905.2275390625	   527670.0000000000	791	1	22	48.750000	 21222932.3296510167
   417289.0000000176	  -523551.1123046875	   525024.0000000000	909	1	22	48.750000	 21222682.9553253762
   417290.0000000406	  -526196.1220703125	   522379.0000000000	899	1	22	49.000000	 21222434.0172552131
   417291.0000000633	  -528839.9609375000	   519736.0000000000	40	1	22	49.000000	 21222185.5468514040
   417292.0000000855	  -531482.7128906250	   517093.0000000000	294	1	22	48.750000	 21221937.4917633310
   417292.9999999321	  -534124.5576171875	   514451.0000000000	453	0	22	49.000000	 21221690.0195632949
   417293.9999999529	  -536765.5742187500	   511810.0000000000	436	1	22	49.000000	 21221442.4042215273
   417294.9999999743	  -539406.4062500000	   509169.0000000000	608	1	22	49.000000	 21221195.7137419805
   417295.9999999963	  -542047.1337890625	   506528.0000000000	887	1	22	49.000000	 21220948.1612207256
   417297.0000000196	  -544687.3125000000	   503888.0000000000	704	1	22	49.000000	 21220700.7238706164
   417298.0000000436	  -547326.3837890625	   501249.0000000000	631	1	22	49.250000	 21220453.7995572053
   417299.0000000675	  -549964.8818359375	   498611.0000000000	121	1	22	49.250000	 21220206.8228931390
   417299.9999999163	  -552602.8720703125	   495973.0000000000	131	0	22	49.000000	 21219959.7450677492
   417300.9999999403	  -555240.2548828125	   493335.0000000000	763	1	22	48.750000	 21219712.6776624098
   417301.9999999648	  -557877.3994140625	   490698.0000000000	615	1	22	48.500000	 21219465.3205830492
   417302.9999999889	  -560513.9140625000	   488062.0000000000	88	1	22	48.500000	 21219218.2706279270
   417304.0000000125	  -563149.9189453125	   485426.0000000000	83	1	22	48.750000	 21218972.6376319826
   417305.0000000343	  -565785.0605468750	   482790.0000000000	962	1	22	48.500000	 21218725.3363941275
   417306.0000000576	  -568419.5361328125	   480156.0000000000	475	1	22	49.000000	 21218479.0263291933
   417307.0000000787	  -571053.5429687500	   477522.0000000000	468	1	22	48.500000	 21218232.6604241133
   417307.9999999264	  -573687.8056640625	   474888.0000000000	199	0	22	48.750000	 21217987.6661570407
   417308.9999999477	  -576320.9736328125	   472255.0000000000	27	1	22	48.750000	 21217741.5131447501
   417309.9999999724	  -578952.7402343750	   469623.0000000000	266	1	22	49.250000	 21217496.7666204162
   417310.9999999962	  -581583.3339843750	   466992.0000000000	682	1	22	49.250000	 21217251.6501513273
   417312.0000000203	  -584213.3408203125	   464362.0000000000	675	1	22	49.250000	 21217006.3172992580
   417313.0000000433	  -586842.7792968750	   461733.0000000000	226	1	22	48.500000	 21216760.6528930776
   417314.0000000675	  -589471.4404296875	   459104.0000000000	573	1	22	48.500000	 21216515.4980333708
   417314.9999999169	  -592099.7089843750	   456476.0000000000	298	0	22	48.500000	 21216271.5996405184
   417315.9999999387	  -594727.7519531250	   453848.0000000000	254	1	22	48.250000	 21216026.7135151289
   417316.9999999590	  -597355.7265625000	   451220.0000000000	280	1	22	48.250000	 21215780.2463989146
   417317.9999999802	  -599983.0908203125	   448592.0000000000	931	1	22	48.000000	 21215533.4512180611
   417319.0000000024	  -602609.8076171875	   445966.0000000000	197	1	22	48.250000	 21215288.1323267110
   417320.0000000243	  -605235.7148437500	   443340.0000000000	292	1	22	48.000000	 21215043.4416439012
   417321.0000000459	  -607860.1572265625	   440715.0000000000	863	1	22	48.500000	 21214799.2186274752
   417322.0000000669	  -610483.5585937500	   438092.0000000000	452	1	22	48.750000	 21214554.9642007723
   417322.9999999132	  -613106.6250000000	   435469.0000000000	384	0	22	48.500000	 21214310.8215055577
   417323.9999999336	  -615728.7001953125	   432847.0000000000	307	1	22	48.250000	 21214066.3925766870
   417324.9999999551	  -618349.8027343750	   430226.0000000000	202	1	22	48.750000	 21213822.5639355779
   417325.9999999758	  -620971.0058593750	   427604.0000000000	1018	1	22	48.500000	 21213578.8120757043
   417326.9999999957	  -623592.6044921875	   424983.0000000000	405	1	22	48.250000	 21213333.7793688923
   417328.0000000165	  -626214.2500000000	   422361.0000000000	768	1	22	48.250000	 21213088.7396817096
   417329.0000000389	  -628835.4511718750	   419740.0000000000	562	1	22	48.500000	 21212843.7767750919
   417330.0000000635	  -631455.6757812500	   417120.0000000000	332	1	22	48.250000	 21212600.0144439787
   417331.0000000857	  -634074.0000000000	   414502.0000000000	0	1	22	48.750000	 21212356.9850234054
   417331.9999999317	  -636691.7050781250	   411884.0000000000	302	0	22	49.000000	 21212113.6310788505
   417332.9999999528	  -639308.3769531250	   409267.0000000000	638	1	22	48.750000	 21211870.1095619835
   417333.9999999747	  -641921.4013671875	   406654.0000000000	613	1	22	48.750000	 21211627.5652579926
   417334.9999999923	  -644531.3154296875	   404044.0000000000	701	1	22	49.000000	 21211384.1240132228
   417336.0000000092	  -647139.6611328125	   401436.0000000000	347	1	22	48.750000	 21211141.3668177910
   417337.0000000260	  -649745.9531250000	   398830.0000000000	48	1	22	49.000000	 21210899.0039977133
   417338.0000000425	  -652348.4482421875	   396227.0000000000	565	1	22	49.250000	 21210657.1088440232
   417339.0000000536	  -654948.1982421875	   393627.0000000000	821	1	22	49.250000	 21210414.1631877460
   417340.0000000650	  -657546.6650390625	   391029.0000000000	343	1	22	49.250000	 21210171.6084166393
   417341.0000000770	  -660145.4140625000	   388430.0000000000	600	1	22	48.750000	 21209929.8005153686
   417341.9999999127	  -662744.1201171875	   385831.0000000000	901	0	22	48.750000	 21209687.2388143837
   417342.9999999258	  -665342.2412109375	   383233.0000000000	777	1	22	48.750000	 21209445.0470076576
   417343.9999999384	  -667940.4267578125	   380635.0000000000	587	1	22	48.750000	 21209202.8586911112
   417344.9999999509	  -670538.7734375000	   378037.0000000000	232	1	22	48.750000	 21208961.1903916001
   417345.9999999650	  -673136.7568359375	   375439.0000000000	249	1	22	48.750000	 21208718.5972291864
   417346.9999999806	  -675733.8164062500	   372842.0000000000	188	1	22	48.750000	 21208476.4403222129
   417347.9999999962	  -678330.8300781250	   370245.0000000000	174	1	22	48.750000	 21208235.5712425411
   417349.0000000102	  -680927.8085937500	   367648.0000000000	196	1	22	48.750000	 21207993.8017312177
   417350.0000000258	  -683524.4062500000	   365051.0000000000	608	1	22	48.750000	 21207752.2171919234
   417351.0000000412	  -686120.0458984375	   362455.0000000000	977	1	22	49.250000	 21207510.6884934716
   417352.0000000561	  -688715.4765625000	   359860.0000000000	536	1	22	49.250000	 21207269.8961950541
   417353.0000000715	  -691309.8828125000	   357266.0000000000	120	1	22	49.000000	 21207028.5629391558
   417353.9999999120	  -693903.3603515625	   354672.0000000000	655	0	22	49.250000	 21206786.8597883433
   417354.9999999271	  -696496.4111328125	   352079.0000000000	603	1	22	49.000000	 21206545.1181970984
   417355.9999999410	  -699088.5800781250	   349487.0000000000	430	1	22	48.500000	 21206302.5808755159
   417356.9999999551	  -701680.1806640625	   346895.0000000000	839	1	22	48.500000	 21206061.1324484758
   417357.9999999695	  -704271.4541015625	   344304.0000000000	559	1	22	48.250000	 21205820.3261899911
   417358.9999999856	  -706862.2089843750	   341713.0000000000	810	1	22	48.250000	 21205580.3121716715
   417360.0000000026	  -709451.9804687500	   339124.0000000000	20	1	22	48.500000	 21205341.0240828209
   417361.0000000184	  -712040.6689453125	   336535.0000000000	339	1	22	48.500000	 21205101.6382730231
   417362.0000000331	  -714628.7753906250	   333947.0000000000	230	1	22	48.500000	 21204861.3485413976
   417363.0000000483	  -717217.1611328125	   331358.0000000000	859	1	22	48.250000	 21204621.9487715401
   417364.0000000633	  -719805.3369140625	   328770.0000000000	679	1	22	48.250000	 21204382.0499250814
   417365.0000000791	  -722392.8173828125	   326183.0000000000	187	1	22	48.500000	 21204142.6641152538
   417365.9999999207	  -724980.0625000000	   323595.0000000000	960	0	22	48.250000	 21203904.0112650990
   417366.9999999357	  -727566.4199218750	   321009.0000000000	594	1	22	48.250000	 21203664.5416943878
   417367.9999999513	  -730151.4472656250	   318424.0000000000	566	1	22	48.250000	 21203425.3897177726
   417368.9999999659	  -732735.4970703125	   315840.0000000000	515	1	22	48.500000	 21203186.4960049316
   417369.9999999791	  -735318.5888671875	   313257.0000000000	421	1	22	48.250000	 21202947.6302128471
   417370.9999999934	  -737900.5800781250	   310675.0000000000	430	1	22	48.250000	 21202708.9354327582
   417372.0000000060	  -740481.4970703125	   308094.0000000000	515	1	22	48.500000	 21202469.4658627212
   417373.0000000204	  -743061.7812500000	   305514.0000000000	224	1	22	48.250000	 21202230.6628911570
   417374.0000000335	  -745641.7265625000	   302934.0000000000	280	1	22	48.250000	 21201991.3503730856
   417375.0000000467	  -748221.5742187500	   300354.0000000000	436	1	22	48.000000	 21201753.3256823048
   417376.0000000604	  -750801.0507812500	   297774.0000000000	972	1	22	48.000000	 21201514.3133081272
   417377.0000000754	  -753379.4189453125	   295196.0000000000	595	1	22	48.250000	 21201276.4351987690
   417378.0000000847	  -755957.4755859375	   292618.0000000000	537	1	22	48.500000	 21201037.3844353296
   417378.9999999232	  -758535.1738281250	   290040.0000000000	846	0	22	48.250000	 21200799.7925603203
   417379.9999999382	  -761111.5898437500	   287464.0000000000	420	1	22	48.750000	 21200562.6299105734
   417380.9999999515	  -763687.0097656250	   284888.0000000000	1014	1	22	48.750000	 21200325.2124879248
   417381.9999999647	  -766262.0576171875	   282313.0000000000	965	1	22	48.750000	 21200088.2068908289
   417382.9999999782	  -768836.9931640625	   279739.0000000000	7	1	22	48.750000	 21199851.2710945942
   417383.9999999922	  -771411.3984375000	   277164.0000000000	616	1	22	48.750000	 21199613.0788813271
   417385.0000000077	  -773984.6445312500	   274591.0000000000	364	1	22	48.750000	 21199376.1989252307
   417386.0000000224	  -776555.7119140625	   272020.0000000000	295	1	22	48.750000	 21199138.3417562805
   417387.0000000353	  -779125.4951171875	   269450.0000000000	517	1	22	49.000000	 21198900.8196323216
   417388.0000000485	  -781695.0996093750	   266880.0000000000	922	1	22	48.750000	 21198665.0844123177
   417389.0000000590	  -784264.3359375000	   264311.0000000000	680	1	22	49.000000	 21198427.4191971272
   417390.0000000708	  -786832.2812500000	   261743.0000000000	736	1	22	49.250000	 21198189.9773445763
   417391.0000000828	  -789398.8095703125	   259177.0000000000	195	1	22	49.000000	 21197953.0520188771
   417391.9999999194	  -791964.0312500000	   256611.0000000000	992	0	22	49.000000	 21197716.8875735924
   417392.9999999295	  -794528.3964843750	   254047.0000000000	618	1	22	48.750000	 21197479.9587584063
   417393.9999999413	  -797091.5068359375	   251484.0000000000	505	1	22	48.500000	 21197243.8221833780
   417394.9999999520	  -799653.8203125000	   248922.0000000000	184	1	22	48.500000	 21197006.6385946013
   417395.9999999633	  -802215.0185546875	   246360.0000000000	1005	1	22	48.000000	 21196770.6311514564
   417396.9999999740	  -804774.4277343750	   243801.0000000000	586	1	22	48.750000	 21196534.5748478360
   417397.9999999812	  -807332.9599609375	   241243.0000000000	41	1	22	48.500000	 21196297.0597056039
   417398.9999999893	  -809890.5253906250	   238685.0000000000	486	1	22	48.750000	 21196060.3786843307
   417399.9999999982	  -812446.7988281250	   236129.0000000000	206	1	22	48.500000	 21195825.2297933996
   417401.0000000061	  -815001.1308593750	   233574.0000000000	890	1	22	49.250000	 21195589.9273406714
   417402.0000000124	  -817552.8564453125	   231023.0000000000	147	1	22	49.250000	 21195353.4208222628
   417403.0000000174	  -820102.7451171875	   228473.0000000000	261	1	22	49.250000	 21195117.6751344502
   417404.0000000224	  -822651.3154296875	   225924.0000000000	701	1	22	49.250000	 21194883.0567317754
   417405.0000000268	  -825199.7900390625	   223376.0000000000	215	1	22	49.000000	 21194648.7280031219
   417406.0000000318	  -827747.8085937500	   220828.0000000000	196	1	22	49.000000	 21194413.5372327566
   417407.0000000371	  -830295.0166015625	   218280.0000000000	1007	1	22	48.750000	 21194179.0235313885
   417408.0000000420	  -832841.0107421875	   215734.0000000000	1013	1	22	49.000000	 21193944.4051287137
   417409.0000000463	  -835384.2695312500	   213191.0000000000	748	1	22	49.250000	 21193710.1496911198
   417410.0000000482	  -837924.4775390625	   210651.0000000000	535	1	22	49.500000	 21193474.6238771267
   417411.0000000485	  -840463.2187500000	   208112.0000000000	800	1	22	49.000000	 21193238.7699991502
   417412.0000000484	  -843001.7529296875	   205574.0000000000	253	1	22	48.750000	 21193003.3488871567
   417413.0000000509	  -845539.5771484375	   203036.0000000000	433	1	22	48.250000	 21192769.2854026258
   417414.0000000547	  -848076.5214843750	   200499.0000000000	490	1	22	48.750000	 21192535.4452807680
   417415.0000000578	  -850611.5546875000	   197964.0000000000	456	1	22	48.500000	 21192302.7184840217
   417416.0000000577	  -853144.9560546875	   195431.0000000000	45	1	22	49.250000	 21192068.4421073869
   417417.0000000598	  -855677.8173828125	   192898.0000000000	187	1	22	48.750000	 21191836.2597582415
   417418.0000000591	  -858209.6689453125	   190366.0000000000	339	1	22	48.750000	 21191602.9710650370
   417419.0000000586	  -860739.2636718750	   187836.0000000000	754	1	22	49.000000	 21191370.1290977784
   417420.0000000559	  -863268.1962890625	   185307.0000000000	823	1	22	48.750000	 21191136.2296469510
   417421.0000000539	  -865797.0869140625	   182778.0000000000	935	1	22	48.500000	 21190904.5428856499
   417422.0000000505	  -868326.2509765625	   180249.0000000000	767	1	22	49.000000	 21190670.4340321757
   417423.0000000498	  -870854.8300781250	   177721.0000000000	174	1	22	48.250000	 21190436.2693372257
   417424.0000000490	  -873383.0166015625	   175192.0000000000	1007	1	22	48.500000	 21190203.2144771963
   417425.0000000500	  -875910.5410156250	   172665.0000000000	470	1	22	48.250000	 21189969.2696546987
   417426.0000000516	  -878437.1152343750	   170138.0000000000	906	1	22	48.500000	 21189735.3562424481
   417427.0000000509	  -880962.3437500000	   167613.0000000000	672	1	22	48.500000	 21189501.3346394300
   417428.0000000504	  -883486.0117187500	   165089.0000000000	1012	1	22	48.500000	 21189267.5259291492
   417429.0000000495	  -886009.0566406250	   162566.0000000000	966	1	22	48.250000	 21189034.5792606175
   417430.0000000485	  -888531.1718750000	   160044.0000000000	848	1	22	48.250000	 21188802.4736933894
   417431.0000000487	  -891052.8046875000	   157523.0000000000	200	1	22	48.250000	 21188571.8618659079
   417432.0000000466	  -893573.1777343750	   155002.0000000000	842	1	22	48.250000	 21188340.1402041391
   417433.0000000444	  -896092.6914062500	   152483.0000000000	316	1	22	48.250000	 21188108.8303679489
   417434.0000000408	  -898611.8603515625	   149964.0000000000	143	1	22	48.250000	 21187875.9395409226
   417435.0000000385	  -901131.1630859375	   147444.0000000000	857	1	22	48.000000	 21187645.8651813678
   417436.0000000345	  -903650.3134765625	   144925.0000000000	703	1	22	48.250000	 21187414.4436641522
   417437.0000000325	  -906168.9443359375	   142407.0000000000	57	1	22	48.000000	 21187183.5980041586
   417438.0000000345	  -908686.8994140625	   139889.0000000000	103	1	22	48.500000	 21186953.0978576653
   417439.0000000342	  -911204.0429687500	   137371.0000000000	980	1	22	48.250000	 21186722.2033365108
   417440.0000000334	  -913719.9970703125	   134856.0000000000	3	1	22	48.500000	 21186491.4379472248
   417441.0000000307	  -916234.5429687500	   132341.0000000000	468	1	22	48.750000	 21186260.2746931240
   417442.0000000283	  -918748.4150390625	   129827.0000000000	599	1	22	48.750000	 21186030.3085250296
   417443.0000000257	  -921261.9980468750	   127314.0000000000	2	1	22	48.500000	 21185798.8590870947
   417444.0000000241	  -923775.0478515625	   124800.0000000000	975	1	22	48.500000	 21185568.0099369101
   417445.0000000226	  -926287.2226562500	   122288.0000000000	796	1	22	49.000000	 21185337.6075127088
   417446.0000000210	  -928797.8828125000	   119778.0000000000	120	1	22	49.250000	 21185107.6169140488
   417447.0000000181	  -931307.2919921875	   117268.0000000000	725	1	22	49.500000	 21184877.0818684846
   417448.0000000153	  -933815.5791015625	   114760.0000000000	431	1	22	49.250000	 21184647.0109990835
   417449.0000000110	  -936324.0224609375	   112251.0000000000	1001	1	22	49.000000	 21184416.0571482927
   417450.0000000075	  -938832.2353515625	   109743.0000000000	783	1	22	48.750000	 21184184.9183247536
   417451.0000000056	  -941340.1445312500	   107235.0000000000	876	1	22	48.500000	 21183954.8404750079
   417452.0000000026	  -943847.5166015625	   104728.0000000000	495	1	22	48.500000	 21183725.2721724622
   417453.0000000001	  -946354.0986328125	   102221.0000000000	923	1	22	49.000000	 21183495.8434716277
   417453.9999999976	  -948859.6513671875	    99716.0000000000	357	1	22	49.000000	 21183266.1460371874
   417454.9999999938	  -951364.1474609375	    97211.0000000000	873	1	22	49.000000	 21183037.3699754626
   417455.9999999900	  -953868.1591796875	    94707.0000000000	861	1	22	49.000000	 21182807.4317281470
   417456.9999999867	  -956371.1152343750	    92204.0000000000	906	1	22	48.500000	 21182578.0449081175
   417457.9999999842	  -958873.0175781250	    89702.0000000000	1006	1	22	49.000000	 21182349.2060252056
   417458.9999999801	  -961374.5029296875	    87201.0000000000	509	1	22	48.750000	 21182120.3252621740
   417459.9999999763	  -963875.8769531250	    84700.0000000000	126	1	22	48.750000	 21181891.9435757808
   417460.9999999729	  -966376.6054687500	    82199.0000000000	404	1	22	48.750000	 21181664.7031345852
   417461.9999999694	  -968877.3505859375	    79698.0000000000	665	1	22	49.000000	 21181435.7281401046
   417462.9999999675	  -971377.7187500000	    77198.0000000000	288	1	22	48.750000	 21181207.6186768338
   417463.9999999646	  -973876.7705078125	    74699.0000000000	235	1	22	49.000000	 21180979.5336441435
   417464.9999999619	  -976375.0361328125	    72200.0000000000	987	1	22	49.000000	 21180752.1989714950
   417465.9999999586	  -978872.8916015625	    69703.0000000000	111	1	22	48.750000	 21180523.8486953601
   417466.9999999551	  -981370.2480468750	    67205.0000000000	770	1	22	48.750000	 21180295.8578941151
   417467.9999999523	  -983866.9726562500	    64709.0000000000	28	1	22	49.000000	 21180067.4866775796
   417468.9999999501	  -986363.4765625000	    62212.0000000000	536	1	22	48.750000	 21179840.0403232686
   417469.9999999485	  -988859.1972656250	    59716.0000000000	822	1	22	48.750000	 21179612.1786532253
   417470.9999999464	  -991353.5048828125	    57222.0000000000	507	1	22	48.750000	 21179385.3221168183
   417471.9999999423	  -993847.6523437500	    54728.0000000000	356	1	22	48.750000	 21179156.1377197281
   417472.9999999384	  -996340.9052734375	    52235.0000000000	97	1	22	48.000000	 21178928.1678588837
   417473.9999999370	  -998832.9960937500	    49743.0000000000	4	1	22	48.750000	 21178700.9483573996
   417474.9999999334	 -1001324.6728515625	    47251.0000000000	335	1	22	48.500000	 21178472.9401059374
   417475.9999999305	 -1003815.3681640625	    44760.0000000000	647	1	22	48.500000	 21178246.1254503280
   417476.9999999264	 -1006305.5126953125	    42270.0000000000	499	1	22	48.750000	 21178019.9459835924
   417477.9999999221	 -1008795.1816406250	    39780.0000000000	838	1	22	48.750000	 21177793.5710742921
   417478.9999999172	 -1011284.3828125000	    37291.0000000000	632	1	22	48.750000	 21177567.0391130261
   417479.9999999136	 -1013772.8720703125	    34803.0000000000	131	1	22	48.750000	 21177340.5874224864
   417481.0000000852	 -1016260.2675781250	    32315.0000000000	750	2	22	48.750000	 21177113.6994260103
   417482.0000000816	 -1018747.4042968750	    29828.0000000000	610	1	22	48.750000	 21176886.8359099142
   417483.0000000774	 -1021234.1796875000	    27341.0000000000	840	1	22	49.000000	 21176661.7837283686
   417484.0000000725	 -1023720.2041015625	    24855.0000000000	815	1	22	49.000000	 21176436.3790522441
   417485.0000000683	 -1026205.3994140625	    22370.0000000000	615	1	22	49.500000	 21176211.4525123760
   417486.0000000636	 -1028689.6318359375	    19886.0000000000	377	1	22	49.500000	 21175985.8140030764
   417487.0000000597	 -1031172.8222656250	    17403.0000000000	182	1	22	49.500000	 21175760.0079712756
   417488.0000000556	 -1033655.2265625000	    14920.0000000000	792	1	22	49.500000	 21175533.2735870816
   417489.0000000520	 -1036136.6005859375	    12439.0000000000	409	1	22	49.250000	 21175307.5373561531
   417490.0000000488	 -1038616.9882812500	     9959.0000000000	12	1	22	49.500000	 21175082.9249202088
   417491.0000000432	 -1041096.8320312500	     7479.0000000000	172	1	22	49.500000	 21174857.7401172332
   417492.0000000369	 -1043575.0791015625	     5000.0000000000	943	1	22	49.500000	 21174633.4731968492
   417493.0000000310	 -1046051.7822265625	     2524.0000000000	223	1	22	50.000000	 21174409.6320620067
   417494.0000000232	 -1048527.1503906250	       48.0000000000	870	1	22	50.250000	 21174185.0719780773
   417495.0000000152	 -1051001.5468750000	  1046150.0000000000	464	1	22	49.750000	 21173959.5835417509
   417496.0000000083	 -1053474.5107421875	  1043677.0000000000	501	1	22	49.750000	 21173735.4283029884
   417497.0000000014	 -1055946.7431640625	  1041205.0000000000	263	1	22	49.750000	 21173510.2888710201
   417497.9999999941	 -1058418.5156250000	  1038733.0000000000	496	1	22	49.500000	 21173285.5996552072
   417498.9999999861	 -1060889.1181640625	  1036262.0000000000	903	1	22	49.500000	 21173061.3990461715
   417499.9999999790	 -1063357.3291015625	  1033794.0000000000	687	1	22	50.000000	 21172837.6207325384
   417500.9999999687	 -1065823.8544921875	  1031328.0000000000	149	1	22	50.000000	 21172612.7570152245
   417501.9999999593	 -1068288.7167968750	  1028863.0000000000	290	1	22	49.500000	 21172388.8356103562
   417502.9999999475	 -1070752.0859375000	  1026399.0000000000	936	1	22	49.500000	 21172164.0905550681
   417503.9999999366	 -1073213.8349609375	  1023938.0000000000	169	1	22	49.250000	 21171940.5914462879
   417504.9999999241	 -1075674.6572265625	  1021477.0000000000	351	1	22	49.500000	 21171717.0679076090
   417505.9999999126	 -1078135.0517578125	  1019016.0000000000	971	1	22	49.250000	 21171493.1081128046
   417507.0000000760	 -1080594.7988281250	  1016557.0000000000	206	2	22	49.000000	 21171268.8027533218
   417508.0000000647	 -1083054.0009765625	  1014097.0000000000	1023	1	22	48.750000	 21171045.1989432462
   417509.0000000540	 -1085511.7919921875	  1011640.0000000000	213	1	22	49.000000	 21170822.6107366495
   417510.0000000417	 -1087969.2285156250	  1009182.0000000000	790	1	22	49.250000	 21170600.0155503750
   417511.0000000276	 -1090426.1513671875	  1006725.0000000000	869	1	22	48.750000	 21170376.7014149800
   417512.0000000159	 -1092882.7060546875	  1004269.0000000000	301	1	22	48.750000	 21170154.4063725956
   417513.0000000031	 -1095338.5507812500	  1001813.0000000000	460	1	22	48.750000	 21169930.7955828384
   417513.9999999914	 -1097793.3564453125	   999358.0000000000	659	1	22	48.750000	 21169708.7692740560
   417514.9999999796	 -1100246.7773437500	   996905.0000000000	228	1	22	49.250000	 21169487.3153329752
   417515.9999999681	 -1102699.0742187500	   994452.0000000000	948	1	22	49.250000	 21169265.0726412386
   417516.9999999551	 -1105149.7812500000	   992002.0000000000	224	1	22	49.250000	 21169042.8055195995
   417517.9999999413	 -1107599.2871093750	   989552.0000000000	730	1	22	49.000000	 21168820.4720872715
   417518.9999999263	 -1110046.4941406250	   987105.0000000000	518	1	22	48.750000	 21168598.4702097625
   417520.0000000855	 -1112490.8085937500	   984661.0000000000	196	2	22	49.000000	 21168375.7528228499
   417521.0000000685	 -1114933.0185546875	   982218.0000000000	1005	1	22	48.750000	 21168153.4438217692
   417522.0000000503	 -1117374.1943359375	   979777.0000000000	825	1	22	48.750000	 21167931.2150921300
   417523.0000000310	 -1119816.1513671875	   977335.0000000000	869	1	22	48.500000	 21167708.9235419333
   417524.0000000139	 -1122257.5039062500	   974894.0000000000	508	1	22	48.500000	 21167487.2951000445
   417524.9999999972	 -1124698.4726562500	   972453.0000000000	540	1	22	48.250000	 21167266.0749935284
   417525.9999999802	 -1127138.6757812500	   970013.0000000000	332	1	22	48.000000	 21167044.7501856945
   417526.9999999642	 -1129578.4033203125	   967573.0000000000	611	1	22	48.500000	 21166823.4707481563
   417527.9999999473	 -1132017.2646484375	   965134.0000000000	753	1	22	48.500000	 21166602.3413828984
   417528.9999999311	 -1134455.5556640625	   962696.0000000000	455	1	22	48.750000	 21166382.1194296479
   417529.9999999137	 -1136893.1132812500	   960258.0000000000	908	1	22	48.500000	 21166161.4228303395
   417531.0000000735	 -1139329.6083984375	   957822.0000000000	401	2	22	48.750000	 21165941.7243338078
   417532.0000000575	 -1141765.7646484375	   955386.0000000000	241	1	22	48.750000	 21165721.7152733430
   417533.0000000424	 -1144201.5634765625	   952950.0000000000	447	1	22	48.750000	 21165501.6992325298
   417534.0000000270	 -1146636.4443359375	   950515.0000000000	569	1	22	48.750000	 21165281.1492146514
   417535.0000000115	 -1149070.2558593750	   948081.0000000000	762	1	22	49.000000	 21165061.0110223144
   417535.9999999955	 -1151503.2187500000	   945648.0000000000	800	1	22	48.750000	 21164841.1625039801
   417536.9999999804	 -1153935.4560546875	   943216.0000000000	557	1	22	48.750000	 21164621.4151967876
   417537.9999999633	 -1156367.1738281250	   940784.0000000000	846	1	22	48.750000	 21164401.5213081725
   417538.9999999468	 -1158798.0849609375	   938353.0000000000	937	1	22	48.750000	 21164182.3568392098
   417539.9999999292	 -1161228.2207031250	   935923.0000000000	798	1	22	49.000000	 21163962.7351744026
   417541.0000000860	 -1163657.6396484375	   933494.0000000000	369	2	22	48.750000	 21163743.4345440790
   417542.0000000673	 -1166087.0576171875	   931064.0000000000	965	1	22	49.000000	 21163524.7691524066
   417543.0000000485	 -1168515.8486328125	   928636.0000000000	155	1	22	49.000000	 21163305.8001267239
   417544.0000000307	 -1170944.0478515625	   926207.0000000000	975	1	22	49.250000	 21163087.2359462045
   417545.0000000138	 -1173371.8154296875	   923780.0000000000	189	1	22	49.000000	 21162868.9684193879
   417545.9999999971	 -1175799.4707031250	   921352.0000000000	542	1	22	49.250000	 21162651.0394270569
   417546.9999999789	 -1178227.0068359375	   918924.0000000000	1017	1	22	49.250000	 21162431.9412694648
   417547.9999999616	 -1180654.3486328125	   916497.0000000000	667	1	22	49.250000	 21162212.5673978887
   417548.9999999460	 -1183081.3535156250	   914070.0000000000	662	1	22	49.250000	 21161993.9508660324
   417549.9999999311	 -1185507.9326171875	   911644.0000000000	69	1	22	49.250000	 21161776.1510049142
   417550.9999999152	 -1187934.0048828125	   909217.0000000000	1019	1	22	49.250000	 21161557.1784883440
   417552.0000000747	 -1190358.9560546875	   906793.0000000000	45	2	22	49.250000	 21161339.1098437756
   417553.0000000579	 -1192783.8281250000	   904368.0000000000	176	1	22	49.250000	 21161120.8772173934
   417554.0000000416	 -1195208.6503906250	   901943.0000000000	358	1	22	49.250000	 21160903.0529263988
   417555.0000000249	 -1197632.9169921875	   899519.0000000000	85	1	22	49.250000	 21160685.8568439111
   417556.0000000106	 -1200056.5966796875	   897095.0000000000	413	1	22	49.500000	 21160469.2156782001
   417556.9999999956	 -1202479.4404296875	   894672.0000000000	573	1	22	49.250000	 21160251.3809166402
   417557.9999999793	 -1204901.9355468750	   892250.0000000000	66	1	22	49.250000	 21160033.4309839159
   417558.9999999623	 -1207324.1328125000	   889827.0000000000	888	1	22	49.250000	 21159815.8265660554
   417559.9999999468	 -1209745.0068359375	   887406.0000000000	1017	1	22	49.500000	 21159598.5502121560
   417560.9999999299	 -1212165.1796875000	   884986.0000000000	840	1	22	49.500000	 21159380.6945108846
   417561.9999999134	 -1214585.8691406250	   882566.0000000000	134	1	22	49.000000	 21159163.6938709654
   417563.0000000721	 -1217006.3486328125	   880145.0000000000	667	2	22	49.500000	 21158945.9881914854
   417564.0000000572	 -1219426.4667968750	   877725.0000000000	546	1	22	48.750000	 21158729.7274410725
   417565.0000000436	 -1221845.6679687500	   875306.0000000000	340	1	22	49.250000	 21158513.7424039543
   417566.0000000303	 -1224264.2343750000	   872887.0000000000	784	1	22	49.250000	 21158297.2722502612
   417567.0000000162	 -1226682.5810546875	   870469.0000000000	429	1	22	49.000000	 21158078.9837823734
   417568.0000000022	 -1229100.6064453125	   868051.0000000000	403	1	22	48.500000	 21157862.2693255991
   417568.9999999882	 -1231518.4873046875	   865633.0000000000	525	1	22	48.750000	 21157647.1637804210
   417569.9999999742	 -1233935.1201171875	   863216.0000000000	901	1	22	49.000000	 21157431.4684173353
   417570.9999999608	 -1236351.1298828125	   860800.0000000000	891	1	22	49.500000	 21157216.9841003120
   417571.9999999473	 -1238766.8173828125	   858385.0000000000	187	1	22	49.000000	 21157001.7319730334
   417572.9999999350	 -1241182.0332031250	   855969.0000000000	990	1	22	49.250000	 21156785.9877487943
   417573.9999999214	 -1243596.8876953125	   853555.0000000000	115	1	22	49.250000	 21156569.6816274039
   417575.0000000835	 -1246010.2001953125	   851141.0000000000	819	2	22	49.000000	 21156353.7209703848
   417576.0000000691	 -1248421.5468750000	   848730.0000000000	464	1	22	49.500000	 21156137.6172719300
   417577.0000000540	 -1250830.0996093750	   846321.0000000000	922	1	22	49.250000	 21155922.3232645392
   417578.0000000361	 -1253236.8789062500	   843915.0000000000	124	1	22	49.500000	 21155707.1758399345
   417579.0000000179	 -1255640.5322265625	   841511.0000000000	479	1	22	49.250000	 21155492.7997157685
   417579.9999999949	 -1258040.8369140625	   839111.0000000000	167	1	22	49.500000	 21155277.5824916363
   417580.9999999714	 -1260439.1542968750	   836712.0000000000	866	1	22	49.750000	 21155063.0493168719
   417581.9999999473	 -1262836.4355468750	   834315.0000000000	578	1	22	49.500000	 21154848.4847318567
   417582.9999999235	 -1265232.4248046875	   831919.0000000000	589	1	22	49.250000	 21154633.8643060029
   417584.0000000756	 -1267626.6953125000	   829525.0000000000	312	2	22	49.500000	 21154419.7324364521
   417585.0000000508	 -1270020.4687500000	   827131.0000000000	544	1	22	49.500000	 21154204.8153568991
   417586.0000000275	 -1272413.6074218750	   824738.0000000000	402	1	22	49.000000	 21153990.4950749055
   417587.0000000033	 -1274806.1250000000	   822345.0000000000	896	1	22	49.000000	 21153775.9130396806
   417587.9999999804	 -1277197.9541015625	   819954.0000000000	47	1	22	49.250000	 21153562.7165526859
   417588.9999999568	 -1279588.6904296875	   817563.0000000000	317	1	22	49.250000	 21153349.1501209401
   417589.9999999336	 -1281978.3554687500	   815173.0000000000	660	1	22	49.500000	 21153135.7058407217
   417591.0000000848	 -1284366.6367187500	   812785.0000000000	372	2	22	49.250000	 21152921.7414936572
   417592.0000000607	 -1286754.0302734375	   810397.0000000000	993	1	22	49.500000	 21152708.9114619158
   417593.0000000353	 -1289140.3525390625	   808011.0000000000	663	1	22	49.500000	 21152495.2333491892
   417594.0000000101	 -1291525.6708984375	   805626.0000000000	337	1	22	49.500000	 21152282.3579471409
   417594.9999999845	 -1293910.4179687500	   803241.0000000000	596	1	22	49.500000	 21152069.3429433852
   417595.9999999588	 -1296293.4628906250	   800858.0000000000	550	1	22	49.500000	 21151855.7206714861
   417596.9999999314	 -1298674.7753906250	   798477.0000000000	230	1	22	49.750000	 21151641.4492513537
   417598.0000000792	 -1301054.9755859375	   796097.0000000000	25	2	22	49.750000	 21151427.4744351096
   417599.0000000537	 -1303433.8828125000	   793718.0000000000	120	1	22	49.500000	 21151215.2272416018
   417600.0000000263	 -1305811.4062500000	   791340.0000000000	608	1	22	50.000000	 21151002.8160164505
   417600.9999999985	 -1308186.8730468750	   788965.0000000000	130	1	22	49.500000	 21150790.1569980830
   417601.9999999690	 -1310560.4082031250	   786591.0000000000	606	1	22	49.750000	 21150577.8330247067
   417602.9999999384	 -1312933.2324218750	   784218.0000000000	786	1	22	49.750000	 21150365.0169550553
   417604.0000000845	 -1315305.2031250000	   781846.0000000000	816	2	22	49.000000	 21150152.6999115422
   417605.0000000561	 -1317677.1220703125	   779474.0000000000	899	1	22	49.000000	 21149941.5660438426
   417606.0000000262	 -1320048.0517578125	   777103.0000000000	971	1	22	49.250000	 21149729.8353785463
   417606.9999999962	 -1322417.4736328125	   774734.0000000000	539	1	22	49.500000	 21149518.8027226478
   417607.9999999664	 -1324785.9023437500	   772366.0000000000	100	1	22	49.750000	 21149307.5187833458
   417608.9999999359	 -1327153.8867187500	   769998.0000000000	116	1	22	49.500000	 21149096.0428916402
   417610.0000000820	 -1329520.4130859375	   767631.0000000000	601	2	22	49.250000	 21148885.5860431120
   417611.0000000510	 -1331886.1123046875	   765265.0000000000	909	1	22	50.000000	 21148674.8116509691
   417612.0000000200	 -1334250.9462890625	   762901.0000000000	55	1	22	50.000000	 21148463.0356154032
   417612.9999999900	 -1336615.0605468750	   760536.0000000000	962	1	22	49.500000	 21148252.1635016426
   417613.9999999602	 -1338978.9228515625	   758173.0000000000	79	1	22	49.500000	 21148041.8812057897
   417614.9999999280	 -1341342.7138671875	   755809.0000000000	293	1	22	49.250000	 21147830.0423496924
   417616.0000000722	 -1343705.6064453125	   753446.0000000000	403	2	22	49.250000	 21147618.7234601453
   417617.0000000427	 -1346067.8828125000	   751084.0000000000	120	1	22	49.500000	 21147408.6715073064
   417618.0000000137	 -1348429.8007812500	   748722.0000000000	204	1	22	49.750000	 21147199.0802404806
   417618.9999999818	 -1350792.0107421875	   746359.0000000000	1013	1	22	49.500000	 21146988.4908210672
   417619.9999999506	 -1353154.1386718750	   743997.0000000000	882	1	22	49.750000	 21146778.5051795915
   417620.9999999206	 -1355515.9560546875	   741636.0000000000	45	1	22	49.250000	 21146567.9017994627
   417622.0000000664	 -1357877.1943359375	   739274.0000000000	825	2	22	49.250000	 21146358.8968105726
   417623.0000000374	 -1360237.9804687500	   736914.0000000000	20	1	22	50.000000	 21146149.3055437431
   417624.0000000086	 -1362598.2265625000	   734553.0000000000	792	1	22	50.000000	 21145939.0686181597
   417624.9999999799	 -1364957.4599609375	   732194.0000000000	553	1	22	49.750000	 21145729.1178764552
   417625.9999999513	 -1367315.7080078125	   729836.0000000000	299	1	22	50.000000	 21145518.9507517703
   417626.9999999218	 -1369673.0576171875	   727478.0000000000	965	1	22	49.750000	 21145309.0418908484
   417628.0000000678	 -1372028.4746093750	   725123.0000000000	538	2	22	50.000000	 21145099.5343351327
   417629.0000000368	 -1374382.2548828125	   722769.0000000000	763	1	22	50.250000	 21144891.3704980351
   417630.0000000051	 -1376735.4140625000	   720416.0000000000	600	1	22	50.500000	 21144683.0879995674
   417630.9999999721	 -1379088.3134765625	   718063.0000000000	703	1	22	50.000000	 21144474.1528627165
   417631.9999999393	 -1381441.0703125000	   715710.0000000000	952	1	22	50.000000	 21144265.4306186475
   417633.0000000834	 -1383792.8095703125	   713359.0000000000	195	2	22	50.000000	 21144057.0643088035
   417634.0000000531	 -1386143.9541015625	   711008.0000000000	47	1	22	50.250000	 21143848.9493321665
   417635.0000000215	 -1388494.5273437500	   708657.0000000000	484	1	22	50.000000	 21143640.3073588386
   417635.9999999907	 -1390844.2031250000	   706307.0000000000	816	1	22	50.250000	 21143432.4471557997
   417636.9999999591	 -1393193.3935546875	   703958.0000000000	621	1	22	50.250000	 21143224.0739160888
   417637.9999999279	 -1395542.4335937500	   701609.0000000000	580	1	22	50.000000	 21143015.6797359772
   417639.0000000718	 -1397891.2207031250	   699260.0000000000	798	2	22	49.750000	 21142807.4041674100
   417640.0000000409	 -1400240.2548828125	   696911.0000000000	763	1	22	49.500000	 21142599.5265141390
   417641.0000000108	 -1402588.9970703125	   694563.0000000000	3	1	22	49.750000	 21142391.1777043268
   417641.9999999817	 -1404937.2919921875	   692214.0000000000	725	1	22	49.500000	 21142182.7137226649
   417642.9999999524	 -1407285.0253906250	   689866.0000000000	998	1	22	49.250000	 21141974.3230320513
   417643.9999999239	 -1409632.1103515625	   687519.0000000000	911	1	22	49.500000	 21141766.8746538721
   417645.0000000702	 -1411978.5332031250	   685173.0000000000	478	2	22	49.750000	 21141560.3161876723
   417646.0000000400	 -1414324.8378906250	   682827.0000000000	166	1	22	49.750000	 21141353.6670307219
   417647.0000000104	 -1416670.6992187500	   680481.0000000000	308	1	22	50.000000	 21141147.4611095302
   417647.9999999804	 -1419016.1748046875	   678135.0000000000	845	1	22	50.000000	 21140940.1488436125
   417648.9999999519	 -1421361.1669921875	   675790.0000000000	853	1	22	50.000000	 21140733.1122909822
   417649.9999999230	 -1423706.1972656250	   673445.0000000000	822	1	22	50.000000	 21140527.7230405509
   417651.0000000684	 -1426051.0947265625	   671100.0000000000	927	2	22	50.250000	 21140321.4577385448
   417652.0000000395	 -1428396.5654296875	   668755.0000000000	445	1	22	50.000000	 21140115.0493944548
   417653.0000000118	 -1430742.1386718750	   666409.0000000000	882	1	22	50.250000	 21139908.1140529439
   417653.9999999853	 -1433087.4648437500	   664064.0000000000	548	1	22	50.000000	 21139701.7057081722
   417654.9999999597	 -1435432.2695312500	   661719.0000000000	748	1	22	50.000000	 21139495.4334749505
   417655.9999999341	 -1437776.2246093750	   659375.0000000000	794	1	22	49.750000	 21139289.6987089776
   417657.0000000822	 -1440119.5185546875	   657032.0000000000	493	2	22	50.250000	 21139084.1279255077
   417658.0000000541	 -1442463.1650390625	   654688.0000000000	855	1	22	49.750000	 21138877.9638844654
   417659.0000000271	 -1444806.8056640625	   652345.0000000000	199	1	22	49.750000	 21138672.1139473096
   417660.0000000015	 -1447149.9912109375	   650002.0000000000	9	1	22	49.750000	 21138465.5380800217
   417660.9999999768	 -1449492.8769531250	   647659.0000000000	126	1	22	49.750000	 21138260.2256094739
   417661.9999999520	 -1451835.1503906250	   645316.0000000000	870	1	22	49.750000	 21138054.3407712169
   417662.9999999281	 -1454177.3125000000	   642974.0000000000	704	1	22	49.750000	 21137850.2742471546
   417664.0000000767	 -1456519.2207031250	   640632.0000000000	798	2	22	49.750000	 21137645.4154331163
   417665.0000000509	 -1458861.2568359375	   638290.0000000000	761	1	22	49.500000	 21137440.2181343958
   417666.0000000269	 -1461203.2734375000	   635948.0000000000	744	1	22	49.500000	 21137236.2598018348
   417667.0000000026	 -1463545.1318359375	   633606.0000000000	889	1	22	49.750000	 21137032.2142181508
   417667.9999999787	 -1465887.1298828125	   631264.0000000000	891	1	22	49.750000	 21136828.3082362302
   417668.9999999556	 -1468228.9169921875	   628923.0000000000	85	1	22	49.750000	 21136623.6274636798
   417669.9999999337	 -1470570.3974609375	   626581.0000000000	617	1	22	49.750000	 21136419.1700537875
   417671.0000000863	 -1472911.5273437500	   624240.0000000000	484	2	22	49.750000	 21136215.2116707303
   417672.0000000637	 -1475252.7744140625	   621899.0000000000	231	1	22	49.750000	 21136010.9741339870
   417673.0000000414	 -1477593.7480468750	   619558.0000000000	258	1	22	49.750000	 21135806.4120227545
   417674.0000000200	 -1479934.3369140625	   617217.0000000000	679	1	22	49.500000	 21135602.0767643824
   417674.9999999988	 -1482274.5068359375	   614877.0000000000	505	1	22	49.500000	 21135397.6856651865
   417675.9999999775	 -1484614.1669921875	   612537.0000000000	853	1	22	49.250000	 21135193.1340238415
   417676.9999999566	 -1486952.9892578125	   610199.0000000000	11	1	22	49.500000	 21134989.6887272559
   417677.9999999349	 -1489291.3515625000	   607860.0000000000	664	1	22	49.750000	 21134786.8576791547
   417678.9999999130	 -1491629.5214843750	   605522.0000000000	490	1	22	49.750000	 21134584.1173723228
   417680.0000000663	 -1493967.2148437500	   603184.0000000000	804	2	22	49.750000	 21134380.6545757018
   417681.0000000443	 -1496304.8720703125	   600847.0000000000	131	1	22	49.500000	 21134177.7362765223
   417682.0000000231	 -1498642.2695312500	   598509.0000000000	748	1	22	49.500000	 21133975.3484642245
   417683.0000000023	 -1500979.3574218750	   596172.0000000000	658	1	22	49.750000	 21133773.3515370600
   417683.9999999806	 -1503316.8125000000	   593835.0000000000	192	1	22	49.750000	 21133570.8241230249
   417684.9999999589	 -1505653.7607421875	   591498.0000000000	245	1	22	50.000000	 21133367.5637991577
   417685.9999999392	 -1507988.9912109375	   589163.0000000000	9	1	22	49.750000	 21133165.7727844417
   417686.9999999189	 -1510323.3300781250	   586828.0000000000	686	1	22	50.000000	 21132964.0585509576
   417688.0000000719	 -1512657.7138671875	   584494.0000000000	293	2	22	49.500000	 21132761.1157713719
   417689.0000000502	 -1514992.6298828125	   582159.0000000000	379	1	22	49.500000	 21132558.4103649631
   417690.0000000292	 -1517327.4960937500	   579824.0000000000	516	1	22	49.250000	 21132356.0749033205
   417691.0000000092	 -1519662.1357421875	   577489.0000000000	885	1	22	49.250000	 21132153.3380859978
   417691.9999999906	 -1521996.3251953125	   575155.0000000000	691	1	22	49.000000	 21131951.0026236698
   417692.9999999721	 -1524330.0107421875	   572821.0000000000	1013	1	22	49.250000	 21131748.7195119970
   417693.9999999535	 -1526663.2441406250	   570488.0000000000	774	1	22	49.250000	 21131546.5271415859
   417694.9999999352	 -1528995.8164062500	   568156.0000000000	188	1	22	49.000000	 21131344.5825644098
   417695.9999999178	 -1531326.8144531250	   565825.0000000000	190	1	22	49.500000	 21131144.0444758721
   417697.0000000739	 -1533655.7333984375	   563496.0000000000	273	2	22	50.000000	 21130943.5656685457
   417698.0000000534	 -1535982.9912109375	   561169.0000000000	9	1	22	50.000000	 21130742.8181780763
   417699.0000000315	 -1538309.1738281250	   558842.0000000000	846	1	22	50.000000	 21130541.8124245331
   417700.0000000100	 -1540635.2812500000	   556516.0000000000	736	1	22	49.500000	 21130341.5919314548
   417700.9999999887	 -1542961.1347656250	   554190.0000000000	886	1	22	49.500000	 21130140.3314043060
   417701.9999999687	 -1545286.5371093750	   551865.0000000000	474	1	22	49.500000	 21129939.2942398153
   417702.9999999483	 -1547611.5781250000	   549540.0000000000	432	1	22	49.500000	 21129738.7247417048
   417703.9999999282	 -1549936.4267578125	   547215.0000000000	587	1	22	49.250000	 21129537.9388606213
   417705.0000000832	 -1552260.9150390625	   544891.0000000000	87	2	22	49.250000	 21129337.5926753618
   417706.0000000633	 -1554584.8398437500	   542567.0000000000	164	1	22	49.250000	 21129137.0196870752
   417707.0000000442	 -1556908.0166015625	   540243.0000000000	1007	1	22	49.500000	 21128937.1028273776
   417708.0000000249	 -1559230.0898437500	   537921.0000000000	932	1	22	49.500000	 21128737.5628927909
   417709.0000000049	 -1561550.7910156250	   535601.0000000000	214	1	22	50.000000	 21128538.1346398890
   417709.9999999837	 -1563871.6914062500	   533280.0000000000	316	1	22	49.750000	 21128339.0204915665
   417710.9999999626	 -1566192.3759765625	   530959.0000000000	639	1	22	49.750000	 21128140.3879696727
   417711.9999999419	 -1568512.6015625000	   528639.0000000000	408	1	22	49.750000	 21127941.8601490855
   417712.9999999212	 -1570832.5615234375	   526319.0000000000	449	1	22	49.750000	 21127742.9030527323
   417714.0000000758	 -1573152.0468750000	   523999.0000000000	976	2	22	49.750000	 21127544.4380028620
   417715.0000000551	 -1575471.2666015625	   521680.0000000000	751	1	22	49.750000	 21127345.1772724241
   417716.0000000346	 -1577790.0585937500	   519361.0000000000	964	1	22	50.000000	 21127145.8781513944
   417717.0000000146	 -1580108.4375000000	   517043.0000000000	576	1	22	50.000000	 21126945.9682720788
   417717.9999999952	 -1582426.3916015625	   514725.0000000000	623	1	22	49.750000	 21126746.8401630372
   417718.9999999753	 -1584744.5712890625	   512407.0000000000	439	1	22	50.000000	 21126548.1273697317
   417719.9999999554	 -1587062.8066406250	   510089.0000000000	198	1	22	50.000000	 21126348.8422087394
   417720.9999999367	 -1589380.6210937500	   507771.0000000000	388	1	22	49.750000	 21126150.0840444565
   417721.9999999186	 -1591698.2324218750	   505453.0000000000	786	1	22	49.750000	 21125952.0552998222
   417723.0000000754	 -1594015.2812500000	   503136.0000000000	736	2	22	50.000000	 21125754.2359079793
   417724.0000000578	 -1596332.3886718750	   500819.0000000000	626	1	22	50.000000	 21125556.0605812669
   417725.0000000414	 -1598649.1542968750	   498502.0000000000	866	1	22	50.000000	 21125358.6984350719
   417726.0000000249	 -1600965.6552734375	   496186.0000000000	353	1	22	50.250000	 21125161.8388557322
   417727.0000000087	 -1603281.9394531250	   493870.0000000000	62	1	22	50.250000	 21124964.5290601924
   417727.9999999926	 -1605598.0869140625	   491553.0000000000	935	1	22	50.250000	 21124767.3972570300
   417728.9999999767	 -1607913.9765625000	   489238.0000000000	24	1	22	50.250000	 21124570.3003542945
   417729.9999999619	 -1610229.7871093750	   486922.0000000000	218	1	22	50.250000	 21124373.9991819039
   417730.9999999458	 -1612545.1103515625	   484606.0000000000	911	1	22	50.250000	 21124176.1344689056
   417731.9999999310	 -1614859.9541015625	   482292.0000000000	47	1	22	50.500000	 21123978.9398445450
   417732.9999999165	 -1617174.3173828125	   479977.0000000000	699	1	22	50.250000	 21123781.8673717082
   417734.0000000767	 -1619488.3955078125	   477663.0000000000	619	2	22	50.000000	 21123585.0426422879
   417735.0000000603	 -1621802.6240234375	   475349.0000000000	385	1	22	50.000000	 21123388.1097718887
   417736.0000000452	 -1624116.4267578125	   473035.0000000000	587	1	22	50.000000	 21123191.1315304860
   417737.0000000313	 -1626429.6240234375	   470722.0000000000	385	1	22	50.000000	 21122994.5022934675
   417738.0000000177	 -1628742.3710937500	   468409.0000000000	644	1	22	50.000000	 21122798.2464913391
   417739.0000000041	 -1631054.8906250000	   466097.0000000000	112	1	22	50.000000	 21122602.8492407985
   417739.9999999895	 -1633367.5019531250	   463784.0000000000	510	1	22	49.750000	 21122406.8691526689
   417740.9999999764	 -1635680.3076171875	   461471.0000000000	709	1	22	50.000000	 21122210.6447608247
   417741.9999999645	 -1637993.1308593750	   459158.0000000000	890	1	22	49.750000	 21122015.3242908046
   417742.9999999523	 -1640305.9580078125	   456846.0000000000	43	1	22	49.500000	 21121819.0754683800
   417743.9999999403	 -1642618.4853515625	   454533.0000000000	527	1	22	49.500000	 21121622.4497208446
   417744.9999999295	 -1644930.5361328125	   452221.0000000000	475	1	22	49.500000	 21121426.8709870540
   417745.9999999190	 -1647241.8466796875	   449910.0000000000	157	1	22	49.500000	 21121231.2713128664
   417747.0000000835	 -1649552.5537109375	   447599.0000000000	457	2	22	49.750000	 21121036.4708093777
   417748.0000000710	 -1651863.3037109375	   445288.0000000000	713	1	22	49.500000	 21120840.9932873957
   417749.0000000588	 -1654173.8271484375	   442978.0000000000	177	1	22	49.500000	 21120646.3010259122
   417750.0000000464	 -1656484.1142578125	   440667.0000000000	907	1	22	49.750000	 21120451.0014963001
   417751.0000000356	 -1658794.2353515625	   438357.0000000000	783	1	22	49.750000	 21120256.7280400097
   417752.0000000242	 -1661104.3681640625	   436047.0000000000	647	1	22	49.750000	 21120062.8349990174
   417753.0000000120	 -1663414.1777343750	   433737.0000000000	842	1	22	50.000000	 21119867.7309119888
   417754.0000000012	 -1665724.0000000000	   431428.0000000000	0	1	22	49.750000	 21119674.6196413077
   417754.9999999905	 -1668033.4892578125	   429118.0000000000	523	1	22	50.000000	 21119480.2379935458
   417755.9999999806	 -1670342.7851562500	   426809.0000000000	220	1	22	50.000000	 21119285.7970147692
   417756.9999999705	 -1672651.9277343750	   424500.0000000000	74	1	22	50.000000	 21119091.7678615451
   417757.9999999608	 -1674961.1435546875	   422190.0000000000	877	1	22	50.000000	 21118897.8259594068
   417758.9999999520	 -1677270.1298828125	   419881.0000000000	891	1	22	50.000000	 21118702.8754334562
   417759.9999999438	 -1679578.5068359375	   417573.0000000000	505	1	22	49.750000	 21118508.5112352334
   417760.9999999350	 -1681886.4990234375	   415265.0000000000	513	1	22	50.000000	 21118314.7054446563
   417761.9999999260	 -1684194.3251953125	   412957.0000000000	691	1	22	49.750000	 21118120.8473034240
   417762.9999999179	 -1686501.6376953125	   410650.0000000000	371	1	22	50.000000	 21117926.6785477772
   417764.0000000857	 -1688808.3769531250	   408343.0000000000	638	2	22	50.000000	 21117734.0174420998
   417765.0000000770	 -1691115.0195312500	   406036.0000000000	1004	1	22	50.250000	 21117541.0876532756
   417766.0000000694	 -1693421.3515625000	   403730.0000000000	664	1	22	50.250000	 21117348.5068688057
   417767.0000000618	 -1695727.7363281250	   401424.0000000000	270	1	22	50.250000	 21117156.1948179454
   417768.0000000540	 -1698034.3525390625	   399117.0000000000	663	1	22	50.500000	 21116963.5442326032
   417769.0000000476	 -1700340.7656250000	   396811.0000000000	240	1	22	50.750000	 21116770.8831767254
   417770.0000000419	 -1702646.6074218750	   394505.0000000000	402	1	22	50.500000	 21116578.4315234609
   417771.0000000370	 -1704952.1630859375	   392199.0000000000	857	1	22	50.750000	 21116386.6534490064
   417772.0000000309	 -1707257.2236328125	   389894.0000000000	795	1	22	50.750000	 21116195.0812876709
   417773.0000000254	 -1709559.6943359375	   387592.0000000000	313	1	22	51.250000	 21116003.8267204165
   417774.0000000171	 -1711859.7304687500	   385292.0000000000	276	1	22	51.500000	 21115812.3069104031
   417775.0000000083	 -1714158.8369140625	   382993.0000000000	167	1	22	51.500000	 21115620.5044067465
   417775.9999999992	 -1716458.0927734375	   380693.0000000000	929	1	22	50.750000	 21115429.4732035212
   417776.9999999899	 -1718757.5029296875	   378394.0000000000	509	1	22	50.750000	 21115237.9429236576
   417777.9999999821	 -1721056.6162109375	   376095.0000000000	393	1	22	50.500000	 21115045.8647059985
   417778.9999999764	 -1723353.7421875000	   373798.0000000000	264	1	22	50.500000	 21114853.8597787134
   417779.9999999698	 -1725648.7060546875	   371503.0000000000	301	1	22	51.000000	 21114662.1480156370
   417780.9999999614	 -1727941.8066406250	   369210.0000000000	198	1	22	51.000000	 21114470.2896711342
   417781.9999999514	 -1730233.1953125000	   366918.0000000000	824	1	22	50.750000	 21114278.2812550329
   417782.9999999410	 -1732523.5898437500	   364628.0000000000	420	1	22	50.500000	 21114086.0075954869
   417783.9999999321	 -1734812.9736328125	   362339.0000000000	27	1	22	50.500000	 21113894.8682007752
   417784.9999999215	 -1737101.3505859375	   360050.0000000000	665	1	22	50.500000	 21113704.1162017137
   417786.0000000856	 -1739388.6875000000	   357763.0000000000	320	2	22	50.500000	 21113513.6293963045
   417787.0000000740	 -1741676.2353515625	   355475.0000000000	783	1	22	50.250000	 21113323.9767623171
   417788.0000000627	 -1743964.0869140625	   353187.0000000000	935	1	22	50.500000	 21113133.8739121594
   417789.0000000516	 -1746252.1718750000	   350899.0000000000	848	1	22	50.500000	 21112943.2161445618
   417790.0000000406	 -1748540.0312500000	   348611.0000000000	992	1	22	50.250000	 21112752.4676356837
   417791.0000000305	 -1750827.3632812500	   346324.0000000000	652	1	22	50.250000	 21112561.9983302876
   417792.0000000219	 -1753113.2929687500	   344038.0000000000	724	1	22	50.250000	 21112372.1258224845
   417793.0000000115	 -1755397.0830078125	   341754.0000000000	939	1	22	51.000000	 21112183.4120107666
   417793.9999999983	 -1757679.7539062500	   339472.0000000000	252	1	22	51.000000	 21111994.1293222196
   417794.9999999859	 -1759961.9501953125	   337190.0000000000	51	1	22	50.500000	 21111804.6965613961
   417795.9999999746	 -1762243.5078125000	   334908.0000000000	504	1	22	50.250000	 21111615.2917206474
   417796.9999999625	 -1764524.8925781250	   332627.0000000000	110	1	22	50.250000	 21111426.0544023998
   417797.9999999494	 -1766805.8291015625	   330346.0000000000	175	1	22	50.250000	 21111235.1069614477
   417798.9999999377	 -1769085.5839843750	   328066.0000000000	426	1	22	50.500000	 21111045.5799691752
   417799.9999999265	 -1771364.0136718750	   325787.0000000000	1010	1	22	51.000000	 21110857.2291225344
   417800.9999999140	 -1773641.3476562500	   323510.0000000000	668	1	22	50.750000	 21110669.1749302745
   417802.0000000758	 -1775917.4169921875	   321234.0000000000	597	2	22	51.000000	 21110480.5657707267
   417803.0000000623	 -1778193.0156250000	   318958.0000000000	1008	1	22	50.500000	 21110291.2307315469
   417804.0000000499	 -1780467.9189453125	   316684.0000000000	83	1	22	50.500000	 21110101.3337945119
   417805.0000000374	 -1782742.5996093750	   314409.0000000000	410	1	22	50.250000	 21109912.7072345801
   417806.0000000240	 -1785017.1240234375	   312134.0000000000	897	1	22	50.250000	 21109724.1225554310
   417807.0000000114	 -1787291.1865234375	   309860.0000000000	833	1	22	50.250000	 21109535.7472788915
   417808.0000000003	 -1789564.8017578125	   307587.0000000000	203	1	22	50.500000	 21109347.9687999152
   417808.9999999883	 -1791838.1591796875	   305313.0000000000	861	1	22	50.500000	 21109160.3578434773
   417809.9999999752	 -1794111.2421875000	   303040.0000000000	776	1	22	50.500000	 21108971.2705975063
   417810.9999999639	 -1796383.1699218750	   300768.0000000000	850	1	22	50.500000	 21108783.4223176837
   417811.9999999529	 -1798652.5966796875	   298499.0000000000	413	1	22	51.000000	 21108596.9665664621
   417812.9999999385	 -1800919.3164062500	   296232.0000000000	700	1	22	51.750000	 21108410.5003460646
   417813.9999999219	 -1803183.7822265625	   293968.0000000000	223	1	22	51.750000	 21108223.2279254757
   417815.0000000806	 -1805446.7529296875	   291705.0000000000	253	2	22	51.500000	 21108036.1439172812
   417816.0000000653	 -1807710.2197265625	   289441.0000000000	799	1	22	51.000000	 21107849.8277691677
   417817.0000000491	 -1809974.0986328125	   287177.0000000000	923	1	22	51.000000	 21107663.1067758538
   417818.0000000334	 -1812237.9990234375	   284914.0000000000	1	1	22	51.000000	 21107476.9546600804
   417819.0000000185	 -1814501.5136718750	   282650.0000000000	498	1	22	50.750000	 21107289.4553859830
   417820.0000000061	 -1816764.1601562500	   280387.0000000000	860	1	22	51.000000	 21107103.3137393482
   417820.9999999942	 -1819026.1835937500	   278125.0000000000	836	1	22	50.750000	 21106917.1511523314
   417821.9999999796	 -1821288.0419921875	   275863.0000000000	981	1	22	50.750000	 21106730.0602135956
   417822.9999999643	 -1823549.8759765625	   273602.0000000000	127	1	22	50.500000	 21106543.1542475745
   417823.9999999508	 -1825811.3232421875	   271340.0000000000	693	1	22	50.500000	 21106356.2343208343
   417824.9999999389	 -1828072.0966796875	   269079.0000000000	925	1	22	50.500000	 21106170.1066342518
   417825.9999999260	 -1830332.4179687500	   266819.0000000000	596	1	22	50.500000	 21105984.3628531434
   417827.0000000868	 -1832591.7919921875	   264560.0000000000	213	2	22	50.500000	 21105798.7656043321
   417828.0000000736	 -1834850.6923828125	   262301.0000000000	315	1	22	50.750000	 21105613.2207559869
   417829.0000000604	 -1837108.7177734375	   260043.0000000000	289	1	22	50.500000	 21105427.5328157134
   417830.0000000471	 -1839366.4257812500	   257785.0000000000	588	1	22	50.500000	 21105242.2392507643
   417831.0000000331	 -1841623.8369140625	   255528.0000000000	167	1	22	50.000000	 21105056.0382737927
   417832.0000000204	 -1843881.0957031250	   253270.0000000000	926	1	22	50.000000	 21104871.0623029545
   417833.0000000077	 -1846138.4853515625	   251013.0000000000	527	1	22	50.000000	 21104686.4074163809
   417833.9999999960	 -1848395.8525390625	   248756.0000000000	151	1	22	50.250000	 21104501.8711911663
   417834.9999999845	 -1850653.4335937500	   246498.0000000000	580	1	22	50.250000	 21104317.2616748884
   417835.9999999733	 -1852911.0410156250	   244240.0000000000	982	1	22	50.250000	 21104132.2019424513
   417836.9999999641	 -1855168.2900390625	   241983.0000000000	727	1	22	50.000000	 21103947.7006169818
   417837.9999999554	 -1857425.1816406250	   239726.0000000000	838	1	22	50.000000	 21103762.8014260009
   417838.9999999466	 -1859681.4267578125	   237470.0000000000	587	1	22	50.250000	 21103578.4397022724
   417839.9999999384	 -1861936.6630859375	   235215.0000000000	345	1	22	50.250000	 21103394.5212143511
   417840.9999999288	 -1864190.7392578125	   232961.0000000000	267	1	22	50.500000	 21103209.9151875712
   417841.9999999191	 -1866444.1298828125	   230707.0000000000	891	1	22	50.250000	 21103025.7209863439
   417843.0000000832	 -1868696.1923828125	   228455.0000000000	827	2	22	50.000000	 21102842.2456851006
   417844.0000000717	 -1870947.8837890625	   226204.0000000000	119	1	22	50.500000	 21102659.0845382698
   417845.0000000600	 -1873199.5917968750	   223952.0000000000	418	1	22	50.250000	 21102476.1223241836
   417846.0000000471	 -1875451.1640625000	   221700.0000000000	856	1	22	50.000000	 21102292.1130963638
   417847.0000000365	 -1877702.4296875000	   219449.0000000000	584	1	22	50.000000	 21102108.4982431754
   417848.0000000262	 -1879953.3847656250	   217198.0000000000	630	1	22	50.000000	 21101925.2568249367
   417849.0000000160	 -1882203.8710937500	   214948.0000000000	132	1	22	50.250000	 21101742.0503070988
   417850.0000000056	 -1884453.6904296875	   212698.0000000000	317	1	22	50.250000	 21101559.0776224770
   417850.9999999951	 -1886702.6718750000	   210449.0000000000	336	1	22	50.500000	 21101375.9094952904
   417851.9999999846	 -1888951.2421875000	   208200.0000000000	776	1	22	50.250000	 21101192.7413680963
   417852.9999999741	 -1891199.4443359375	   205952.0000000000	569	1	22	50.000000	 21101009.5906911157
   417853.9999999640	 -1893447.4638671875	   203704.0000000000	549	1	22	50.000000	 21100826.6878073663
   417854.9999999535	 -1895695.3398437500	   201456.0000000000	676	1	22	49.750000	 21100644.8249576837
   417855.9999999429	 -1897943.2236328125	   199208.0000000000	795	1	22	49.750000	 21100462.9272075668
   417856.9999999338	 -1900190.7275390625	   196961.0000000000	279	1	22	50.000000	 21100280.3384277336
   417857.9999999258	 -1902438.0292968750	   194713.0000000000	994	1	22	50.000000	 21100097.6519262716
   417858.9999999186	 -1904685.3056640625	   192466.0000000000	711	1	22	50.000000	 21099915.3179193512
   417860.0000000866	 -1906932.1357421875	   190219.0000000000	885	2	22	50.000000	 21099733.3154167496
   417861.0000000789	 -1909178.9736328125	   187973.0000000000	27	1	22	49.750000	 21099551.2885340713
   417862.0000000717	 -1911425.7851562500	   185726.0000000000	220	1	22	49.750000	 21099370.2423544452
   417863.0000000641	 -1913672.4785156250	   183479.0000000000	534	1	22	50.000000	 21099188.6796479672
   417864.0000000573	 -1915919.0214843750	   181232.0000000000	1002	1	22	50.000000	 21099007.9336121976
   417865.0000000512	 -1918165.3476562500	   178986.0000000000	668	1	22	50.000000	 21098827.5226207860
   417866.0000000450	 -1920411.4960937500	   176740.0000000000	516	1	22	50.250000	 21098646.7905450799
   417867.0000000392	 -1922657.5644531250	   174494.0000000000	446	1	22	50.250000	 21098466.3237128258
   417868.0000000338	 -1924903.2900390625	   172248.0000000000	727	1	22	50.250000	 21098285.1204805411
   417869.0000000300	 -1927148.6660156250	   170003.0000000000	342	1	22	50.500000	 21098104.9782220460
   417870.0000000247	 -1929393.9335937500	   167758.0000000000	68	1	22	50.250000	 21097924.6858919710
   417871.0000000194	 -1931639.0791015625	   165512.0000000000	943	1	22	50.250000	 21097744.2155695260
   417872.0000000143	 -1933884.0898437500	   163267.0000000000	932	1	22	50.250000	 21097563.6719560251
   417873.0000000098	 -1936128.9150390625	   161023.0000000000	87	1	22	50.250000	 21097382.9084693715
   417874.0000000060	 -1938373.4443359375	   158778.0000000000	569	1	22	50.250000	 21097201.6040253006
   417875.0000000024	 -1940617.9589843750	   156534.0000000000	42	1	22	50.250000	 21097022.1039353721
   417875.9999999976	 -1942862.5449218750	   154289.0000000000	466	1	22	50.250000	 21096842.0768487416
   417876.9999999937	 -1945107.0898437500	   152044.0000000000	932	1	22	50.000000	 21096662.0427817404
   417877.9999999899	 -1947351.6054687500	   149800.0000000000	404	1	22	50.000000	 21096481.3107053488
   417878.9999999868	 -1949596.0439453125	   147555.0000000000	979	1	22	50.000000	 21096300.2505643219
   417879.9999999843	 -1951840.2861328125	   145311.0000000000	731	1	22	49.750000	 21096120.3491187058
   417880.9999999825	 -1954084.4003906250	   143067.0000000000	614	1	22	49.750000	 21095940.3708918542
   417881.9999999810	 -1956328.4599609375	   140823.0000000000	553	1	22	49.750000	 21095761.6246514730
   417882.9999999797	 -1958572.5693359375	   138579.0000000000	441	1	22	49.750000	 21095581.8034765832
   417883.9999999796	 -1960816.8310546875	   136335.0000000000	173	1	22	49.750000	 21095402.1882141270
   417884.9999999804	 -1963061.0966796875	   134090.0000000000	925	1	22	49.750000	 21095222.8521551564
   417885.9999999815	 -1965304.9833984375	   131847.0000000000	17	1	22	49.750000	 21095044.3013566658
   417886.9999999833	 -1967548.5341796875	   129603.0000000000	477	1	22	49.750000	 21094866.1205029264
   417887.9999999847	 -1969791.6787109375	   127360.0000000000	329	1	22	49.750000	 21094688.3898653537
   417888.9999999858	 -1972034.3857421875	   125117.0000000000	629	1	22	49.750000	 21094510.4288847670
   417889.9999999868	 -1974277.2080078125	   122874.0000000000	811	1	22	49.750000	 21094332.5935458839
   417890.9999999890	 -1976520.3242187500	   120631.0000000000	692	1	22	50.000000	 21094154.9466692172
   417891.9999999913	 -1978763.4404296875	   118388.0000000000	573	1	22	50.000000	 21093976.9054172225
   417892.9999999938	 -1981006.5341796875	   116145.0000000000	477	1	22	49.750000	 21093798.9514163099
   417893.9999999969	 -1983249.6582031250	   113902.0000000000	350	1	22	50.000000	 21093620.7077413797
   417895.0000000011	 -1985492.6279296875	   111659.0000000000	381	1	22	50.000000	 21093442.8305210061
   417896.0000000063	 -1987735.2109375000	   109416.0000000000	808	1	22	49.500000	 21093265.3755960725
   417897.0000000120	 -1989976.8164062500	   107175.0000000000	188	1	22	50.000000	 21093088.3639069013
   417898.0000000177	 -1992217.9619140625	   104934.0000000000	39	1	22	50.500000	 21092912.2107692845
   417899.0000000216	 -1994459.0605468750	   102692.0000000000	962	1	22	50.250000	 21092736.0890426151
   417900.0000000249	 -1996699.9042968750	   100452.0000000000	98	1	22	50.250000	 21092559.5066299029
   417901.0000000286	 -1998941.0000000000	    98211.0000000000	0	1	22	50.500000	 21092383.1894606464
   417902.0000000335	 -2001181.5976562500	    95970.0000000000	412	1	22	50.750000	 21092206.7745697647
   417903.0000000394	 -2003421.7207031250	    93730.0000000000	286	1	22	50.500000	 21092030.4050491899
   417904.0000000436	 -2005661.2138671875	    91490.0000000000	805	1	22	50.250000	 21091854.0843897462
   417905.0000000476	 -2007897.8134765625	    89254.0000000000	191	1	22	50.750000	 21091677.9801132940
   417906.0000000497	 -2010131.4433593750	    87020.0000000000	570	1	22	51.000000	 21091501.4605217725
   417907.0000000505	 -2012362.7333984375	    84789.0000000000	273	1	22	51.000000	 21091325.4155770168
   417908.0000000505	 -2014591.4990234375	    82560.0000000000	513	1	22	51.000000	 21091148.8575955704
   417909.0000000492	 -2016820.0703125000	    80331.0000000000	952	1	22	51.000000	 21090972.8999025673
   417910.0000000484	 -2019048.9814453125	    78103.0000000000	19	1	22	50.750000	 21090796.7956274822
   417911.0000000493	 -2021277.8505859375	    75874.0000000000	153	1	22	50.750000	 21090621.0543167740
   417912.0000000501	 -2023506.3945312500	    73645.0000000000	620	1	22	50.250000	 21090445.2955558524
   417913.0000000499	 -2025734.9052734375	    71417.0000000000	97	1	22	50.250000	 21090269.9556008205
   417914.0000000505	 -2027963.3769531250	    69188.0000000000	638	1	22	50.250000	 21090094.1095888056
   417915.0000000524	 -2030192.0273437500	    66959.0000000000	996	1	22	50.250000	 21089918.9860161021
   417916.0000000554	 -2032420.7412109375	    64731.0000000000	265	1	22	50.500000	 21089743.5867293701
   417917.0000000582	 -2034648.4980468750	    62503.0000000000	514	1	22	50.250000	 21089567.2765404955
   417918.0000000622	 -2036875.8505859375	    60276.0000000000	153	1	22	50.750000	 21089392.3169993982
   417919.0000000648	 -2039101.7392578125	    58050.0000000000	267	1	22	50.500000	 21089217.0991952233
   417920.0000000673	 -2041325.3750000000	    55826.0000000000	640	1	22	51.000000	 21089042.5619502068
   417921.0000000671	 -2043546.3437500000	    53605.0000000000	672	1	22	51.000000	 21088868.4923722781
   417922.0000000659	 -2045764.4355468750	    51387.0000000000	578	1	22	51.250000	 21088694.4472249150
   417923.0000000637	 -2047980.9902343750	    49171.0000000000	10	1	22	51.500000	 21088520.3392570578
   417924.0000000615	 -2050197.1289062500	    46954.0000000000	892	1	22	51.000000	 21088346.5523734689
   417925.0000000597	 -2052413.7363281250	    44738.0000000000	270	1	22	50.750000	 21088173.1563750170
   417926.0000000590	 -2054630.5683593750	    42521.0000000000	442	1	22	51.250000	 21087999.8057468720
   417927.0000000588	 -2056846.8378906250	    40305.0000000000	166	1	22	50.750000	 21087825.8792608716
   417928.0000000598	 -2059062.3984375000	    38089.0000000000	616	1	22	50.750000	 21087652.8915971108
   417929.0000000597	 -2061277.4365234375	    35874.0000000000	577	1	22	51.000000	 21087480.0191052221
   417930.0000000592	 -2063492.2900390625	    33659.0000000000	727	1	22	50.750000	 21087306.5777357966
   417931.0000000582	 -2065706.9121093750	    31445.0000000000	90	1	22	50.500000	 21087132.4243969359
   417932.0000000567	 -2067921.3710937500	    29230.0000000000	644	1	22	50.000000	 21086958.2570980825
   417933.0000000553	 -2070135.7656250000	    27016.0000000000	240	1	22	50.250000	 21086784.6970673203
   417934.0000000543	 -2072350.0097656250	    24801.0000000000	1014	1	22	50.250000	 21086611.6884638481
   417935.0000000548	 -2074564.1826171875	    22587.0000000000	837	1	22	50.500000	 21086438.9904741049
   417936.0000000554	 -2076778.2802734375	    20373.0000000000	737	1	22	50.500000	 21086266.0063005313
   417937.0000000558	 -2078992.0986328125	    18159.0000000000	923	1	22	50.500000	 21086092.4323090464
   417938.0000000583	 -2081205.6181640625	    15946.0000000000	391	1	22	50.500000	 21085921.0430863351
   417939.0000000602	 -2083419.4248046875	    13732.0000000000	589	1	22	50.500000	 21085749.6050031558
   417940.0000000623	 -2085632.6699218750	    11519.0000000000	338	1	22	50.500000	 21085576.9488935284
   417941.0000000669	 -2087844.9697265625	     9307.0000000000	31	1	22	50.750000	 21085405.0431432649
   417942.0000000723	 -2090057.0576171875	     7094.0000000000	965	1	22	50.750000	 21085233.6678799130
   417943.0000000768	 -2092269.0224609375	     4882.0000000000	1001	1	22	50.750000	 21085061.7272292152
   417944.0000000813	 -2094480.4345703125	     2671.0000000000	579	1	22	50.500000	 21084889.3747529723
   417945.0000000860	 -2096691.2812500000	      460.0000000000	736	1	22	50.500000	 21084718.2019125521
   417945.9999999143	 -2098901.2617187500	  1046826.0000000000	756	0	22	50.750000	 21084546.5265558064
   417946.9999999180	 -2101110.2031250000	  1044617.0000000000	816	1	22	51.000000	 21084374.9488701932
   417947.9999999206	 -2103318.7060546875	  1042409.0000000000	301	1	22	50.500000	 21084203.2909138501
   417948.9999999222	 -2105527.2089843750	  1040200.0000000000	810	1	22	50.500000	 21084032.4984893985
   417949.9999999237	 -2107734.9179687500	  1037993.0000000000	84	1	22	50.750000	 21083861.2244385257
   417950.9999999280	 -2109941.5751953125	  1035786.0000000000	435	1	22	51.250000	 21083690.9485402480
   417951.9999999307	 -2112148.0419921875	  1033579.0000000000	981	1	22	50.750000	 21083520.4876699336
   417952.9999999324	 -2114353.9863281250	  1031374.0000000000	14	1	22	50.500000	 21083348.5505101085
   417953.9999999359	 -2116559.3330078125	  1029168.0000000000	683	1	22	50.750000	 21083177.9046670757
   417954.9999999387	 -2118764.2578125000	  1026963.0000000000	760	1	22	50.750000	 21083007.1750631332
   417955.9999999412	 -2120969.1015625000	  1024758.0000000000	920	1	22	50.500000	 21082837.1993094161
   417956.9999999428	 -2123173.5537109375	  1022554.0000000000	457	1	22	50.500000	 21082665.9950594157
   417957.9999999466	 -2125377.2578125000	  1020350.0000000000	760	1	22	50.500000	 21082495.8482930213
   417958.9999999505	 -2127580.3115234375	  1018147.0000000000	705	1	22	50.500000	 21082325.8620687649
   417959.9999999538	 -2129783.0087890625	  1015944.0000000000	1015	1	22	50.500000	 21082155.4326087087
   417960.9999999566	 -2131985.4355468750	  1013742.0000000000	578	1	22	50.500000	 21081985.7220984362
   417961.9999999600	 -2134187.7275390625	  1011540.0000000000	279	1	22	50.500000	 21081816.5979158953
   417962.9999999639	 -2136389.7666015625	  1009338.0000000000	239	1	22	50.500000	 21081647.0409674048
   417963.9999999704	 -2138591.5419921875	  1007136.0000000000	469	1	22	50.250000	 21081478.4298208542
   417964.9999999762	 -2140792.8564453125	  1004935.0000000000	147	1	22	50.250000	 21081309.0369039997
   417965.9999999813	 -2142993.6376953125	  1002734.0000000000	371	1	22	50.500000	 21081138.8622168452
   417966.9999999873	 -2145193.5556640625	  1000534.0000000000	455	1	22	50.250000	 21080969.2354668044
   417967.9999999934	 -2147392.5517578125	   998335.0000000000	459	1	22	50.500000	 21080800.6278104335
   417968.9999999988	 -2149589.7529296875	   996138.0000000000	253	1	22	50.750000	 21080631.7025599629
   417970.0000000024	 -2151785.5361328125	   993942.0000000000	475	1	22	51.000000	 21080462.2189025395
   417971.0000000052	 -2153981.0654296875	   991746.0000000000	957	1	22	50.500000	 21080293.0633097254
   417972.0000000087	 -2156175.7626953125	   989552.0000000000	243	1	22	50.250000	 21080124.4033033885
   417973.0000000127	 -2158369.8710937500	   987358.0000000000	132	1	22	50.500000	 21079956.4552664571
   417974.0000000158	 -2160563.5576171875	   985164.0000000000	453	1	22	50.500000	 21079788.2454762906
   417975.0000000193	 -2162756.2939453125	   982971.0000000000	723	1	22	50.250000	 21079620.4614716992
   417976.0000000233	 -2164947.7119140625	   980780.0000000000	295	1	22	50.750000	 21079452.6565266959
   417977.0000000274	 -2167137.5136718750	   978590.0000000000	498	1	22	51.000000	 21079285.6019417569
   417978.0000000293	 -2169325.3632812500	   976402.0000000000	652	1	22	51.500000	 21079118.3484247401
   417979.0000000297	 -2171511.2080078125	   974216.0000000000	811	1	22	51.500000	 21078951.7510369867
   417980.0000000295	 -2173696.1386718750	   972031.0000000000	882	1	22	51.500000	 21078784.2636874579
   417981.0000000296	 -2175880.7509765625	   969847.0000000000	255	1	22	50.750000	 21078616.7553975582
   417982.0000000297	 -2178064.1083984375	   967663.0000000000	913	1	22	50.750000	 21078448.6572897099
   417983.0000000299	 -2180246.6328125000	   965481.0000000000	376	1	22	50.500000	 21078281.7213674709
   417984.0000000296	 -2182428.8759765625	   963299.0000000000	127	1	22	50.500000	 21078114.9145771340
   417985.0000000299	 -2184609.7636718750	   961118.0000000000	242	1	22	50.250000	 21077948.6033732407
   417986.0000000292	 -2186789.6630859375	   958938.0000000000	345	1	22	51.250000	 21077782.4073411897
