   417092.0000000130	     5398.2783203125	     5398.0000000000	285	1	51	48.000000	 21241622.2251880988
   417093.0000000103	     2177.1982421875	     2177.0000000000	203	1	51	48.250000	 21241257.1104448587
   417094.0000000586	    -1043.0273437500	  1047532.0000000000	996	1	51	48.250000	 21240907.4077340439
   417095.0000000977	    -4264.6230468750	  1044311.0000000000	386	253	51	48.250000	 21240765.9002821855
   417096.0000000044	    -7485.8417968750	  1041090.0000000000	162	0	51	48.500000	 21240426.8457449041
   417097.0000000038	   -10706.5039062500	  1037869.0000000000	508	1	51	48.500000	 21240062.6453933343
   417098.0000000032	   -13926.5253906250	  1034649.0000000000	486	1	51	48.500000	 21239698.2844996154
   417099.0000000037	   -17145.1054687500	  1031430.0000000000	916	1	51	48.750000	 21239334.2551600672
   417100.0000000033	   -20362.9013671875	  1028213.0000000000	101	1	51	49.000000	 21238969.9640672170
   417101.0000000027	   -23580.4355468750	  1024995.0000000000	578	1	51	48.750000	 21238606.3360833414
   417102.0000000016	   -26797.2470703125	  1021778.0000000000	771	1	51	48.750000	 21238241.8355879150
   417103.0000000016	   -30013.2949218750	  1018562.0000000000	722	1	51	48.500000	 21237876.9511869960
   417104.0000000010	   -33228.5976562500	  1015347.0000000000	412	1	51	48.750000	 21237512.9113775752
   417104.9999999997	   -36443.6962890625	  1012132.0000000000	311	1	51	48.250000	 21237148.7529067956
   417105.9999999970	   -39658.2246093750	  1008917.0000000000	794	1	51	48.250000	 21236784.0674393177
   417106.9999999951	   -42872.2949218750	  1005703.0000000000	722	1	51	48.250000	 21236419.8950085081
   417107.9999999932	   -46086.0468750000	  1002489.0000000000	976	1	51	48.000000	 21236055.9005700611
   417108.9999999917	   -49299.3320312500	   999276.0000000000	684	1	51	48.000000	 21235691.9933827035
   417109.9999999909	   -52511.8369140625	   996064.0000000000	167	1	51	48.000000	 21235328.2781477384
   417110.9999999902	   -55723.5830078125	   992852.0000000000	427	1	51	48.250000	 21234965.3481732532
   417111.9999999899	   -58935.0996093750	   989640.0000000000	922	1	51	48.000000	 21234602.3623579368
   417112.9999999875	   -62146.6201171875	   986429.0000000000	389	1	51	47.750000	 21234238.3365092352
   417113.9999999857	   -65358.1064453125	   983217.0000000000	915	1	51	47.500000	 21233874.9318886921
   417114.9999999839	   -68569.2578125000	   980006.0000000000	760	1	51	47.750000	 21233511.0630919486
   417115.9999999844	   -71780.0263671875	   976795.0000000000	997	1	51	47.750000	 21233147.7666622065
   417116.9999999854	   -74990.6718750000	   973585.0000000000	336	1	51	47.000000	 21232784.7703763507
   417117.9999999857	   -78201.2392578125	   970374.0000000000	779	1	51	47.000000	 21232422.1196053512
   417118.9999999858	   -81411.5078125000	   967164.0000000000	504	1	51	47.000000	 21232059.3990334794
   417119.9999999870	   -84621.4580078125	   963954.0000000000	555	1	51	47.500000	 21231697.4567417316
   417120.9999999868	   -87831.1542968750	   960744.0000000000	866	1	51	47.000000	 21231335.0956447534
   417121.9999999883	   -91040.2382812500	   957535.0000000000	780	1	51	47.750000	 21230973.2231538743
   417122.9999999899	   -94248.8623046875	   954327.0000000000	141	1	51	47.750000	 21230611.6891974919
   417123.9999999903	   -97457.1748046875	   951118.0000000000	845	1	51	47.750000	 21230249.9318784587
   417124.9999999901	  -100665.3691406250	   947910.0000000000	646	1	51	48.000000	 21229887.6964231879
   417125.9999999902	  -103872.8994140625	   944703.0000000000	103	1	51	47.750000	 21229525.9774947725
   417126.9999999914	  -107080.0791015625	   941495.0000000000	943	1	51	48.000000	 21229163.7664693929
   417127.9999999920	  -110286.8320312500	   938289.0000000000	172	1	51	47.500000	 21228800.4700396545
   417128.9999999939	  -113493.5205078125	   935082.0000000000	491	1	51	47.500000	 21228439.4526101276
   417129.9999999949	  -116699.8378906250	   931876.0000000000	166	1	51	47.750000	 21228076.5819659755
   417130.9999999976	  -119905.9111328125	   928670.0000000000	91	1	51	47.500000	 21227715.0759296678
   417131.9999999991	  -123111.5800781250	   925464.0000000000	430	1	51	47.500000	 21227352.9347051606
   417133.0000000018	  -126316.4501953125	   922259.0000000000	563	1	51	47.750000	 21226991.7323029153
   417134.0000000048	  -129520.5126953125	   919055.0000000000	499	1	51	47.750000	 21226631.3151611686
   417135.0000000068	  -132723.7763671875	   915852.0000000000	229	1	51	48.000000	 21226270.0464482084
   417136.0000000079	  -135926.4814453125	   912649.0000000000	531	1	51	48.000000	 21225909.1965411752
   417137.0000000088	  -139128.8486328125	   909447.0000000000	155	1	51	48.000000	 21225548.7584597170
   417138.0000000107	  -142331.5683593750	   906244.0000000000	442	1	51	48.000000	 21225189.4406830184
   417139.0000000132	  -145534.1796875000	   903041.0000000000	840	1	51	48.250000	 21224830.1717668176
   417140.0000000166	  -148736.2246093750	   899839.0000000000	794	1	51	48.750000	 21224470.4665944725
   417141.0000000207	  -151937.8408203125	   896638.0000000000	163	1	51	48.500000	 21224111.5257422179
   417142.0000000241	  -155139.3818359375	   893436.0000000000	633	1	51	48.750000	 21223752.5185792819
   417143.0000000265	  -158340.7939453125	   890235.0000000000	211	1	51	48.500000	 21223392.2305694036
   417144.0000000306	  -161541.8330078125	   887034.0000000000	171	1	51	48.500000	 21223032.4311656244
   417145.0000000352	  -164742.7343750000	   883833.0000000000	272	1	51	48.500000	 21222672.7713635862
   417146.0000000374	  -167943.2578125000	   880632.0000000000	760	1	51	48.250000	 21222311.9842770770
   417147.0000000420	  -171143.2978515625	   877432.0000000000	719	1	51	48.250000	 21221951.9300996773
   417148.0000000457	  -174343.2421875000	   874232.0000000000	776	1	51	48.250000	 21221592.4378201365
   417149.0000000499	  -177543.2587890625	   871032.0000000000	759	1	51	48.250000	 21221232.8164087236
   417150.0000000547	  -180743.3037109375	   867832.0000000000	713	1	51	48.250000	 21220873.6731335372
   417151.0000000605	  -183943.2177734375	   864632.0000000000	801	1	51	48.250000	 21220515.3814295270
   417152.0000000679	  -187142.3906250000	   861433.0000000000	624	1	51	48.500000	 21220156.2905042954
   417153.0000000765	  -190340.9785156250	   858235.0000000000	22	1	51	48.500000	 21219797.7265757844
   417154.0000000844	  -193539.0478515625	   855036.0000000000	975	1	51	48.250000	 21219439.3476200216
   417154.9999999156	  -196736.8115234375	   851839.0000000000	193	0	51	48.250000	 21219080.3788968101
   417155.9999999222	  -199933.8564453125	   848642.0000000000	147	1	51	48.250000	 21218722.3489460610
   417156.9999999286	  -203130.6523437500	   845445.0000000000	356	1	51	48.250000	 21218363.9630105942
   417157.9999999346	  -206327.2001953125	   842248.0000000000	819	1	51	48.250000	 21218005.8841993734
   417158.9999999412	  -209523.7509765625	   839052.0000000000	255	1	51	48.250000	 21217648.1229822524
   417159.9999999489	  -212720.2304687500	   835855.0000000000	788	1	51	48.250000	 21217290.4071354195
   417160.9999999571	  -215916.6875000000	   832659.0000000000	320	1	51	48.500000	 21216933.1345243938
   417161.9999999658	  -219113.1142578125	   829462.0000000000	907	1	51	48.750000	 21216575.7153312638
   417162.9999999752	  -222309.0712890625	   826266.0000000000	951	1	51	48.750000	 21216218.6660828888
   417163.9999999842	  -225504.7382812500	   823071.0000000000	268	1	51	48.500000	 21215861.4946829900
   417164.9999999924	  -228700.2949218750	   819875.0000000000	722	1	51	48.500000	 21215503.2029782906
   417166.0000000003	  -231895.7001953125	   816680.0000000000	307	1	51	48.500000	 21215145.1276565716
   417167.0000000087	  -235090.9130859375	   813485.0000000000	89	1	51	48.250000	 21214787.0488446653
   417168.0000000168	  -238285.8457031250	   810290.0000000000	158	1	51	48.250000	 21214428.8827816732
   417169.0000000258	  -241480.8720703125	   807095.0000000000	131	1	51	48.250000	 21214071.5682898574
   417170.0000000360	  -244675.8886718750	   803900.0000000000	114	1	51	48.250000	 21213715.0495283417
   417171.0000000466	  -247870.7568359375	   800705.0000000000	249	1	51	48.250000	 21213358.7611098848
   417172.0000000580	  -251065.5322265625	   797510.0000000000	479	1	51	48.250000	 21213002.0189850628
   417173.0000000690	  -254259.7470703125	   794316.0000000000	259	1	51	48.000000	 21212645.8701683469
   417174.0000000821	  -257453.6767578125	   791122.0000000000	331	1	51	48.500000	 21212290.6357432976
   417174.9999999178	  -260647.9765625000	   787928.0000000000	24	0	51	48.250000	 21211934.6021482088
   417175.9999999292	  -263842.0273437500	   784733.0000000000	996	1	51	48.500000	 21211578.4149408676
   417176.9999999409	  -267035.8535156250	   781540.0000000000	150	1	51	48.500000	 21211223.0653446540
   417177.9999999536	  -270229.4843750000	   778346.0000000000	528	1	51	48.500000	 21210867.7087680809
   417178.9999999670	  -273422.6367187500	   775153.0000000000	372	1	51	48.750000	 21210512.2754102722
   417179.9999999812	  -276615.5917968750	   771960.0000000000	418	1	51	48.750000	 21210157.6587232053
   417180.9999999944	  -279808.0439453125	   768767.0000000000	979	1	51	48.500000	 21209802.4417483732
   417182.0000000079	  -282999.8427734375	   765576.0000000000	161	1	51	49.000000	 21209447.0607412308
   417183.0000000213	  -286190.9716796875	   762385.0000000000	29	1	51	48.750000	 21209092.3428430334
   417184.0000000331	  -289382.0458984375	   759193.0000000000	977	1	51	49.000000	 21208736.8676051274
   417185.0000000451	  -292573.2099609375	   756002.0000000000	809	1	51	48.750000	 21208381.9996353164
   417186.0000000584	  -295764.4814453125	   752811.0000000000	531	1	51	49.000000	 21208026.8524613567
   417187.0000000730	  -298955.8076171875	   749620.0000000000	197	1	51	49.000000	 21207672.7697513774
   417187.9999999129	  -302147.5986328125	   746428.0000000000	411	0	51	49.250000	 21207317.8320298232
   417188.9999999283	  -305339.3251953125	   743236.0000000000	691	1	51	49.000000	 21206962.5976040922
   417189.9999999436	  -308531.2070312500	   740044.0000000000	812	1	51	48.750000	 21206608.0088371001
   417190.9999999601	  -311722.9023437500	   736853.0000000000	100	1	51	49.000000	 21206253.2316072099
   417191.9999999771	  -314914.0810546875	   733661.0000000000	941	1	51	49.000000	 21205898.5939790606
   417192.9999999949	  -318104.5068359375	   730471.0000000000	505	1	51	49.250000	 21205544.6124795079
   417194.0000000121	  -321294.3779296875	   727281.0000000000	637	1	51	49.000000	 21205190.6170199141
   417195.0000000289	  -324483.4248046875	   724092.0000000000	589	1	51	48.750000	 21204836.6425007358
   417196.0000000464	  -327672.1718750000	   720903.0000000000	848	1	51	49.000000	 21204482.8773841672
   417197.0000000629	  -330860.6445312500	   717715.0000000000	364	1	51	48.750000	 21204129.6392649524
   417198.0000000786	  -334049.1972656250	   714526.0000000000	822	1	51	48.500000	 21203776.0661014766
   417198.9999999198	  -337238.0078125000	   711337.0000000000	1016	0	51	48.500000	 21203422.0846524015
   417199.9999999366	  -340426.4355468750	   708149.0000000000	578	1	51	48.500000	 21203068.3963170573
   417200.9999999553	  -343614.6748046875	   704961.0000000000	333	1	51	48.500000	 21202715.9818482883
   417201.9999999718	  -346802.8515625000	   701773.0000000000	152	1	51	48.500000	 21202362.6355376132
   417202.9999999892	  -349991.0048828125	   698584.0000000000	1019	1	51	48.500000	 21202009.5335299931
   417204.0000000069	  -353178.9824218750	   695397.0000000000	18	1	51	48.500000	 21201656.9654994346
   417205.0000000268	  -356366.6728515625	   692209.0000000000	335	1	51	48.750000	 21201303.6296579614
   417206.0000000470	  -359553.6191406250	   689022.0000000000	390	1	51	48.250000	 21200950.9534352385
   417207.0000000675	  -362739.5927734375	   685836.0000000000	417	1	51	49.000000	 21200598.3819138259
   417207.9999999124	  -365925.7548828125	   682650.0000000000	251	0	51	48.750000	 21200246.3758302219
   417208.9999999321	  -369111.5625000000	   679464.0000000000	448	1	51	48.250000	 21199893.7030976824
   417209.9999999526	  -372297.1533203125	   676278.0000000000	867	1	51	48.000000	 21199541.8295856640
   417210.9999999733	  -375482.5634765625	   673093.0000000000	447	1	51	48.500000	 21199189.5791485310
   417211.9999999941	  -378667.6152343750	   669908.0000000000	394	1	51	48.500000	 21198838.0965216607
   417213.0000000155	  -381852.3906250000	   666723.0000000000	624	1	51	48.750000	 21198487.3607646562
   417214.0000000359	  -385037.0957031250	   663538.0000000000	926	1	51	48.750000	 21198135.5779938959
   417215.0000000562	  -388221.0195312500	   660354.0000000000	1004	1	51	48.500000	 21197784.2419491485
   417216.0000000772	  -391405.1132812500	   657170.0000000000	908	1	51	48.750000	 21197434.0995002203
   417216.9999999228	  -394589.3183593750	   653986.0000000000	698	0	51	48.500000	 21197081.8735434674
   417217.9999999458	  -397772.6152343750	   650803.0000000000	394	1	51	48.250000	 21196730.6072988883
   417218.9999999686	  -400955.8701171875	   647620.0000000000	133	1	51	48.500000	 21196379.2712534368
   417219.9999999912	  -404138.8105468750	   644437.0000000000	194	1	51	48.500000	 21196027.4535815641
   417221.0000000150	  -407321.2480468750	   641254.0000000000	770	1	51	48.500000	 21195676.4490902647
   417222.0000000393	  -410502.9238281250	   638073.0000000000	78	1	51	48.750000	 21195325.9960262403
   417223.0000000634	  -413683.8378906250	   634892.0000000000	166	1	51	48.750000	 21194976.4922550209
   417224.0000000859	  -416864.0781250000	   631711.0000000000	944	1	51	48.500000	 21194626.6604198217
   417224.9999999339	  -420044.1904296875	   628531.0000000000	829	0	51	49.000000	 21194277.5824846812
   417225.9999999555	  -423224.5927734375	   625351.0000000000	417	1	51	49.000000	 21193928.3474477641
   417226.9999999775	  -426404.9111328125	   622171.0000000000	91	1	51	49.250000	 21193577.6256507970
   417228.0000000022	  -429584.4072265625	   618991.0000000000	607	1	51	49.000000	 21193228.4394736737
   417229.0000000263	  -432763.4628906250	   615812.0000000000	550	1	51	49.000000	 21192879.3649782166
   417230.0000000489	  -435942.4560546875	   612633.0000000000	557	1	51	49.000000	 21192529.8542273156
   417231.0000000732	  -439120.6816406250	   609455.0000000000	326	1	51	49.250000	 21192180.7064407989
   417231.9999999228	  -442298.6376953125	   606277.0000000000	371	0	51	49.250000	 21191831.2585602216
   417232.9999999466	  -445476.3339843750	   603099.0000000000	682	1	51	49.000000	 21191481.9362715408
   417233.9999999698	  -448653.5898437500	   599922.0000000000	420	1	51	49.000000	 21191132.3138389699
   417234.9999999944	  -451829.8320312500	   596746.0000000000	172	1	51	49.250000	 21190782.9671197049
   417236.0000000184	  -455004.2744140625	   593571.0000000000	743	1	51	49.250000	 21190434.1439076439
   417237.0000000410	  -458177.6640625000	   590398.0000000000	344	1	51	50.000000	 21190085.1880742200
   417238.0000000636	  -461350.9736328125	   587225.0000000000	27	1	51	49.250000	 21189736.2496910132
   417239.0000000864	  -464523.8925781250	   584052.0000000000	110	1	51	49.000000	 21189387.4893001728
   417239.9999999352	  -467696.3164062500	   580879.0000000000	700	0	51	48.750000	 21189039.5316698067
   417240.9999999591	  -470867.8300781250	   577708.0000000000	174	1	51	49.000000	 21188691.1028330885
   417241.9999999834	  -474038.2890625000	   574537.0000000000	728	1	51	48.750000	 21188343.0823317394
   417243.0000000075	  -477208.0019531250	   571367.0000000000	1022	1	51	49.000000	 21187996.0285733975
   417244.0000000310	  -480377.0693359375	   568198.0000000000	953	1	51	49.000000	 21187648.2104949839
   417245.0000000539	  -483545.4736328125	   565030.0000000000	539	1	51	49.000000	 21187300.0573722422
   417246.0000000773	  -486713.3847656250	   561862.0000000000	630	1	51	49.000000	 21186952.2043933906
   417246.9999999253	  -489880.9941406250	   558695.0000000000	6	0	51	49.250000	 21186604.4317357726
   417247.9999999489	  -493047.9736328125	   555528.0000000000	27	1	51	49.000000	 21186256.3449237309
   417248.9999999726	  -496214.3701171875	   552361.0000000000	645	1	51	48.750000	 21185908.5966461860
   417249.9999999967	  -499379.8837890625	   549196.0000000000	119	1	51	49.250000	 21185561.9372631833
   417251.0000000198	  -502543.9472656250	   546032.0000000000	54	1	51	49.250000	 21185215.1592188366
   417252.0000000423	  -505706.7968750000	   542869.0000000000	208	1	51	49.500000	 21184868.0112297386
   417253.0000000639	  -508868.9931640625	   539707.0000000000	7	1	51	49.250000	 21184521.0482133590
   417254.0000000863	  -512030.7929687500	   536545.0000000000	212	1	51	49.250000	 21184174.9018677175
   417254.9999999331	  -515192.5771484375	   533383.0000000000	433	0	51	49.250000	 21183828.1936747283
   417255.9999999561	  -518353.5693359375	   530222.0000000000	441	1	51	49.250000	 21183481.9356474131
   417256.9999999796	  -521513.6523437500	   527062.0000000000	356	1	51	49.500000	 21183135.8521222807
   417258.0000000037	  -524672.7031250000	   523903.0000000000	304	1	51	49.500000	 21182789.4789231047
   417259.0000000273	  -527830.9501953125	   520745.0000000000	51	1	51	49.250000	 21182442.9835724458
   417260.0000000513	  -530988.6855468750	   517587.0000000000	322	1	51	49.000000	 21182096.8965571076
   417261.0000000732	  -534146.4101562500	   514429.0000000000	604	1	51	49.000000	 21181750.5757092945
   417261.9999999200	  -537303.7626953125	   511272.0000000000	243	0	51	48.750000	 21181404.3142422996
   417262.9999999440	  -540460.0537109375	   508115.0000000000	969	1	51	49.000000	 21181058.7821444534
   417263.9999999669	  -543615.2734375000	   504960.0000000000	744	1	51	49.000000	 21180713.3477682397
   417264.9999999896	  -546769.2734375000	   501806.0000000000	744	1	51	49.250000	 21180368.4508592747
   417266.0000000113	  -549922.9023437500	   498653.0000000000	100	1	51	49.000000	 21180023.0793042481
   417267.0000000328	  -553075.8349609375	   495500.0000000000	169	1	51	48.750000	 21179678.0846743472
   417268.0000000547	  -556228.7900390625	   492347.0000000000	215	1	51	48.750000	 21179332.2105525099
   417269.0000000767	  -559381.6220703125	   489194.0000000000	387	1	51	48.500000	 21178987.0867907032
   417269.9999999246	  -562534.2529296875	   486041.0000000000	765	0	51	48.500000	 21178642.0154293738
   417270.9999999501	  -565686.0097656250	   482889.0000000000	1014	1	51	48.500000	 21178298.2074142694
   417271.9999999749	  -568837.3808593750	   479738.0000000000	634	1	51	48.500000	 21177954.3505386896
   417272.9999999985	  -571988.3671875000	   476587.0000000000	648	1	51	48.250000	 21177610.1621089764
   417274.0000000217	  -575139.3554687500	   473436.0000000000	660	1	51	48.250000	 21177265.9597192258
   417275.0000000441	  -578289.5996093750	   470286.0000000000	410	1	51	48.250000	 21176921.5130264200
   417276.0000000689	  -581439.1416015625	   467136.0000000000	879	1	51	48.500000	 21176577.2268750966
   417276.9999999182	  -584587.7275390625	   463988.0000000000	279	0	51	48.250000	 21176233.2723283693
   417277.9999999426	  -587734.7763671875	   460841.0000000000	229	1	51	48.750000	 21175890.0262110978
   417278.9999999650	  -590881.3291015625	   457694.0000000000	687	1	51	48.500000	 21175545.7400604337
   417279.9999999884	  -594027.1953125000	   454548.0000000000	824	1	51	48.500000	 21175202.0367473178
   417281.0000000114	  -597172.8652343750	   451403.0000000000	138	1	51	48.500000	 21174858.4800163098
   417282.0000000341	  -600318.6503906250	   448257.0000000000	358	1	51	48.500000	 21174515.3002104163
   417283.0000000564	  -603463.3359375000	   445112.0000000000	680	1	51	48.500000	 21174171.5515269861
   417284.0000000806	  -606607.1884765625	   441968.0000000000	831	1	51	48.750000	 21173828.8079765365
   417284.9999999287	  -609750.4628906250	   438825.0000000000	550	0	51	48.750000	 21173486.2040783130
   417285.9999999510	  -612892.9433593750	   435683.0000000000	58	1	51	49.000000	 21173143.3139464371
   417286.9999999740	  -616034.9785156250	   432541.0000000000	22	1	51	49.000000	 21172801.0624929406
   417287.9999999960	  -619176.5771484375	   429399.0000000000	433	1	51	49.000000	 21172458.5143857375
   417289.0000000176	  -622317.3457031250	   426258.0000000000	670	1	51	49.250000	 21172115.7010350935
   417290.0000000406	  -625457.2070312500	   423118.0000000000	812	1	51	49.500000	 21171774.1824914366
   417291.0000000633	  -628595.8466796875	   419980.0000000000	157	1	51	49.750000	 21171432.5592464432
   417292.0000000855	  -631733.3828125000	   416842.0000000000	632	1	51	49.500000	 21171090.6358575933
   417292.9999999321	  -634869.9394531250	   413706.0000000000	62	0	51	49.750000	 21170748.8660809956
   417293.9999999529	  -638005.6513671875	   410570.0000000000	357	1	51	49.500000	 21170406.6669788361
   417294.9999999743	  -641141.1230468750	   407434.0000000000	898	1	51	49.250000	 21170064.6772792861
   417295.9999999963	  -644276.4658203125	   404299.0000000000	547	1	51	49.000000	 21169722.3979057111
   417297.0000000196	  -647411.2167968750	   401164.0000000000	802	1	51	49.000000	 21169380.5198871568
   417298.0000000436	  -650544.8134765625	   398031.0000000000	191	1	51	49.500000	 21169039.1549052410
   417299.0000000675	  -653677.8085937500	   394898.0000000000	196	1	51	49.500000	 21168697.8806646354
   417299.9999999163	  -656810.2519531250	   391765.0000000000	766	0	51	49.250000	 21168356.7914465368
   417300.9999999403	  -659942.0556640625	   388633.0000000000	967	1	51	49.250000	 21168015.9988323338
   417301.9999999648	  -663073.5634765625	   385502.0000000000	447	1	51	49.000000	 21167675.7750956379
   417302.9999999889	  -666204.4248046875	   382371.0000000000	589	1	51	49.000000	 21167335.1430235729
   417304.0000000125	  -669334.7285156250	   379241.0000000000	278	1	51	49.000000	 21166994.0677157231
   417305.0000000343	  -672464.1376953125	   376111.0000000000	883	1	51	48.750000	 21166653.1843609214
   417306.0000000576	  -675592.8320312500	   372983.0000000000	172	1	51	49.000000	 21166312.7198113427
   417307.0000000787	  -678721.0283203125	   369854.0000000000	995	1	51	48.750000	 21165971.1977781989
   417307.9999999264	  -681849.4375000000	   366726.0000000000	576	0	51	48.500000	 21165630.0457395799
   417308.9999999477	  -684976.7285156250	   363599.0000000000	278	1	51	48.250000	 21165287.5918638259
   417309.9999999724	  -688102.5751953125	   360473.0000000000	435	1	51	48.250000	 21164947.4030275643
   417310.9999999962	  -691227.2099609375	   357348.0000000000	809	1	51	48.500000	 21164607.4166142382
   417312.0000000203	  -694351.2255859375	   354224.0000000000	793	1	51	48.250000	 21164267.7861856259
   417313.0000000433	  -697474.6201171875	   351101.0000000000	389	1	51	48.250000	 21163927.9672948048
   417314.0000000675	  -700597.2158203125	   347978.0000000000	803	1	51	48.250000	 21163589.2303181477
   417314.9999999169	  -703719.3505859375	   344856.0000000000	665	0	51	48.250000	 21163250.4619810693
   417315.9999999387	  -706841.2314453125	   341734.0000000000	787	1	51	48.250000	 21162910.7059114389
   417316.9999999590	  -709963.0000000000	   338613.0000000000	0	1	51	48.250000	 21162570.7997702062
   417317.9999999802	  -713084.1210937500	   335491.0000000000	900	1	51	48.500000	 21162231.7102997117
   417319.0000000024	  -716204.5693359375	   332371.0000000000	441	1	51	48.750000	 21161893.3816591240
   417320.0000000243	  -719324.1552734375	   329251.0000000000	865	1	51	48.750000	 21161554.8226755001
   417321.0000000459	  -722442.2451171875	   326133.0000000000	773	1	51	49.000000	 21161217.0175421275
   417322.0000000669	  -725559.2412109375	   323016.0000000000	777	1	51	49.000000	 21160878.8948146477
   417322.9999999132	  -728675.8798828125	   319900.0000000000	123	0	51	49.000000	 21160540.4545428902
   417323.9999999336	  -731791.4531250000	   316784.0000000000	560	1	51	48.500000	 21160202.1573132351
   417324.9999999551	  -734906.0488281250	   313669.0000000000	974	1	51	49.000000	 21159863.7449117303
   417325.9999999758	  -738020.7001953125	   310555.0000000000	307	1	51	48.750000	 21159526.8402106836
   417326.9999999957	  -741135.7001953125	   307440.0000000000	307	1	51	49.000000	 21159188.6546626911
   417328.0000000165	  -744250.7138671875	   304325.0000000000	293	1	51	48.500000	 21158850.0328585729
   417329.0000000389	  -747365.2490234375	   301210.0000000000	769	1	51	48.500000	 21158511.4878350087
   417330.0000000635	  -750478.7480468750	   298097.0000000000	258	1	51	48.750000	 21158174.4295708127
   417331.0000000857	  -753590.3291015625	   294985.0000000000	687	1	51	49.250000	 21157837.3887575306
   417331.9999999317	  -756701.2402343750	   291874.0000000000	778	0	51	49.000000	 21157500.1665121801
   417332.9999999528	  -759811.1005859375	   288764.0000000000	921	1	51	49.000000	 21157163.0628783703
   417333.9999999747	  -762917.2539062500	   285658.0000000000	764	1	51	49.250000	 21156826.9364574403
   417334.9999999923	  -766020.2734375000	   282555.0000000000	744	1	51	49.250000	 21156490.0561876521
   417336.0000000092	  -769121.6835937500	   279454.0000000000	324	1	51	49.250000	 21156152.7152318507
   417337.0000000260	  -772220.9941406250	   276355.0000000000	6	1	51	49.000000	 21155816.1979271322
   417338.0000000425	  -775316.4687500000	   273259.0000000000	544	1	51	49.500000	 21155480.1482888013
   417339.0000000536	  -778409.1660156250	   270166.0000000000	854	1	51	49.250000	 21155143.6205155738
   417340.0000000650	  -781500.5292968750	   267075.0000000000	482	1	51	49.500000	 21154806.9112598263
   417341.0000000770	  -784592.1386718750	   263983.0000000000	882	1	51	49.000000	 21154471.3781497106
   417341.9999999127	  -787683.6699218750	   260892.0000000000	338	0	51	49.250000	 21154134.3757802583
   417342.9999999258	  -790774.5615234375	   257801.0000000000	449	1	51	49.250000	 21153798.7449485101
   417343.9999999384	  -793865.4980468750	   254710.0000000000	514	1	51	49.000000	 21153462.8314231001
   417344.9999999509	  -796956.5332031250	   251619.0000000000	478	1	51	49.000000	 21153126.5793631971
   417345.9999999650	  -800047.1738281250	   248528.0000000000	846	1	51	49.250000	 21152789.8317161538
   417346.9999999806	  -803136.8525390625	   245439.0000000000	151	1	51	49.250000	 21152454.0926922373
   417347.9999999962	  -806226.4296875000	   242349.0000000000	584	1	51	49.500000	 21152119.4984037019
   417349.0000000102	  -809315.9511718750	   239260.0000000000	50	1	51	49.500000	 21151784.0036835037
   417350.0000000258	  -812405.0556640625	   236170.0000000000	967	1	51	49.500000	 21151449.2663030587
   417351.0000000412	  -815493.1601562500	   233082.0000000000	860	1	51	49.750000	 21151114.5847634189
   417352.0000000561	  -818581.0126953125	   229994.0000000000	1011	1	51	49.500000	 21150779.4948884286
   417353.0000000715	  -821667.8095703125	   226908.0000000000	195	1	51	49.250000	 21150444.2933317833
   417353.9999999120	  -824753.6425781250	   223822.0000000000	366	0	51	49.750000	 21150109.5804316998
   417354.9999999271	  -827839.0039062500	   220736.0000000000	1020	1	51	49.250000	 21149775.2583669685
   417355.9999999410	  -830923.4423828125	   217652.0000000000	571	1	51	49.000000	 21149440.7129395865
   417356.9999999551	  -834007.2656250000	   214568.0000000000	752	1	51	49.250000	 21149105.8254875243
   417357.9999999695	  -837090.7294921875	   211485.0000000000	277	1	51	49.000000	 21148771.0078363381
   417358.9999999856	  -840173.6396484375	   208402.0000000000	369	1	51	49.000000	 21148437.5547929928
   417360.0000000026	  -843255.5146484375	   205320.0000000000	497	1	51	49.500000	 21148104.3984033540
   417361.0000000184	  -846336.2714843750	   202239.0000000000	746	1	51	49.500000	 21147771.2873846777
   417362.0000000331	  -849416.4091796875	   199159.0000000000	605	1	51	49.500000	 21147438.1309957281
   417363.0000000483	  -852496.7744140625	   196079.0000000000	231	1	51	49.500000	 21147105.7214766182
   417364.0000000633	  -855576.8916015625	   192999.0000000000	111	1	51	49.500000	 21146772.3836051486
   417365.0000000791	  -858656.2832031250	   189919.0000000000	734	1	51	49.500000	 21146439.5587703027
   417365.9999999207	  -861735.3925781250	   186840.0000000000	622	0	51	50.000000	 21146106.6083435975
   417366.9999999357	  -864813.5703125000	   183762.0000000000	440	1	51	49.500000	 21145773.9859317131
   417367.9999999513	  -867890.3876953125	   180685.0000000000	627	1	51	50.000000	 21145441.1087462381
   417368.9999999659	  -870966.1806640625	   177609.0000000000	839	1	51	50.000000	 21145108.3467326127
   417369.9999999791	  -874040.9658203125	   174535.0000000000	35	1	51	49.750000	 21144775.6126397401
   417370.9999999934	  -877114.6298828125	   171461.0000000000	379	1	51	50.000000	 21144443.4788346328
   417372.0000000060	  -880187.1718750000	   168388.0000000000	848	1	51	50.000000	 21144110.2840557434
   417373.0000000204	  -883259.0390625000	   165316.0000000000	984	1	51	49.500000	 21143777.4696914703
   417374.0000000335	  -886330.5253906250	   162245.0000000000	486	1	51	49.500000	 21143445.1474241465
   417375.0000000467	  -889401.8828125000	   159174.0000000000	120	1	51	49.500000	 21143112.9682487212
   417376.0000000604	  -892472.8115234375	   156103.0000000000	193	1	51	49.500000	 21142780.8030333593
   417377.0000000754	  -895542.6015625000	   153033.0000000000	408	1	51	49.500000	 21142449.0566232242
   417378.0000000847	  -898612.0332031250	   149963.0000000000	990	1	51	49.750000	 21142115.7082832456
   417378.9999999232	  -901681.0673828125	   146894.0000000000	955	0	51	49.500000	 21141783.2464639880
   417379.9999999382	  -904748.7753906250	   143827.0000000000	230	1	51	49.750000	 21141452.3586053848
   417380.9999999515	  -907815.4570312500	   140760.0000000000	556	1	51	50.000000	 21141121.3590657935
   417381.9999999647	  -910881.7207031250	   137694.0000000000	286	1	51	50.000000	 21140789.7697082981
   417382.9999999782	  -913947.8242187500	   134628.0000000000	180	1	51	49.500000	 21140458.8225193620
   417383.9999999922	  -917013.3603515625	   131562.0000000000	655	1	51	49.750000	 21140128.1929245219
   417385.0000000077	  -920077.7070312500	   128498.0000000000	300	1	51	50.000000	 21139798.0170353577
   417386.0000000224	  -923139.8291015625	   125436.0000000000	175	1	51	50.250000	 21139468.2948525064
   417387.0000000353	  -926200.6171875000	   122375.0000000000	392	1	51	50.500000	 21139137.0475197025
   417388.0000000485	  -929261.2060546875	   119314.0000000000	813	1	51	50.000000	 21138806.8716311939
   417389.0000000590	  -932321.3603515625	   116254.0000000000	655	1	51	49.500000	 21138476.3397586793
   417390.0000000708	  -935380.2001953125	   113195.0000000000	819	1	51	49.750000	 21138145.6019730456
   417391.0000000828	  -938437.5693359375	   110138.0000000000	441	1	51	50.000000	 21137815.0945303962
   417391.9999999194	  -941493.6103515625	   107082.0000000000	399	0	51	50.500000	 21137484.9186924025
   417392.9999999295	  -944548.7392578125	   104027.0000000000	267	1	51	50.250000	 21137154.6939441189
   417393.9999999413	  -947602.5859375000	   100973.0000000000	424	1	51	50.000000	 21136824.9752521478
   417394.9999999520	  -950655.6162109375	    97920.0000000000	393	1	51	50.000000	 21136494.9250060394
   417395.9999999633	  -953707.4462890625	    94868.0000000000	567	1	51	50.250000	 21136165.6216297969
   417396.9999999740	  -956757.4775390625	    91818.0000000000	535	1	51	50.250000	 21135836.9848526940
   417397.9999999812	  -959806.5781250000	    88769.0000000000	432	1	51	50.250000	 21135507.0323288962
   417398.9999999893	  -962854.6884765625	    85721.0000000000	319	1	51	50.000000	 21135178.0570179746
   417399.9999999982	  -965901.4638671875	    82674.0000000000	549	1	51	50.250000	 21134848.7536424138
   417401.0000000061	  -968946.2500000000	    79629.0000000000	768	1	51	50.250000	 21134519.1536131538
   417402.0000000124	  -971988.3925781250	    76587.0000000000	622	1	51	50.000000	 21134190.3528050818
   417403.0000000174	  -975028.6445312500	    73547.0000000000	364	1	51	50.250000	 21133861.3111841530
   417404.0000000224	  -978067.5566406250	    70508.0000000000	454	1	51	50.250000	 21133532.2521130070
   417405.0000000268	  -981106.3164062500	    67469.0000000000	700	1	51	49.750000	 21133204.0550835766
   417406.0000000318	  -984144.5917968750	    64431.0000000000	418	1	51	50.000000	 21132876.2838397175
   417407.0000000371	  -987182.0156250000	    61393.0000000000	1008	1	51	50.000000	 21132548.7603890970
   417408.0000000420	  -990218.1611328125	    58357.0000000000	859	1	51	50.250000	 21132221.1322371699
   417409.0000000463	  -993251.5507812500	    55324.0000000000	460	1	51	50.750000	 21131894.1532341875
   417410.0000000482	  -996281.8583984375	    52294.0000000000	145	1	51	51.000000	 21131566.4762224630
   417411.0000000485	  -999310.6494140625	    49265.0000000000	359	1	51	51.000000	 21131238.7573306225
   417412.0000000484	 -1002339.1943359375	    46236.0000000000	825	1	51	50.500000	 21130910.4695612751
   417413.0000000509	 -1005366.9707031250	    43209.0000000000	30	1	51	50.250000	 21130582.5377759635
   417414.0000000547	 -1008393.8525390625	    40182.0000000000	151	1	51	50.500000	 21130255.5448129214
   417415.0000000578	 -1011418.7373046875	    37157.0000000000	269	1	51	50.250000	 21129929.2358992249
   417416.0000000577	 -1014441.9951171875	    34134.0000000000	5	1	51	51.000000	 21129601.2343137451
   417417.0000000598	 -1017464.6367187500	    31111.0000000000	372	1	51	50.500000	 21129274.1820203662
   417418.0000000591	 -1020486.2470703125	    28089.0000000000	771	1	51	50.000000	 21128947.4543021470
   417419.0000000586	 -1023505.5751953125	    25070.0000000000	435	1	51	50.500000	 21128621.1733098701
   417420.0000000559	 -1026524.1845703125	    22051.0000000000	835	1	51	50.250000	 21128293.9779259600
   417421.0000000539	 -1029542.7138671875	    19033.0000000000	293	1	51	50.250000	 21127967.5643123202
   417422.0000000505	 -1032561.4755859375	    16014.0000000000	537	1	51	50.000000	 21127640.5888015255
   417423.0000000498	 -1035579.6132812500	    12996.0000000000	396	1	51	49.750000	 21127314.2729088478
   417424.0000000490	 -1038597.3232421875	     9978.0000000000	693	1	51	50.000000	 21126988.4944833964
   417425.0000000500	 -1041614.3242187500	     6961.0000000000	692	1	51	50.000000	 21126662.8277389668
   417426.0000000516	 -1044630.3359375000	     3945.0000000000	680	1	51	50.000000	 21126336.9062209167
   417427.0000000509	 -1047644.9472656250	      931.0000000000	54	1	51	50.250000	 21126010.8765120693
   417428.0000000504	 -1050657.9609375000	  1046494.0000000000	40	1	51	50.250000	 21125685.9182475507
   417429.0000000495	 -1053670.3300781250	  1043481.0000000000	686	1	51	50.250000	 21125359.8187378310
   417430.0000000485	 -1056681.7060546875	  1040470.0000000000	301	1	51	49.750000	 21125034.5603294224
   417431.0000000487	 -1059692.5742187500	  1037459.0000000000	436	1	51	50.250000	 21124709.7940172963
   417432.0000000466	 -1062702.1308593750	  1034449.0000000000	890	1	51	50.000000	 21124384.4902386144
   417433.0000000444	 -1065710.7890625000	  1031441.0000000000	216	1	51	50.250000	 21124058.8828258477
   417434.0000000408	 -1068719.0468750000	  1028432.0000000000	976	1	51	50.000000	 21123733.2684334330
   417435.0000000385	 -1071727.4355468750	  1025424.0000000000	578	1	51	49.750000	 21123408.8964973018
   417436.0000000345	 -1074735.5996093750	  1022416.0000000000	410	1	51	50.000000	 21123083.1774035841
   417437.0000000325	 -1077743.2001953125	  1019408.0000000000	819	1	51	50.000000	 21122758.7496266402
   417438.0000000345	 -1080750.0917968750	  1016401.0000000000	930	1	51	50.250000	 21122434.8104550987
   417439.0000000342	 -1083756.1376953125	  1013395.0000000000	883	1	51	50.000000	 21122110.0476331636
   417440.0000000334	 -1086760.9433593750	  1010391.0000000000	58	1	51	50.000000	 21121785.5570349991
   417441.0000000307	 -1089764.2851562500	  1007387.0000000000	732	1	51	50.000000	 21121461.2409397438
   417442.0000000283	 -1092766.9355468750	  1004385.0000000000	66	1	51	50.000000	 21121137.2633789405
   417443.0000000257	 -1095769.2402343750	  1001382.0000000000	778	1	51	49.500000	 21120813.0903755836
   417444.0000000241	 -1098770.9804687500	   998381.0000000000	20	1	51	49.750000	 21120489.3745680787
   417445.0000000226	 -1101771.7998046875	   995380.0000000000	205	1	51	49.750000	 21120166.3916703835
   417446.0000000210	 -1104771.0634765625	   992380.0000000000	959	1	51	50.250000	 21119844.3929659277
   417447.0000000181	 -1107769.0283203125	   989382.0000000000	995	1	51	50.500000	 21119521.4205388054
   417448.0000000153	 -1110765.8417968750	   986386.0000000000	162	1	51	50.250000	 21119198.9122878462
   417449.0000000110	 -1113762.7519531250	   983389.0000000000	254	1	51	50.250000	 21118876.2365150861
   417450.0000000075	 -1116759.3994140625	   980392.0000000000	615	1	51	50.000000	 21118552.8034019209
   417451.0000000056	 -1119755.7080078125	   977396.0000000000	299	1	51	50.000000	 21118230.8605383113
   417452.0000000026	 -1122751.4257812500	   974400.0000000000	588	1	51	49.750000	 21117907.7101187855
   417453.0000000001	 -1125746.3310546875	   971405.0000000000	685	1	51	50.000000	 21117585.9871283211
   417453.9999999976	 -1128740.1669921875	   968411.0000000000	853	1	51	50.000000	 21117263.8523123115
   417454.9999999938	 -1131732.8896484375	   965419.0000000000	113	1	51	50.250000	 21116941.6372255646
   417455.9999999900	 -1134725.0781250000	   962426.0000000000	944	1	51	50.250000	 21116619.1185047664
   417456.9999999867	 -1137716.1914062500	   959435.0000000000	828	1	51	49.750000	 21116296.5788435601
   417457.9999999842	 -1140706.2089843750	   956445.0000000000	810	1	51	50.250000	 21115975.0163952336
   417458.9999999801	 -1143695.7685546875	   953456.0000000000	237	1	51	49.750000	 21115652.6966071874
   417459.9999999763	 -1146685.1699218750	   950466.0000000000	850	1	51	49.250000	 21115330.3035280854
   417460.9999999729	 -1149673.8720703125	   947478.0000000000	131	1	51	49.250000	 21115008.6224184148
   417461.9999999694	 -1152662.5449218750	   944489.0000000000	466	1	51	49.500000	 21114686.9238585271
   417462.9999999675	 -1155650.8310546875	   941501.0000000000	173	1	51	49.000000	 21114366.8062894568
   417463.9999999646	 -1158637.7431640625	   938514.0000000000	263	1	51	49.750000	 21114045.5684155896
   417464.9999999619	 -1161623.8369140625	   935528.0000000000	167	1	51	50.000000	 21113724.9378098473
   417465.9999999586	 -1164609.4716796875	   932542.0000000000	541	1	51	50.000000	 21113403.5777844526
   417466.9999999551	 -1167594.5644531250	   929557.0000000000	446	1	51	49.750000	 21113083.0065097213
   417467.9999999523	 -1170578.9912109375	   926573.0000000000	9	1	51	49.750000	 21112762.4840954654
   417468.9999999501	 -1173563.1269531250	   923588.0000000000	894	1	51	49.750000	 21112441.4556242116
   417469.9999999485	 -1176546.4775390625	   920605.0000000000	535	1	51	49.250000	 21112121.1565726027
   417470.9999999464	 -1179528.3398437500	   917623.0000000000	676	1	51	49.750000	 21111800.8610111773
   417471.9999999423	 -1182510.0263671875	   914641.0000000000	997	1	51	49.500000	 21111480.3839678951
   417472.9999999384	 -1185490.7597656250	   911661.0000000000	246	1	51	49.500000	 21111159.9767254889
   417473.9999999370	 -1188470.2988281250	   908681.0000000000	718	1	51	49.500000	 21110840.0336585939
   417474.9999999334	 -1191449.3847656250	   905702.0000000000	630	1	51	49.500000	 21110519.7311174907
   417475.9999999305	 -1194427.4550781250	   902724.0000000000	558	1	51	49.250000	 21110200.0498045459
   417476.9999999264	 -1197404.9326171875	   899747.0000000000	69	1	51	49.500000	 21109880.2882208750
   417477.9999999221	 -1200381.9003906250	   896770.0000000000	102	1	51	49.000000	 21109561.1897461601
   417478.9999999172	 -1203358.3623046875	   893793.0000000000	653	1	51	49.500000	 21109241.5049437135
   417479.9999999136	 -1206334.0576171875	   890817.0000000000	965	1	51	49.500000	 21108922.1865958497
   417481.0000000852	 -1209308.6162109375	   887843.0000000000	393	2	51	49.500000	 21108603.7197693363
   417482.0000000816	 -1212282.8681640625	   884869.0000000000	135	1	51	49.500000	 21108284.9912393764
   417483.0000000774	 -1215256.7216796875	   881895.0000000000	285	1	51	49.500000	 21107965.9276650846
   417484.0000000725	 -1218229.7900390625	   878922.0000000000	215	1	51	49.250000	 21107646.5115962848
   417485.0000000683	 -1221201.9833984375	   875950.0000000000	17	1	51	49.500000	 21107327.5736637078
   417486.0000000636	 -1224173.1611328125	   872978.0000000000	859	1	51	49.500000	 21107008.7823132202
   417487.0000000597	 -1227143.2480468750	   870008.0000000000	770	1	51	49.500000	 21106690.8250837252
   417488.0000000556	 -1230112.5117187500	   867039.0000000000	500	1	51	49.750000	 21106373.0842371583
   417489.0000000520	 -1233080.7138671875	   864071.0000000000	293	1	51	49.250000	 21106055.1968085021
   417490.0000000488	 -1236047.8574218750	   861104.0000000000	146	1	51	49.500000	 21105738.0038990676
   417491.0000000432	 -1239014.4619140625	   858137.0000000000	551	1	51	49.250000	 21105419.6662549376
   417492.0000000369	 -1241979.4130859375	   855172.0000000000	601	1	51	49.250000	 21105101.2448499128
   417493.0000000310	 -1244942.7646484375	   852209.0000000000	241	1	51	49.500000	 21104783.1061385274
   417494.0000000232	 -1247904.7333984375	   849247.0000000000	273	1	51	49.500000	 21104464.9639376514
   417495.0000000152	 -1250865.7050781250	   846286.0000000000	302	1	51	49.750000	 21104147.4673955329
   417496.0000000083	 -1253825.1884765625	   843326.0000000000	831	1	51	49.500000	 21103830.4454994462
   417497.0000000014	 -1256783.9082031250	   840368.0000000000	94	1	51	49.500000	 21103513.7272374406
   417497.9999999941	 -1259742.1250000000	   837409.0000000000	896	1	51	49.500000	 21103196.3144562058
   417498.9999999861	 -1262699.1308593750	   834452.0000000000	890	1	51	49.250000	 21102879.1040979177
   417499.9999999790	 -1265653.6865234375	   831498.0000000000	321	1	51	49.500000	 21102562.8884027191
   417500.9999999687	 -1268606.5253906250	   828545.0000000000	486	1	51	49.500000	 21102246.3027634509
   417501.9999999593	 -1271557.6533203125	   825594.0000000000	355	1	51	49.500000	 21101929.9439770170
   417502.9999999475	 -1274507.2636718750	   822644.0000000000	754	1	51	49.750000	 21101613.1908159293
   417503.9999999366	 -1277455.1953125000	   819696.0000000000	824	1	51	49.750000	 21101297.3974175043
   417504.9999999241	 -1280402.1601562500	   816749.0000000000	860	1	51	49.750000	 21100981.1503134146
   417505.9999999126	 -1283348.6552734375	   813803.0000000000	353	1	51	49.500000	 21100665.4685966559
   417507.0000000760	 -1286294.4619140625	   810857.0000000000	551	2	51	49.500000	 21100349.4413152412
   417508.0000000647	 -1289239.6923828125	   807912.0000000000	315	1	51	49.500000	 21100033.6863074340
   417509.0000000540	 -1292183.4580078125	   804968.0000000000	555	1	51	50.000000	 21099719.3761788718
   417510.0000000417	 -1295126.8388671875	   802025.0000000000	165	1	51	50.250000	 21099404.7728868015
   417511.0000000276	 -1298069.6572265625	   799082.0000000000	351	1	51	49.750000	 21099088.8782779165
   417512.0000000159	 -1301012.0527343750	   796139.0000000000	970	1	51	50.250000	 21098773.7165781781
   417513.0000000031	 -1303953.7001953125	   793198.0000000000	307	1	51	50.000000	 21098458.9562341459
   417513.9999999914	 -1306894.2744140625	   790257.0000000000	743	1	51	50.250000	 21098144.3494518995
   417514.9999999796	 -1309833.4189453125	   787318.0000000000	595	1	51	50.500000	 21097830.1719454080
   417515.9999999681	 -1312771.3925781250	   784380.0000000000	622	1	51	50.750000	 21097515.7780559473
   417516.9999999551	 -1315707.7431640625	   781444.0000000000	263	1	51	50.500000	 21097201.3597365916
   417517.9999999413	 -1318642.8476562500	   778509.0000000000	156	1	51	50.750000	 21096887.1612903811
   417518.9999999263	 -1321575.6035156250	   775576.0000000000	406	1	51	50.500000	 21096572.5789393857
   417520.0000000855	 -1324505.4384765625	   772646.0000000000	575	2	51	50.750000	 21096258.8550901264
   417521.0000000685	 -1327433.1201171875	   769718.0000000000	901	1	51	50.750000	 21095944.5379832499
   417522.0000000503	 -1330359.7197265625	   766792.0000000000	287	1	51	50.750000	 21095630.1580558792
   417523.0000000310	 -1333287.0537109375	   763864.0000000000	969	1	51	50.250000	 21095315.2860322259
   417524.0000000139	 -1336213.7500000000	   760938.0000000000	256	1	51	50.000000	 21095001.0771168433
   417524.9999999972	 -1339140.0214843750	   758011.0000000000	1002	1	51	50.000000	 21094686.5610772073
   417525.9999999802	 -1342065.4687500000	   755086.0000000000	544	1	51	49.750000	 21094372.7988878116
   417526.9999999642	 -1344990.4052734375	   752161.0000000000	609	1	51	50.000000	 21094059.6544363983
   417527.9999999473	 -1347914.4433593750	   749237.0000000000	570	1	51	49.750000	 21093746.3738734163
   417528.9999999311	 -1350837.8613281250	   746314.0000000000	142	1	51	50.000000	 21093433.2852628343
   417529.9999999137	 -1353760.5166015625	   743391.0000000000	495	1	51	49.500000	 21093119.5789142698
   417531.0000000735	 -1356682.0605468750	   740469.0000000000	962	2	51	49.750000	 21092806.1552088857
   417532.0000000575	 -1359603.2109375000	   737548.0000000000	808	1	51	49.500000	 21092493.5656749308
   417533.0000000424	 -1362523.9658203125	   734628.0000000000	35	1	51	49.250000	 21092180.5398848653
   417534.0000000270	 -1365443.7773437500	   731708.0000000000	228	1	51	49.250000	 21091867.8386692554
   417535.0000000115	 -1368362.4648437500	   728789.0000000000	548	1	51	49.750000	 21091555.5492791906
   417535.9999999955	 -1371280.2548828125	   725871.0000000000	763	1	51	49.750000	 21091243.2633792944
   417536.9999999804	 -1374197.2714843750	   722954.0000000000	746	1	51	49.750000	 21090931.7941501476
   417537.9999999633	 -1377113.7207031250	   720038.0000000000	286	1	51	49.750000	 21090620.3214315027
   417538.9999999468	 -1380029.3261718750	   717122.0000000000	690	1	51	49.750000	 21090309.1488567367
   417539.9999999292	 -1382944.1123046875	   714207.0000000000	909	1	51	50.000000	 21089997.9483618960
   417541.0000000860	 -1385858.1416015625	   711293.0000000000	879	2	51	50.000000	 21089686.3534419015
   417542.0000000673	 -1388772.1289062500	   708379.0000000000	892	1	51	49.750000	 21089375.1075767763
   417543.0000000485	 -1391685.4570312500	   705466.0000000000	556	1	51	50.000000	 21089063.8442614339
   417544.0000000307	 -1394598.1328125000	   702553.0000000000	888	1	51	50.000000	 21088751.8410558961
   417545.0000000138	 -1397510.3417968750	   699641.0000000000	674	1	51	49.750000	 21088440.9930555895
   417545.9999999971	 -1400422.3984375000	   696729.0000000000	616	1	51	49.500000	 21088129.6250382476
   417546.9999999789	 -1403334.2890625000	   693817.0000000000	728	1	51	49.250000	 21087818.3756829351
   417547.9999999616	 -1406245.9423828125	   690906.0000000000	59	1	51	49.250000	 21087507.2798894010
   417548.9999999460	 -1409157.2236328125	   687994.0000000000	795	1	51	49.500000	 21087196.3690678999
   417549.9999999311	 -1412068.0312500000	   685083.0000000000	992	1	51	49.250000	 21086885.9887332954
   417550.9999999152	 -1414978.2919921875	   682173.0000000000	725	1	51	49.250000	 21086575.7235705331
   417552.0000000747	 -1417887.3789062500	   679264.0000000000	636	2	51	49.500000	 21086265.5037282519
   417553.0000000579	 -1420796.3593750000	   676355.0000000000	656	1	51	49.500000	 21085954.6906283759
   417554.0000000416	 -1423705.2304687500	   673446.0000000000	788	1	51	49.250000	 21085645.0013234839
   417555.0000000249	 -1426613.5283203125	   670538.0000000000	483	1	51	49.250000	 21085334.0800321475
   417556.0000000106	 -1429521.1875000000	   667630.0000000000	832	1	51	49.250000	 21085023.8567494899
   417556.9999999956	 -1432427.9707031250	   664724.0000000000	30	1	51	49.250000	 21084714.1569740586
   417557.9999999793	 -1435334.3652343750	   661817.0000000000	650	1	51	49.250000	 21084404.0558436178
   417558.9999999623	 -1438240.4130859375	   658911.0000000000	601	1	51	49.250000	 21084094.0140441917
   417559.9999999468	 -1441145.0878906250	   656006.0000000000	934	1	51	49.750000	 21083785.1588602513
   417560.9999999299	 -1444049.0312500000	   653102.0000000000	992	1	51	50.000000	 21083476.2966966368
   417561.9999999134	 -1446953.4306640625	   650198.0000000000	583	1	51	49.750000	 21083168.4326862916
   417563.0000000721	 -1449857.5830078125	   647294.0000000000	427	2	51	50.000000	 21082859.8636364006
   417564.0000000572	 -1452761.3437500000	   644390.0000000000	672	1	51	49.750000	 21082551.0224124976
   417565.0000000436	 -1455664.1220703125	   641487.0000000000	899	1	51	49.750000	 21082242.3138099574
   417566.0000000303	 -1458566.2343750000	   638585.0000000000	784	1	51	49.750000	 21081934.1217342988
   417567.0000000162	 -1461468.0712890625	   635683.0000000000	951	1	51	49.750000	 21081625.5422636606
   417568.0000000022	 -1464369.5507812500	   632782.0000000000	460	1	51	49.500000	 21081317.8213445805
   417568.9999999882	 -1467270.8330078125	   629881.0000000000	171	1	51	49.500000	 21081009.4198662899
   417569.9999999742	 -1470170.8349609375	   626981.0000000000	169	1	51	49.250000	 21080701.8594893254
   417570.9999999608	 -1473070.1796875000	   624081.0000000000	840	1	51	50.250000	 21080393.7930553667
   417571.9999999473	 -1475969.1308593750	   621182.0000000000	890	1	51	49.750000	 21080086.3897303641
   417572.9999999350	 -1478867.5693359375	   618284.0000000000	441	1	51	50.000000	 21079779.4959518500
   417573.9999999214	 -1481765.6298828125	   615386.0000000000	379	1	51	49.500000	 21079471.6110004261
   417575.0000000835	 -1484662.0947265625	   612489.0000000000	927	2	51	49.500000	 21079164.5007891320
   417576.0000000691	 -1487556.5615234375	   609595.0000000000	449	1	51	50.000000	 21078857.6768121682
   417577.0000000540	 -1490448.1748046875	   606703.0000000000	845	1	51	50.250000	 21078551.8056182005
   417578.0000000361	 -1493337.9873046875	   603814.0000000000	13	1	51	50.000000	 21078244.6500877999
   417579.0000000179	 -1496224.6269531250	   600927.0000000000	382	1	51	50.250000	 21077937.9796739705
   417579.9999999949	 -1499107.8593750000	   598044.0000000000	144	1	51	50.000000	 21077630.8974359855
   417580.9999999714	 -1501989.0761718750	   595162.0000000000	946	1	51	50.250000	 21077323.6406958140
   417581.9999999473	 -1504869.2070312500	   592282.0000000000	812	1	51	50.000000	 21077016.0663615428
   417582.9999999235	 -1507747.9990234375	   589404.0000000000	1	1	51	49.750000	 21076709.2947379686
   417584.0000000756	 -1510625.0273437500	   586526.0000000000	996	2	51	50.250000	 21076403.5840383843
   417585.0000000508	 -1513501.5234375000	   583650.0000000000	488	1	51	50.000000	 21076096.9450368658
   417586.0000000275	 -1516377.3388671875	   580774.0000000000	677	1	51	49.750000	 21075790.7597410083
   417587.0000000033	 -1519252.4970703125	   577899.0000000000	515	1	51	49.750000	 21075484.3126918860
   417587.9999999804	 -1522126.9218750000	   575025.0000000000	80	1	51	49.500000	 21075177.9633637294
   417588.9999999568	 -1525000.2304687500	   572151.0000000000	788	1	51	49.500000	 21074871.5302746519
   417589.9999999336	 -1527872.4013671875	   569279.0000000000	613	1	51	49.750000	 21074566.2209805548
   417591.0000000848	 -1530743.1611328125	   566408.0000000000	859	2	51	50.000000	 21074260.5347115248
   417592.0000000607	 -1533612.9863281250	   563539.0000000000	14	1	51	50.000000	 21073955.5534820892
   417593.0000000353	 -1536481.6865234375	   560670.0000000000	321	1	51	50.000000	 21073650.0103554614
   417594.0000000101	 -1539349.3476562500	   557802.0000000000	668	1	51	50.000000	 21073345.1268476509
   417594.9999999845	 -1542216.4003906250	   554935.0000000000	614	1	51	50.000000	 21073040.6761057526
   417595.9999999588	 -1545081.6894531250	   552070.0000000000	318	1	51	49.750000	 21072736.6197391972
   417596.9999999314	 -1547945.2236328125	   549206.0000000000	795	1	51	50.000000	 21072431.7711324804
   417598.0000000792	 -1550807.5937500000	   546344.0000000000	416	2	51	50.250000	 21072126.7898538895
   417599.0000000537	 -1553668.6445312500	   543483.0000000000	364	1	51	50.000000	 21071822.2483707517
   417600.0000000263	 -1556528.2470703125	   540623.0000000000	771	1	51	50.250000	 21071517.2566721104
   417600.9999999985	 -1559385.7500000000	   537766.0000000000	256	1	51	50.000000	 21071213.4480994642
   417601.9999999690	 -1562241.2968750000	   534910.0000000000	720	1	51	50.500000	 21070909.6883879751
   417602.9999999384	 -1565096.0673828125	   532055.0000000000	955	1	51	50.250000	 21070604.8642125241
   417604.0000000845	 -1567949.9423828125	   529202.0000000000	59	2	51	50.000000	 21070301.1114308983
   417605.0000000561	 -1570803.7314453125	   526348.0000000000	275	1	51	49.750000	 21069997.2539977729
   417606.0000000262	 -1573656.4755859375	   523495.0000000000	537	1	51	49.500000	 21069693.5152266845
   417606.9999999962	 -1576507.6855468750	   520644.0000000000	322	1	51	50.000000	 21069390.0451892316
   417607.9999999664	 -1579357.8398437500	   517794.0000000000	164	1	51	50.250000	 21069087.3255118094
   417608.9999999359	 -1582207.5253906250	   514944.0000000000	486	1	51	50.000000	 21068784.2707900740
   417610.0000000820	 -1585055.7031250000	   512096.0000000000	304	2	51	49.750000	 21068482.3782034516
   417611.0000000510	 -1587903.0048828125	   509248.0000000000	1019	1	51	50.250000	 21068179.4526135810
   417612.0000000200	 -1590749.3925781250	   506402.0000000000	622	1	51	50.250000	 21067876.6701156385
   417612.9999999900	 -1593595.0117187500	   503556.0000000000	1012	1	51	50.250000	 21067573.7898960933
   417613.9999999602	 -1596440.3544921875	   500711.0000000000	661	1	51	50.000000	 21067271.7856782898
   417614.9999999280	 -1599285.5703125000	   497866.0000000000	440	1	51	49.750000	 21066969.2265436873
   417616.0000000722	 -1602129.8378906250	   495022.0000000000	166	2	51	49.750000	 21066667.1873756312
   417617.0000000427	 -1604973.4531250000	   492178.0000000000	560	1	51	50.000000	 21066365.2704088986
   417618.0000000137	 -1607816.6552734375	   489335.0000000000	353	1	51	50.250000	 21066063.5279443748
   417618.9999999818	 -1610660.1298828125	   486491.0000000000	891	1	51	49.500000	 21065761.2166029997
   417619.9999999506	 -1613503.4677734375	   483648.0000000000	545	1	51	49.750000	 21065458.3643041961
   417620.9999999206	 -1616346.4541015625	   480805.0000000000	559	1	51	49.500000	 21065155.8959101886
   417622.0000000664	 -1619188.8173828125	   477963.0000000000	187	2	51	49.500000	 21064853.7380800955
   417623.0000000374	 -1622030.6904296875	   475121.0000000000	317	1	51	49.500000	 21064551.9956155717
   417624.0000000086	 -1624871.9755859375	   472280.0000000000	25	1	51	49.500000	 21064250.4660438187
   417624.9999999799	 -1627712.1992187500	   469439.0000000000	820	1	51	49.750000	 21063950.2242993563
   417625.9999999513	 -1630551.3994140625	   466600.0000000000	615	1	51	50.000000	 21063650.7678153850
   417626.9999999218	 -1633389.6542968750	   463762.0000000000	354	1	51	50.000000	 21063350.4248598032
   417628.0000000678	 -1636225.9345703125	   460926.0000000000	67	2	51	50.000000	 21063050.7693932615
   417629.0000000368	 -1639060.5371093750	   458091.0000000000	474	1	51	50.000000	 21062750.3112665340
   417630.0000000051	 -1641894.4726562500	   455257.0000000000	540	1	51	49.750000	 21062449.1621107459
   417630.9999999721	 -1644728.1103515625	   452423.0000000000	911	1	51	49.500000	 21062148.2188680880
   417631.9999999393	 -1647561.5517578125	   449590.0000000000	459	1	51	49.500000	 21061847.2023343742
   417633.0000000834	 -1650393.9345703125	   446758.0000000000	67	2	51	49.750000	 21061546.9710106626
   417634.0000000531	 -1653225.6835937500	   443926.0000000000	324	1	51	50.250000	 21061246.8479282297
   417635.0000000215	 -1656056.8037109375	   441095.0000000000	201	1	51	49.750000	 21060946.1978490725
   417635.9999999907	 -1658886.9990234375	   438265.0000000000	1	1	51	49.500000	 21060646.1864483245
   417636.9999999591	 -1661716.6542968750	   435435.0000000000	354	1	51	49.750000	 21060346.5205624215
   417637.9999999279	 -1664546.1289062500	   432605.0000000000	892	1	51	49.750000	 21060047.2630118839
   417639.0000000718	 -1667375.2919921875	   429776.0000000000	725	2	51	49.500000	 21059747.8378890306
   417640.0000000409	 -1670204.6542968750	   426947.0000000000	354	1	51	49.500000	 21059449.0968653522
   417641.0000000108	 -1673033.6816406250	   424118.0000000000	326	1	51	49.500000	 21059149.5985012650
   417641.9999999817	 -1675862.2158203125	   421289.0000000000	803	1	51	49.750000	 21058850.5573330298
   417642.9999999524	 -1678690.1718750000	   418461.0000000000	848	1	51	49.750000	 21058551.4463639148
   417643.9999999239	 -1681517.4365234375	   415634.0000000000	577	1	51	50.000000	 21058253.1346153170
   417645.0000000702	 -1684344.0029296875	   412807.0000000000	1021	2	51	50.000000	 21057954.5680433214
   417646.0000000400	 -1687170.3974609375	   409981.0000000000	617	1	51	49.750000	 21057656.3400563039
   417647.0000000104	 -1689996.3007812500	   407155.0000000000	716	1	51	49.750000	 21057357.8398455195
   417647.9999999804	 -1692821.7792968750	   404330.0000000000	226	1	51	49.500000	 21057059.5211172290
   417648.9999999519	 -1695646.7138671875	   401505.0000000000	293	1	51	49.750000	 21056761.3350103311
   417649.9999999230	 -1698471.6484375000	   398680.0000000000	360	1	51	49.750000	 21056464.0807460211
   417651.0000000684	 -1701296.4179687500	   395855.0000000000	596	2	51	49.750000	 21056166.0935220607
   417652.0000000395	 -1704121.7021484375	   393030.0000000000	305	1	51	49.750000	 21055868.9648994617
   417653.0000000118	 -1706947.0468750000	   390204.0000000000	976	1	51	50.000000	 21055570.7369117774
   417653.9999999853	 -1709772.0966796875	   387379.0000000000	925	1	51	49.750000	 21055271.8911854289
   417654.9999999597	 -1712596.5751953125	   384555.0000000000	435	1	51	49.750000	 21054974.3263060115
   417655.9999999341	 -1715420.1552734375	   381731.0000000000	865	1	51	50.000000	 21054677.5850776955
   417657.0000000822	 -1718243.0507812500	   378908.0000000000	972	2	51	50.500000	 21054380.8647399656
   417658.0000000541	 -1721066.2412109375	   376085.0000000000	777	1	51	50.000000	 21054083.9804204144
   417659.0000000271	 -1723889.3798828125	   373262.0000000000	635	1	51	50.000000	 21053786.8378370889
   417660.0000000015	 -1726712.0263671875	   370439.0000000000	997	1	51	50.000000	 21053489.6847832240
   417660.9999999768	 -1729534.3056640625	   367617.0000000000	711	1	51	50.000000	 21053192.7934826128
   417661.9999999520	 -1732355.9404296875	   364796.0000000000	61	1	51	49.750000	 21052895.9021820128
   417662.9999999281	 -1735177.4238281250	   361974.0000000000	590	1	51	49.750000	 21052600.5430117585
   417664.0000000767	 -1737998.5927734375	   359153.0000000000	417	2	51	49.750000	 21052304.1053676754
   417665.0000000509	 -1740819.8564453125	   356332.0000000000	147	1	51	49.750000	 21052007.3292389214
   417666.0000000269	 -1743641.0546875000	   353510.0000000000	968	1	51	49.750000	 21051712.0782601573
   417667.0000000026	 -1746462.0429687500	   350689.0000000000	980	1	51	49.750000	 21051416.7400303036
   417667.9999999787	 -1749283.1464843750	   347868.0000000000	874	1	51	49.750000	 21051121.5414021946
   417668.9999999556	 -1752103.9843750000	   345048.0000000000	16	1	51	49.750000	 21050825.7110753804
   417669.9999999337	 -1754924.4707031250	   342227.0000000000	542	1	51	49.750000	 21050530.1041112170
   417671.0000000863	 -1757744.5654296875	   339407.0000000000	445	2	51	49.500000	 21050234.5668981001
   417672.0000000637	 -1760564.7343750000	   336587.0000000000	272	1	51	49.250000	 21049939.3228990138
   417673.0000000414	 -1763384.5761718750	   333767.0000000000	434	1	51	49.250000	 21049644.0405093059
   417674.0000000200	 -1766203.9941406250	   330948.0000000000	6	1	51	49.500000	 21049349.1280643605
   417674.9999999988	 -1769022.9609375000	   328129.0000000000	40	1	51	49.500000	 21049054.4459624179
   417675.9999999775	 -1771841.3603515625	   325310.0000000000	655	1	51	49.500000	 21048759.7464102544
   417676.9999999566	 -1774658.8740234375	   322493.0000000000	129	1	51	49.500000	 21048465.8670190126
   417677.9999999349	 -1777475.9023437500	   319676.0000000000	100	1	51	49.500000	 21048171.6002327949
   417678.9999999130	 -1780292.6757812500	   316859.0000000000	332	1	51	49.250000	 21047876.8518201634
   417680.0000000663	 -1783108.9306640625	   314043.0000000000	71	2	51	49.000000	 21047581.6671016030
   417681.0000000443	 -1785925.1142578125	   311226.0000000000	907	1	51	49.000000	 21047286.1683289036
   417682.0000000231	 -1788740.9873046875	   308411.0000000000	13	1	51	49.000000	 21046991.2000431120
   417683.0000000023	 -1791556.5117187500	   305595.0000000000	500	1	51	49.000000	 21046696.6226424910
   417683.9999999806	 -1794372.3476562500	   302779.0000000000	668	1	51	48.750000	 21046402.6594903357
   417684.9999999589	 -1797187.6376953125	   299964.0000000000	371	1	51	49.000000	 21046108.3927041218
   417685.9999999392	 -1800001.1679687500	   297150.0000000000	852	1	51	49.250000	 21045815.0228593722
   417686.9999999189	 -1802813.7724609375	   294338.0000000000	233	1	51	49.500000	 21045521.3005200885
   417688.0000000719	 -1805626.3750000000	   291525.0000000000	640	2	51	49.000000	 21045228.2098296843
   417689.0000000502	 -1808439.4667968750	   288712.0000000000	546	1	51	49.250000	 21044935.3565124944
   417690.0000000292	 -1811252.4658203125	   285899.0000000000	547	1	51	49.000000	 21044642.0145884752
   417691.0000000092	 -1814065.1806640625	   283086.0000000000	839	1	51	49.250000	 21044348.5574926473
   417691.9999999906	 -1816877.4072265625	   280274.0000000000	607	1	51	49.250000	 21044055.5017518178
   417692.9999999721	 -1819689.0732421875	   277462.0000000000	949	1	51	49.500000	 21043763.5000050925
   417693.9999999535	 -1822500.2509765625	   274651.0000000000	767	1	51	49.500000	 21043471.7320915610
   417694.9999999352	 -1825310.7275390625	   271841.0000000000	279	1	51	49.500000	 21043180.0688793324
   417695.9999999178	 -1828119.5849609375	   269032.0000000000	425	1	51	49.750000	 21042888.6674203686
   417697.0000000739	 -1830926.3095703125	   266225.0000000000	707	2	51	50.000000	 21042597.1821507066
   417698.0000000534	 -1833731.3398437500	   263420.0000000000	676	1	51	50.250000	 21042305.7143817320
   417699.0000000315	 -1836535.2441406250	   260616.0000000000	774	1	51	50.250000	 21042014.2745335102
   417700.0000000100	 -1839339.0234375000	   257812.0000000000	1000	1	51	49.500000	 21041722.4752103984
   417700.9999999887	 -1842142.5058593750	   255009.0000000000	506	1	51	49.250000	 21041430.4944047593
   417701.9999999687	 -1844945.4931640625	   252206.0000000000	519	1	51	49.250000	 21041138.8800536878
   417702.9999999483	 -1847748.0732421875	   249403.0000000000	949	1	51	49.250000	 21040847.0179093890
   417703.9999999282	 -1850550.4208984375	   246601.0000000000	593	1	51	49.500000	 21040555.6548417211
   417705.0000000832	 -1853352.3564453125	   243799.0000000000	659	2	51	49.250000	 21040264.4452860318
   417706.0000000633	 -1856153.6845703125	   240998.0000000000	323	1	51	49.250000	 21039973.4382030964
   417707.0000000442	 -1858954.2246093750	   238197.0000000000	794	1	51	49.500000	 21039682.3717891276
   417708.0000000249	 -1861753.6044921875	   235398.0000000000	405	1	51	49.500000	 21039392.5408517942
   417709.0000000049	 -1864551.5712890625	   232600.0000000000	439	1	51	50.000000	 21039102.3923203833
   417709.9999999837	 -1867349.6904296875	   229802.0000000000	317	1	51	49.500000	 21038812.5578935705
   417710.9999999626	 -1870147.5585937500	   227004.0000000000	452	1	51	49.250000	 21038522.4896335639
   417711.9999999419	 -1872944.9199218750	   224207.0000000000	82	1	51	49.250000	 21038231.6675233357
   417712.9999999212	 -1875741.9746093750	   221410.0000000000	26	1	51	49.250000	 21037940.9885050245
   417714.0000000758	 -1878538.5019531250	   218613.0000000000	510	2	51	49.250000	 21037651.2308089472
   417715.0000000551	 -1881334.7304687500	   215817.0000000000	276	1	51	49.250000	 21037361.1067081019
   417716.0000000346	 -1884130.4658203125	   213021.0000000000	547	1	51	49.500000	 21037071.0873085633
   417717.0000000146	 -1886925.7587890625	   210226.0000000000	247	1	51	49.500000	 21036782.3173457198
   417717.9999999952	 -1889720.5693359375	   207431.0000000000	441	1	51	49.500000	 21036493.3275097199
   417718.9999999753	 -1892515.5634765625	   204636.0000000000	447	1	51	49.500000	 21036204.4668056034
   417719.9999999554	 -1895310.5644531250	   201841.0000000000	446	1	51	49.500000	 21035915.3199176416
   417720.9999999367	 -1898105.1064453125	   199046.0000000000	915	1	51	49.750000	 21035627.1293021552
   417721.9999999186	 -1900899.3886718750	   196252.0000000000	626	1	51	49.750000	 21035339.0957386307
   417723.0000000754	 -1903693.0742187500	   193458.0000000000	948	2	51	49.500000	 21035049.9837005958
   417724.0000000578	 -1906486.7705078125	   190665.0000000000	235	1	51	49.500000	 21034761.0880953744
   417725.0000000414	 -1909280.0800781250	   187871.0000000000	942	1	51	49.500000	 21034472.4333030097
   417726.0000000249	 -1912073.0751953125	   185078.0000000000	947	1	51	49.500000	 21034183.2794340104
   417727.0000000087	 -1914865.8134765625	   182286.0000000000	191	1	51	49.250000	 21033894.9631761275
   417727.9999999926	 -1917658.3681640625	   179493.0000000000	647	1	51	49.250000	 21033607.1110944562
   417728.9999999767	 -1920450.6269531250	   176701.0000000000	382	1	51	49.250000	 21033318.1491778456
   417729.9999999619	 -1923242.7646484375	   173909.0000000000	241	1	51	49.250000	 21033030.1260834970
   417730.9999999458	 -1926034.3662109375	   171117.0000000000	649	1	51	49.000000	 21032741.6841839217
   417731.9999999310	 -1928825.4423828125	   168326.0000000000	571	1	51	49.250000	 21032453.3400052898
   417732.9999999165	 -1931615.9804687500	   165536.0000000000	20	1	51	49.250000	 21032166.2627135627
   417734.0000000767	 -1934406.1855468750	   162745.0000000000	834	2	51	49.250000	 21031880.1486248635
   417735.0000000603	 -1937196.5097656250	   159955.0000000000	502	1	51	49.250000	 21031592.7816597857
   417736.0000000452	 -1939986.3476562500	   157165.0000000000	668	1	51	49.250000	 21031305.5124156661
   417737.0000000313	 -1942775.5478515625	   154376.0000000000	463	1	51	49.500000	 21031018.8783597350
   417738.0000000177	 -1945564.2626953125	   151587.0000000000	755	1	51	49.500000	 21030732.1884629577
   417739.0000000041	 -1948352.6943359375	   148799.0000000000	313	1	51	49.250000	 21030445.6416581497
   417739.9999999895	 -1951141.1718750000	   146010.0000000000	848	1	51	49.000000	 21030159.2274753638
   417740.9999999764	 -1953929.8027343750	   143222.0000000000	202	1	51	49.000000	 21029872.7120807841
   417741.9999999645	 -1956718.4062500000	   140433.0000000000	608	1	51	49.000000	 21029585.9558726475
   417742.9999999523	 -1959506.9716796875	   137645.0000000000	29	1	51	49.000000	 21029299.7022313327
   417743.9999999403	 -1962295.1992187500	   134856.0000000000	820	1	51	48.750000	 21029012.9285729825
   417744.9999999295	 -1965082.9003906250	   132069.0000000000	102	1	51	49.000000	 21028727.0588364564
   417745.9999999190	 -1967869.8134765625	   129282.0000000000	191	1	51	49.000000	 21028441.1681595296
   417747.0000000835	 -1970656.0800781250	   126495.0000000000	942	2	51	49.000000	 21028155.3611937016
   417748.0000000710	 -1973442.3388671875	   123709.0000000000	677	1	51	48.750000	 21027869.3064851426
   417749.0000000588	 -1976228.3408203125	   120923.0000000000	675	1	51	48.750000	 21027584.1801289804
   417750.0000000464	 -1979014.0429687500	   118137.0000000000	980	1	51	49.000000	 21027299.3050562479
   417751.0000000356	 -1981799.5419921875	   115352.0000000000	469	1	51	49.000000	 21027014.3113214485
   417752.0000000242	 -1984585.0039062500	   112566.0000000000	1020	1	51	49.000000	 21026729.2687262185
   417753.0000000120	 -1987370.1074218750	   109781.0000000000	914	1	51	49.000000	 21026444.3029122055
   417754.0000000012	 -1990155.1708984375	   106996.0000000000	849	1	51	49.000000	 21026159.1835357249
   417754.9999999905	 -1992939.8603515625	   104212.0000000000	143	1	51	49.000000	 21025874.0816094466
   417755.9999999806	 -1995724.3125000000	   101427.0000000000	704	1	51	49.000000	 21025589.2065360136
   417756.9999999705	 -1998508.5634765625	    98643.0000000000	447	1	51	49.000000	 21025304.8863800541
   417757.9999999608	 -2001292.8408203125	    95859.0000000000	163	1	51	49.000000	 21025020.3672913350
   417758.9999999520	 -2004076.8476562500	    93075.0000000000	156	1	51	49.000000	 21024735.9843141772
   417759.9999999438	 -2006860.1943359375	    90291.0000000000	825	1	51	49.000000	 21024452.1876647510
   417760.9999999350	 -2009643.1083984375	    87508.0000000000	913	1	51	49.250000	 21024168.5201472007
   417761.9999999260	 -2012425.8154296875	    84726.0000000000	189	1	51	49.000000	 21023885.0864628479
   417762.9999999179	 -2015207.9541015625	    81944.0000000000	47	1	51	49.000000	 21023601.3421640694
   417764.0000000857	 -2017989.4736328125	    79162.0000000000	539	2	51	49.250000	 21023317.8176879659
   417765.0000000770	 -2020770.8505859375	    76381.0000000000	153	1	51	48.750000	 21023033.4521610029
   417766.0000000694	 -2023551.8681640625	    73600.0000000000	135	1	51	49.250000	 21022750.0080061257
   417767.0000000618	 -2026332.8984375000	    70819.0000000000	104	1	51	49.000000	 21022467.1187686883
   417768.0000000540	 -2029114.1054687500	    68037.0000000000	916	1	51	49.000000	 21022184.3202725314
   417769.0000000476	 -2031895.0771484375	    65256.0000000000	945	1	51	49.000000	 21021901.0820300765
   417770.0000000419	 -2034675.4326171875	    62476.0000000000	581	1	51	49.000000	 21021617.6239144728
   417771.0000000370	 -2037455.4580078125	    59696.0000000000	555	1	51	49.000000	 21021333.8377342187
   417772.0000000309	 -2040234.9277343750	    56917.0000000000	74	1	51	48.500000	 21021050.4005589895
   417773.0000000254	 -2043011.7724609375	    54140.0000000000	233	1	51	48.750000	 21020768.4257132560
   417774.0000000171	 -2045786.1376953125	    51365.0000000000	883	1	51	49.000000	 21020485.6132570393
   417775.0000000083	 -2048559.5234375000	    48592.0000000000	488	1	51	48.750000	 21020203.3766587041
   417775.9999999992	 -2051333.0019531250	    45818.0000000000	1022	1	51	48.500000	 21019922.1975446790
   417776.9999999899	 -2054106.6035156250	    43045.0000000000	406	1	51	48.500000	 21019640.0900782384
   417777.9999999821	 -2056879.8613281250	    40272.0000000000	142	1	51	48.250000	 21019357.5777659267
   417778.9999999764	 -2059651.0791015625	    37500.0000000000	943	1	51	48.500000	 21019076.5696632005
   417779.9999999698	 -2062420.0908203125	    34731.0000000000	931	1	51	49.000000	 21018795.5685408376
   417780.9999999614	 -2065187.2031250000	    31964.0000000000	816	1	51	49.000000	 21018514.2777451277
   417781.9999999514	 -2067952.5478515625	    29199.0000000000	463	1	51	48.750000	 21018232.9799697436
   417782.9999999410	 -2070716.8642578125	    26435.0000000000	139	1	51	48.750000	 21017951.4169509150
   417783.9999999321	 -2073480.1240234375	    23671.0000000000	897	1	51	48.750000	 21017670.7020130754
   417784.9999999215	 -2076242.3291015625	    20909.0000000000	687	1	51	49.000000	 21017389.6590112783
   417786.0000000856	 -2079003.4316406250	    18148.0000000000	582	2	51	49.000000	 21017109.1673869565
   417787.0000000740	 -2081764.7099609375	    15387.0000000000	297	1	51	49.000000	 21016828.9375663921
   417788.0000000627	 -2084526.2373046875	    12625.0000000000	781	1	51	48.750000	 21016548.8298973851
   417789.0000000516	 -2087287.9599609375	     9864.0000000000	41	1	51	49.000000	 21016269.1689543277
   417790.0000000406	 -2090049.4091796875	     7102.0000000000	605	1	51	49.000000	 21015988.8449023291
   417791.0000000305	 -2092810.2949218750	     4341.0000000000	722	1	51	49.250000	 21015709.0862376429
   417792.0000000219	 -2095569.7138671875	     1582.0000000000	293	1	51	49.250000	 21015430.0674624480
   417793.0000000115	 -2098326.9707031250	  1047401.0000000000	30	1	51	49.750000	 21015150.3471883908
   417793.9999999983	 -2101083.0566406250	  1044644.0000000000	966	1	51	49.500000	 21014869.4856698252
   417794.9999999859	 -2103838.6152343750	  1041889.0000000000	394	1	51	49.250000	 21014589.0464466549
   417795.9999999746	 -2106593.4882812500	  1039134.0000000000	524	1	51	49.250000	 21014309.9229708575
   417796.9999999625	 -2109348.1435546875	  1036379.0000000000	877	1	51	49.250000	 21014030.2515579499
   417797.9999999494	 -2112102.3105468750	  1033625.0000000000	706	1	51	49.000000	 21013750.0147577152
   417798.9999999377	 -2114855.2324218750	  1030872.0000000000	786	1	51	49.000000	 21013470.0536707863
   417799.9999999265	 -2117606.7919921875	  1028121.0000000000	213	1	51	49.250000	 21013190.5532698743
   417800.9999999140	 -2120357.2041015625	  1025370.0000000000	815	1	51	49.000000	 21012910.6340637393
   417802.0000000758	 -2123106.3095703125	  1022621.0000000000	707	2	51	49.000000	 21012631.0184418671
   417803.0000000623	 -2125854.9013671875	  1019873.0000000000	101	1	51	48.750000	 21012351.2493080087
   417804.0000000499	 -2128602.7441406250	  1017125.0000000000	262	1	51	48.750000	 21012072.4922874495
   417805.0000000374	 -2131350.3232421875	  1014377.0000000000	693	1	51	48.750000	 21011794.2901843973
   417806.0000000240	 -2134097.7041015625	  1011630.0000000000	303	1	51	48.500000	 21011515.4145024978
   417807.0000000114	 -2136844.5859375000	  1008883.0000000000	424	1	51	48.500000	 21011237.0344070792
   417808.0000000003	 -2139590.9648437500	  1006137.0000000000	36	1	51	48.500000	 21010960.1096607447
   417808.9999999883	 -2142337.0517578125	  1003390.0000000000	971	1	51	48.750000	 21010682.9231611714
   417809.9999999752	 -2145082.8173828125	  1000645.0000000000	187	1	51	48.500000	 21010405.2620155290
   417810.9999999639	 -2147827.3779296875	   997900.0000000000	637	1	51	48.500000	 21010127.9812844992
   417811.9999999529	 -2150569.3916015625	   995158.0000000000	623	1	51	48.750000	 21009851.3776224628
   417812.9999999385	 -2153308.6572265625	   992419.0000000000	351	1	51	49.000000	 21009573.9049397223
   417813.9999999219	 -2156045.6240234375	   989682.0000000000	385	1	51	49.000000	 21009296.3415163904
   417815.0000000806	 -2158781.0439453125	   986946.0000000000	979	2	51	49.000000	 21009018.9665054530
   417816.0000000653	 -2161516.9150390625	   984211.0000000000	87	1	51	48.500000	 21008742.6455384567
   417817.0000000491	 -2164253.1396484375	   981474.0000000000	881	1	51	48.500000	 21008466.3490020223
   417818.0000000334	 -2166989.3466796875	   978738.0000000000	669	1	51	48.500000	 21008189.0473319776
   417819.0000000185	 -2169725.1191406250	   976002.0000000000	902	1	51	48.250000	 21007911.2570551336
   417820.0000000061	 -2172459.9755859375	   973268.0000000000	25	1	51	48.500000	 21007633.9658542275
   417820.9999999942	 -2175194.1582031250	   970533.0000000000	862	1	51	48.750000	 21007358.3708160110
   417821.9999999796	 -2177928.1250000000	   967799.0000000000	896	1	51	48.750000	 21007082.9921614453
   417822.9999999643	 -2180662.0195312500	   965065.0000000000	1004	1	51	48.750000	 21006807.0830199830
   417823.9999999508	 -2183395.4873046875	   962332.0000000000	525	1	51	49.000000	 21006531.1599178053
   417824.9999999389	 -2186128.2294921875	   959599.0000000000	789	1	51	49.000000	 21006255.7428719401
   417825.9999999260	 -2188860.4765625000	   956867.0000000000	536	1	51	49.250000	 21005980.2804557830
   417827.0000000868	 -2191591.7294921875	   954136.0000000000	277	2	51	49.250000	 21005704.3922042176
   417828.0000000736	 -2194322.4628906250	   951405.0000000000	550	1	51	49.500000	 21005429.1287208200
   417829.0000000604	 -2197052.2636718750	   948675.0000000000	754	1	51	49.500000	 21005154.0083293542
   417830.0000000471	 -2199781.7011718750	   945946.0000000000	306	1	51	49.250000	 21004878.8530374207
   417831.0000000331	 -2202510.8007812500	   943217.0000000000	204	1	51	49.250000	 21004603.5057931282
   417832.0000000204	 -2205239.6982421875	   940488.0000000000	309	1	51	49.000000	 21004329.0973710641
   417833.0000000077	 -2207968.6806640625	   937759.0000000000	327	1	51	49.000000	 21004054.2945736758
   417833.9999999960	 -2210697.5996093750	   935030.0000000000	410	1	51	49.000000	 21003779.6104376428
   417834.9999999845	 -2213426.6699218750	   932301.0000000000	338	1	51	49.000000	 21003505.7115620859
   417835.9999999733	 -2216155.7353515625	   929572.0000000000	271	1	51	49.000000	 21003231.0762865208
   417836.9999999641	 -2218884.3984375000	   926843.0000000000	616	1	51	49.000000	 21002956.5701421611
   417837.9999999554	 -2221612.6445312500	   924115.0000000000	364	1	51	49.000000	 21002682.2384999730
   417838.9999999466	 -2224340.2109375000	   921387.0000000000	808	1	51	49.000000	 21002407.5857735090
   417839.9999999384	 -2227066.7304687500	   918661.0000000000	276	1	51	49.000000	 21002134.2348343804
   417840.9999999288	 -2229792.0195312500	   915935.0000000000	1004	1	51	49.250000	 21001861.1979998499
   417841.9999999191	 -2232516.5830078125	   913211.0000000000	427	1	51	49.250000	 21001588.1437151060
   417843.0000000832	 -2235239.7822265625	   910488.0000000000	223	2	51	49.500000	 21001315.2359626517
   417844.0000000717	 -2237962.5625000000	   907765.0000000000	448	1	51	49.750000	 21001042.2130888365
   417845.0000000600	 -2240685.3105468750	   905042.0000000000	706	1	51	49.500000	 21000770.3907912560
   417846.0000000471	 -2243407.8710937500	   902320.0000000000	132	1	51	49.500000	 21000496.6629283838
   417847.0000000365	 -2246130.0800781250	   899597.0000000000	942	1	51	49.500000	 21000223.9018078335
   417848.0000000262	 -2248851.9414062500	   896876.0000000000	60	1	51	49.500000	 20999951.8003060706
   417849.0000000160	 -2251573.2861328125	   894154.0000000000	731	1	51	49.750000	 20999679.0182451159
   417850.0000000056	 -2254293.9121093750	   891434.0000000000	90	1	51	49.750000	 20999406.1838335395
   417850.9999999951	 -2257013.6660156250	   888714.0000000000	342	1	51	50.000000	 20999133.4401632026
   417851.9999999846	 -2259732.9501953125	   885995.0000000000	51	1	51	49.750000	 20998861.1257686466
   417852.9999999741	 -2262451.8203125000	   883276.0000000000	184	1	51	49.500000	 20998588.8288243078
   417853.9999999640	 -2265170.4677734375	   880557.0000000000	545	1	51	49.250000	 20998317.0658570379
   417854.9999999535	 -2267888.9248046875	   877839.0000000000	77	1	51	49.250000	 20998045.3412803859
   417855.9999999429	 -2270607.3417968750	   875120.0000000000	674	1	51	49.250000	 20997772.5801598430
   417856.9999999338	 -2273325.3349609375	   872402.0000000000	681	1	51	49.000000	 20997500.1296530403
   417857.9999999258	 -2276043.0859375000	   869684.0000000000	936	1	51	49.000000	 20997227.4383326881
   417858.9999999186	 -2278760.7519531250	   866967.0000000000	254	1	51	49.000000	 20996955.6718745530
   417860.0000000866	 -2281477.9394531250	   864250.0000000000	62	2	51	49.000000	 20996684.0938288458
   417861.0000000789	 -2284195.0839843750	   861532.0000000000	938	1	51	49.000000	 20996412.2052191868
   417862.0000000717	 -2286912.1552734375	   858815.0000000000	865	1	51	49.000000	 20996141.2973125726
   417863.0000000641	 -2289629.0693359375	   856098.0000000000	953	1	51	49.000000	 20995869.7297872119
   417864.0000000573	 -2292345.7871093750	   853382.0000000000	218	1	51	48.750000	 20995598.6927487291
   417865.0000000512	 -2295062.2333984375	   850665.0000000000	785	1	51	48.750000	 20995327.5614787750
   417866.0000000450	 -2297778.4609375000	   847949.0000000000	552	1	51	48.500000	 20995056.6814922541
   417867.0000000392	 -2300494.5664062500	   845233.0000000000	444	1	51	48.500000	 20994786.4960249476
   417868.0000000338	 -2303210.2763671875	   842517.0000000000	741	1	51	48.500000	 20994516.0034334064
   417869.0000000300	 -2305925.5947265625	   839802.0000000000	415	1	51	48.750000	 20994245.8563560285
   417870.0000000247	 -2308640.7578125000	   837087.0000000000	248	1	51	48.500000	 20993975.4161151052
   417871.0000000194	 -2311355.7548828125	   834372.0000000000	251	1	51	48.500000	 20993704.7978818454
   417872.0000000143	 -2314070.5615234375	   831657.0000000000	449	1	51	48.250000	 20993434.9649090879
   417873.0000000098	 -2316785.1337890625	   828942.0000000000	887	1	51	48.250000	 20993165.1982470080
   417874.0000000060	 -2319499.3671875000	   826228.0000000000	648	1	51	48.250000	 20992895.7491790056
   417875.0000000024	 -2322213.5380859375	   823514.0000000000	473	1	51	48.500000	 20992627.1028217152
   417875.9999999976	 -2324927.7304687500	   820800.0000000000	276	1	51	48.500000	 20992357.6432838812
   417876.9999999937	 -2327641.8291015625	   818086.0000000000	175	1	51	48.500000	 20992088.6060414426
   417877.9999999899	 -2330355.8574218750	   815372.0000000000	146	1	51	48.500000	 20991819.1569734551
   417878.9999999868	 -2333069.7597656250	   812658.0000000000	246	1	51	48.500000	 20991550.0953004360
   417879.9999999843	 -2335783.4199218750	   809944.0000000000	594	1	51	48.500000	 20991281.1906793825
   417880.9999999825	 -2338496.9023437500	   807231.0000000000	100	1	51	48.500000	 20991012.3523690179
   417881.9999999810	 -2341210.2832031250	   804517.0000000000	734	1	51	48.500000	 20990743.4582178146
   417882.9999999797	 -2343923.6748046875	   801804.0000000000	333	1	51	48.500000	 20990474.7769594118
   417883.9999999796	 -2346637.1621093750	   799090.0000000000	858	1	51	48.500000	 20990207.1601649672
   417884.9999999804	 -2349350.6005859375	   796377.0000000000	409	1	51	48.500000	 20989939.2502063215
   417885.9999999815	 -2352063.6269531250	   793664.0000000000	382	1	51	48.750000	 20989671.4100485481
   417886.9999999833	 -2354776.2617187500	   790951.0000000000	756	1	51	48.750000	 20989403.6536516808
   417887.9999999847	 -2357488.4404296875	   788239.0000000000	573	1	51	48.750000	 20989136.3474709801
   417888.9999999858	 -2360200.1435546875	   785527.0000000000	877	1	51	48.750000	 20988869.0971311107
   417889.9999999868	 -2362911.9091796875	   782816.0000000000	93	1	51	48.750000	 20988601.1138814129
   417890.9999999890	 -2365623.9169921875	   780104.0000000000	85	1	51	48.750000	 20988334.3207373880
   417891.9999999913	 -2368335.8896484375	   777392.0000000000	113	1	51	48.750000	 20988067.2763099484
   417892.9999999938	 -2371047.7900390625	   774680.0000000000	215	1	51	48.750000	 20987800.7484093681
   417893.9999999969	 -2373759.6621093750	   771968.0000000000	346	1	51	48.750000	 20987534.5032024495
   417895.0000000011	 -2376471.3447265625	   769256.0000000000	671	1	51	48.500000	 20987267.6228066608
   417896.0000000063	 -2379182.5859375000	   766545.0000000000	424	1	51	48.250000	 20987001.3077981696
   417897.0000000120	 -2381892.8066406250	   763835.0000000000	198	1	51	48.500000	 20986735.4360255040
   417898.0000000177	 -2384602.5185546875	   761125.0000000000	493	1	51	48.750000	 20986469.9935285971
   417899.0000000216	 -2387312.1347656250	   758415.0000000000	886	1	51	48.500000	 20986204.0100749433
   417900.0000000249	 -2390021.4521484375	   755706.0000000000	561	1	51	48.250000	 20985937.5659352802
   417901.0000000286	 -2392730.9726562500	   752997.0000000000	28	1	51	48.250000	 20985671.6732229032
   417902.0000000335	 -2395439.9335937500	   750288.0000000000	68	1	51	48.500000	 20985405.1104212068
   417903.0000000394	 -2398148.3857421875	   747579.0000000000	629	1	51	48.750000	 20985139.1653574780
   417904.0000000436	 -2400856.1542968750	   744871.0000000000	866	1	51	48.500000	 20984873.5553387776
   417905.0000000476	 -2403560.9941406250	   742167.0000000000	6	1	51	49.000000	 20984607.7324272394
   417906.0000000497	 -2406262.8203125000	   739465.0000000000	184	1	51	49.250000	 20984342.9251199178
   417907.0000000505	 -2408962.2646484375	   736765.0000000000	753	1	51	49.500000	 20984077.8769997023
   417908.0000000505	 -2411659.1191406250	   734068.0000000000	902	1	51	49.500000	 20983813.3174862862
   417909.0000000492	 -2414355.7431640625	   731372.0000000000	263	1	51	49.500000	 20983548.2135259286
   417910.0000000484	 -2417052.6689453125	   728675.0000000000	339	1	51	48.750000	 20983283.2491673119
   417911.0000000493	 -2419749.4824218750	   725978.0000000000	530	1	51	48.750000	 20983018.0754053853
   417912.0000000501	 -2422445.9345703125	   723282.0000000000	67	1	51	48.750000	 20982753.0272851698
   417913.0000000499	 -2425142.3164062500	   720585.0000000000	700	1	51	48.750000	 20982488.1117870510
   417914.0000000505	 -2427838.6083984375	   717889.0000000000	401	1	51	48.500000	 20982223.9780592062
   417915.0000000524	 -2430535.0097656250	   715192.0000000000	1014	1	51	48.750000	 20981959.2789433487
   417916.0000000554	 -2433231.4296875000	   712496.0000000000	584	1	51	48.750000	 20981695.1626650542
   417917.0000000582	 -2435926.8740234375	   709801.0000000000	129	1	51	49.000000	 20981431.2802199386
   417918.0000000622	 -2438621.8427734375	   707106.0000000000	161	1	51	49.250000	 20981167.6036872454
   417919.0000000648	 -2441315.3134765625	   704412.0000000000	703	1	51	48.750000	 20980904.2412591726
   417920.0000000673	 -2444006.4599609375	   701721.0000000000	553	1	51	49.250000	 20980641.5593902543
   417921.0000000671	 -2446694.9169921875	   699033.0000000000	85	1	51	49.500000	 20980378.2004530355
   417922.0000000659	 -2449380.4355468750	   696347.0000000000	578	1	51	49.500000	 20980114.7228544801
   417923.0000000637	 -2452064.3994140625	   693663.0000000000	615	1	51	49.250000	 20979851.0393434726
   417924.0000000615	 -2454747.8730468750	   690980.0000000000	130	1	51	49.000000	 20979587.5338248312
   417925.0000000597	 -2457431.7705078125	   688296.0000000000	235	1	51	48.750000	 20979324.2760994248
   417926.0000000590	 -2460115.8466796875	   685612.0000000000	157	1	51	49.000000	 20979061.7792039216
   417927.0000000588	 -2462799.3115234375	   682928.0000000000	705	1	51	49.000000	 20978799.2788182274
   417928.0000000598	 -2465482.0195312500	   680245.0000000000	1004	1	51	49.000000	 20978537.2879790403
   417929.0000000597	 -2468164.1533203125	   677563.0000000000	867	1	51	49.000000	 20978274.8399439976
   417930.0000000592	 -2470846.0566406250	   674881.0000000000	966	1	51	48.750000	 20978012.5384910777
   417931.0000000582	 -2473527.6865234375	   672200.0000000000	321	1	51	48.750000	 20977750.0974363834
   417932.0000000567	 -2476209.0927734375	   669518.0000000000	929	1	51	48.500000	 20977487.6424216963
   417933.0000000553	 -2478890.3984375000	   666837.0000000000	616	1	51	48.750000	 20977225.6515831724
   417934.0000000543	 -2481571.4941406250	   664156.0000000000	518	1	51	48.750000	 20976963.9259881042
   417935.0000000548	 -2484252.4746093750	   661475.0000000000	538	1	51	48.750000	 20976701.7955471724
   417936.0000000554	 -2486933.3378906250	   658794.0000000000	678	1	51	48.750000	 20976440.2374739349
   417937.0000000558	 -2489613.8554687500	   656114.0000000000	148	1	51	48.750000	 20976178.3757666163
   417938.0000000583	 -2492294.0273437500	   653433.0000000000	996	1	51	48.500000	 20975917.2679088488
   417939.0000000602	 -2494974.4492187500	   650753.0000000000	564	1	51	48.500000	 20975656.8266502135
   417940.0000000623	 -2497654.2578125000	   648073.0000000000	760	1	51	48.500000	 20975395.1673651598
   417941.0000000669	 -2500333.0712890625	   645394.0000000000	951	1	51	48.500000	 20975133.2567960136
   417942.0000000723	 -2503011.6308593750	   642716.0000000000	378	1	51	48.500000	 20974872.1628976092
   417943.0000000768	 -2505690.0019531250	   640037.0000000000	1022	1	51	48.250000	 20974610.9328876212
   417944.0000000813	 -2508367.7988281250	   637360.0000000000	206	1	51	48.250000	 20974350.1496036462
   417945.0000000860	 -2511044.9609375000	   634683.0000000000	40	1	51	48.250000	 20974089.2581281736
   417945.9999999143	 -2513721.2119140625	   632006.0000000000	807	0	51	48.000000	 20973829.1519636661
   417946.9999999180	 -2516396.3828125000	   629331.0000000000	632	1	51	48.250000	 20973569.1434702985
   417947.9999999206	 -2519071.0703125000	   626656.0000000000	952	1	51	48.000000	 20973308.9116142802
   417948.9999999222	 -2521745.7041015625	   623982.0000000000	303	1	51	48.000000	 20973049.6883820780
   417949.9999999237	 -2524419.4912109375	   621308.0000000000	521	1	51	48.250000	 20972789.6973396093
   417950.9999999280	 -2527092.1923828125	   618635.0000000000	827	1	51	48.500000	 20972530.7044497356
   417951.9999999307	 -2529764.6630859375	   615963.0000000000	345	1	51	48.250000	 20972271.9558635913
   417952.9999999324	 -2532436.5546875000	   613291.0000000000	456	1	51	48.250000	 20972012.5895394683
   417953.9999999359	 -2535107.8037109375	   610620.0000000000	201	1	51	48.500000	 20971753.7990725264
   417954.9999999387	 -2537778.5869140625	   607949.0000000000	423	1	51	48.500000	 20971494.4955689125
   417955.9999999412	 -2540449.2509765625	   605278.0000000000	767	1	51	48.500000	 20971235.8028235994
   417956.9999999428	 -2543119.4589843750	   602608.0000000000	554	1	51	48.250000	 20970976.3108577691
   417957.9999999466	 -2545788.8769531250	   599939.0000000000	126	1	51	48.500000	 20970717.8763755485
   417958.9999999505	 -2548457.5917968750	   597270.0000000000	418	1	51	48.750000	 20970459.8886193037
   417959.9999999538	 -2551125.9023437500	   594602.0000000000	100	1	51	48.750000	 20970202.0299949460
   417960.9999999566	 -2553793.9033203125	   591934.0000000000	99	1	51	48.500000	 20969943.4594011605
   417961.9999999600	 -2556461.7089843750	   589266.0000000000	298	1	51	48.500000	 20969684.9027674086
   417962.9999999639	 -2559129.2158203125	   586598.0000000000	803	1	51	48.250000	 20969426.4857354052
   417963.9999999704	 -2561796.4169921875	   583931.0000000000	597	1	51	48.500000	 20969168.5852295682
   417964.9999999762	 -2564463.0996093750	   581264.0000000000	922	1	51	48.500000	 20968910.1891372763
   417965.9999999813	 -2567129.2128906250	   578598.0000000000	806	1	51	48.500000	 20968653.0145615898
   417966.9999999873	 -2569794.4218750000	   575933.0000000000	592	1	51	48.750000	 20968395.8155553266
   417967.9999999934	 -2572458.6484375000	   573269.0000000000	360	1	51	48.500000	 20968138.0616315939
   417968.9999999988	 -2575121.0341796875	   570606.0000000000	989	1	51	48.750000	 20967880.8486652896
   417970.0000000024	 -2577781.9492187500	   567946.0000000000	52	1	51	48.750000	 20967623.5065677911
   417971.0000000052	 -2580442.5693359375	   565285.0000000000	441	1	51	48.500000	 20967365.4908914827
   417972.0000000087	 -2583102.3105468750	   562625.0000000000	706	1	51	48.250000	 20967108.2569854520
   417973.0000000127	 -2585761.3994140625	   559966.0000000000	615	1	51	48.750000	 20966852.0212327167
   417974.0000000158	 -2588420.0341796875	   557307.0000000000	989	1	51	48.500000	 20966594.5220832638
   417975.0000000193	 -2591077.6718750000	   554650.0000000000	336	1	51	48.250000	 20966337.4487193786
   417976.0000000233	 -2593733.9482421875	   551994.0000000000	53	1	51	48.500000	 20966081.2129666470
   417977.0000000274	 -2596388.5468750000	   549339.0000000000	464	1	51	48.500000	 20965826.0137577727
   417978.0000000293	 -2599041.1513671875	   546686.0000000000	869	1	51	49.000000	 20965570.7587087564
   417979.0000000297	 -2601691.6875000000	   544036.0000000000	320	1	51	49.250000	 20965315.7305132672
   417980.0000000295	 -2604341.2890625000	   541386.0000000000	728	1	51	49.250000	 20965059.8123560064
   417981.0000000296	 -2606990.5039062500	   538737.0000000000	508	1	51	48.750000	 20964804.1594421715
   417982.0000000297	 -2609638.4062500000	   536089.0000000000	608	1	51	48.750000	 20964548.3459861875
   417983.0000000299	 -2612285.4599609375	   533442.0000000000	553	1	51	49.000000	 20964294.1239915676
   417984.0000000296	 -2614932.1757812500	   530795.0000000000	844	1	51	49.250000	 20964039.0294854008
   417985.0000000299	 -2617577.4667968750	   528150.0000000000	546	1	51	49.000000	 20963785.0029333681
   417986.0000000292	 -2620221.7343750000	   525506.0000000000	272	1	51	49.500000	 20963531.0915531814
