   417098.0000000202	   892827.6337890625	   892827.0000000000	649	250	38	47.750000	 24392227.1911612339
   417098.9999999392	   885884.4619140625	   885884.0000000000	473	250	38	47.500000	 24391497.3316413201
   417100.0000000774	   878941.0498046875	   878941.0000000000	51	251	38	47.500000	 24390780.3538217954
   417101.0000001984	   871994.6982421875	   871994.0000000000	715	241	38	47.250000	 24390582.8380742595
   417102.0000001465	   865049.7490234375	   865049.0000000000	767	249	38	47.250000	 24389913.8973142989
   417103.0000002445	   858104.8828125000	   858104.0000000000	904	251	38	47.000000	 24389184.3413772769
   417104.0000001684	   851159.3300781250	   851159.0000000000	338	250	38	47.000000	 24388454.6423981450
   417105.0000000926	   844213.2988281250	   844213.0000000000	306	250	38	46.750000	 24387725.6030378006
   417106.0000001912	   837267.0683593750	   837267.0000000000	70	251	38	46.500000	 24386995.3630514294
   417107.0000001146	   830320.1708984375	   830320.0000000000	175	250	38	46.500000	 24386265.6675624885
   417108.0000002117	   823373.1533203125	   823373.0000000000	157	251	38	46.250000	 24385535.3856960014
   417109.0000001341	   816425.4394531250	   816425.0000000000	450	250	38	46.250000	 24384805.8228290901
   417110.0000002318	   809477.5917968750	   809477.0000000000	606	251	38	46.500000	 24384076.5740163401
   417111.0000001547	   802529.1298828125	   802529.0000000000	133	250	38	46.500000	 24383346.8820175566
   417112.0000002526	   795580.5195312500	   795580.0000000000	532	251	38	46.500000	 24382617.7030056417
   417113.0000001743	   788631.2919921875	   788631.0000000000	299	250	38	46.750000	 24381886.9116424769
   417114.0000000970	   781681.6533203125	   781681.0000000000	669	250	38	46.250000	 24381156.7205670923
   417115.0000001946	   774731.8720703125	   774731.0000000000	893	251	38	46.250000	 24380426.3270189203
   417116.0000001176	   767781.5117187500	   767781.0000000000	524	250	38	46.000000	 24379696.2057443745
   417117.0000002155	   760831.0791015625	   760831.0000000000	81	251	38	45.750000	 24378966.1856311858
   417118.0000001377	   753880.0273437500	   753880.0000000000	28	250	38	45.500000	 24378235.5338697284
   417119.0000002359	   746928.8681640625	   746928.0000000000	889	251	38	45.750000	 24377505.4404654801
   417120.0000001586	   739977.1347656250	   739977.0000000000	138	250	38	45.500000	 24376774.9632062353
   417121.0000002563	   733025.3007812500	   733025.0000000000	308	251	38	45.000000	 24376044.0147406161
   417122.0000001790	   726072.9306640625	   726072.0000000000	953	250	38	44.750000	 24375313.4118396565
   417123.0000001024	   719120.2158203125	   719120.0000000000	221	250	38	45.000000	 24374582.7147072591
   417124.0000002008	   712167.4492187500	   712167.0000000000	460	251	38	45.000000	 24373852.5131114796
   417125.0000001237	   705214.1162109375	   705214.0000000000	119	250	38	45.500000	 24373122.2661952563
   417126.0000002222	   698260.6816406250	   698260.0000000000	698	251	38	45.250000	 24372392.0994999111
   417127.0000001465	   691306.7353515625	   691306.0000000000	753	250	38	45.000000	 24371661.8246629313
   417128.0000002481	   684352.7031250000	   684352.0000000000	720	251	38	45.500000	 24370932.9039134271
   417129.0000001735	   677398.0771484375	   677398.0000000000	79	250	38	45.500000	 24370203.4980978109
   417130.0000000997	   670443.1318359375	   670443.0000000000	135	250	38	45.750000	 24369475.2300372347
   417131.0000001997	   663488.1210937500	   663488.0000000000	124	251	38	45.750000	 24368745.1052220091
   417132.0000001255	   656532.5156250000	   656532.0000000000	528	250	38	45.750000	 24368015.2666404694
   417133.0000002265	   649576.8632812500	   649576.0000000000	884	251	38	45.500000	 24367285.1697453335
   417134.0000001527	   642620.6826171875	   642620.0000000000	699	250	38	46.000000	 24366555.5964072198
   417135.0000002534	   635664.4257812500	   635664.0000000000	436	251	38	46.250000	 24365825.8066363521
   417136.0000001796	   628707.6269531250	   628707.0000000000	642	250	38	46.250000	 24365096.3938403539
   417137.0000001062	   621750.5634765625	   621750.0000000000	577	250	38	46.500000	 24364366.6390197165
   417138.0000002081	   614793.5019531250	   614793.0000000000	514	251	38	46.250000	 24363637.0900617093
   417139.0000001339	   607835.8847656250	   607835.0000000000	906	250	38	46.250000	 24362906.5534707643
   417140.0000002366	   600878.2187500000	   600878.0000000000	224	251	38	46.250000	 24362176.4984557405
   417141.0000001637	   593920.0556640625	   593920.0000000000	57	250	38	46.000000	 24361446.2026776560
   417142.0000000922	   586961.5878906250	   586961.0000000000	602	250	38	46.250000	 24360715.7533371337
   417143.0000001966	   580003.0302734375	   580003.0000000000	31	251	38	46.250000	 24359986.0961869285
   417144.0000001247	   573043.9541015625	   573043.0000000000	977	250	38	46.500000	 24359256.3657961898
   417145.0000002283	   566084.8710937500	   566084.0000000000	892	251	38	46.750000	 24358526.8936186992
   417146.0000001572	   559125.2246093750	   559125.0000000000	230	250	38	47.000000	 24357798.1229906008
   417147.0000002609	   552165.6376953125	   552165.0000000000	653	251	38	47.500000	 24357069.1149893440
   417148.0000001886	   545205.5283203125	   545205.0000000000	541	250	38	47.000000	 24356338.8506215028
   417149.0000001174	   538245.1542968750	   538245.0000000000	158	250	38	47.250000	 24355608.9178078324
   417150.0000002216	   531284.8095703125	   531284.0000000000	829	251	38	47.250000	 24354878.9046729282
   417151.0000001512	   524323.9501953125	   524323.0000000000	973	250	38	47.250000	 24354148.7694362886
   417152.0000002570	   517363.0761718750	   517363.0000000000	78	251	38	47.500000	 24353418.5294478908
   417153.0000001870	   510401.7021484375	   510401.0000000000	719	250	38	46.500000	 24352687.8183534034
   417154.0000001175	   503440.1093750000	   503440.0000000000	112	250	38	47.000000	 24351957.3725023717
   417155.0000002238	   496478.5380859375	   496478.0000000000	551	251	38	47.000000	 24351227.4326578267
   417156.0000001552	   489516.4492187500	   489516.0000000000	460	250	38	46.500000	 24350497.5696443282
   417157.0000002619	   482554.3281250000	   482554.0000000000	336	251	38	46.000000	 24349767.0190414973
   417158.0000001942	   475591.6806640625	   475591.0000000000	697	250	38	46.000000	 24349037.2572391145
   417159.0000001271	   468628.8398437500	   468628.0000000000	860	250	38	46.250000	 24348308.5459406860
   417160.0000002339	   461665.9121093750	   461665.0000000000	934	251	38	46.500000	 24347579.0493319333
   417161.0000001655	   454702.5107421875	   454702.0000000000	523	250	38	46.250000	 24346848.7919431068
   417162.0000000967	   447738.8847656250	   447738.0000000000	906	250	38	46.250000	 24346119.5745883621
   417163.0000002030	   440775.2304687500	   440775.0000000000	236	251	38	47.250000	 24345389.7778357528
   417164.0000001343	   433811.0849609375	   433811.0000000000	87	250	38	46.500000	 24344659.2901039049
   417165.0000002422	   426846.9501953125	   426846.0000000000	973	251	38	46.250000	 24343929.5352314115
   417166.0000001753	   419882.3037109375	   419882.0000000000	311	250	38	46.000000	 24343199.3197226673
   417167.0000001077	   412917.4189453125	   412917.0000000000	429	250	38	46.500000	 24342469.1809952110
   417168.0000002153	   405952.5107421875	   405952.0000000000	523	251	38	45.750000	 24341737.8730519712
   417169.0000001477	   398987.1250000000	   398987.0000000000	128	250	38	45.500000	 24341007.4481406175
   417170.0000002552	   392021.7275390625	   392021.0000000000	745	251	38	45.250000	 24340277.0161991194
   417171.0000001886	   385055.8115234375	   385055.0000000000	831	250	38	46.000000	 24339547.4428589754
   417172.0000001223	   378089.6484375000	   378089.0000000000	664	250	38	46.000000	 24338817.1156686135
   417173.0000002318	   371123.4990234375	   371123.0000000000	511	251	38	46.000000	 24338087.7063102834
   417174.0000001671	   364156.8623046875	   364156.0000000000	883	250	38	45.750000	 24337358.4051932432
   417175.0000001020	   357189.9531250000	   357189.0000000000	976	250	38	46.250000	 24336628.1582735889
   417176.0000002132	   350223.0839843750	   350223.0000000000	86	251	38	45.750000	 24335898.9687877446
   417177.0000001484	   343255.6826171875	   343255.0000000000	699	250	38	45.000000	 24335169.0778527893
   417178.0000002583	   336288.3066406250	   336288.0000000000	314	251	38	45.250000	 24334438.7890025266
   417179.0000001933	   329320.4765625000	   329320.0000000000	488	250	38	45.000000	 24333709.4180846512
   417180.0000001278	   322352.4199218750	   322352.0000000000	430	250	38	45.250000	 24332980.1762986109
   417181.0000002395	   315384.3632812500	   315384.0000000000	372	251	38	45.250000	 24332251.5556902662
   417182.0000001748	   308415.7744140625	   308415.0000000000	793	250	38	45.500000	 24331521.8601979017
   417183.0000001110	   301446.9160156250	   301446.0000000000	938	250	38	45.250000	 24330792.2833668999
   417184.0000002211	   294478.0390625000	   294478.0000000000	40	251	38	45.000000	 24330061.8863251433
   417185.0000001575	   287508.7089843750	   287508.0000000000	726	250	38	44.750000	 24329331.6463851668
   417186.0000000946	   280539.1552734375	   280539.0000000000	159	250	38	44.750000	 24328602.5092997700
   417187.0000002065	   273569.5234375000	   273569.0000000000	536	251	38	45.000000	 24327872.4926726446
   417188.0000001430	   266599.4091796875	   266599.0000000000	419	250	38	44.750000	 24327142.5912671871
   417189.0000002559	   259629.2587890625	   259629.0000000000	265	251	38	44.500000	 24326414.1940214857
   417190.0000001924	   252658.5537109375	   252658.0000000000	567	250	38	44.500000	 24325683.6853478663
   417191.0000001307	   245687.5693359375	   245687.0000000000	583	250	38	44.750000	 24324955.1834506877
   417192.0000002450	   238716.5800781250	   238716.0000000000	594	251	38	45.250000	 24324226.1859165356
   417193.0000001821	   231745.1669921875	   231745.0000000000	171	250	38	44.750000	 24323496.5846549384
   417194.0000001199	   224773.4550781250	   224773.0000000000	466	250	38	45.000000	 24322766.3516946472
   417195.0000002331	   217801.7744140625	   217801.0000000000	793	251	38	45.000000	 24322036.1640548334
   417196.0000001731	   210829.6044921875	   210829.0000000000	619	250	38	45.000000	 24321308.0251220353
   417197.0000001127	   203857.2021484375	   203857.0000000000	207	250	38	45.250000	 24320578.4587601759
   417198.0000002282	   196884.7255859375	   196884.0000000000	743	251	38	45.000000	 24319850.5431402251
   417199.0000001676	   189911.7773437500	   189911.0000000000	796	250	38	44.500000	 24319121.3711537234
   417200.0000001077	   182938.5673828125	   182938.0000000000	581	250	38	44.250000	 24318392.8029451631
   417201.0000002211	   175965.3554687500	   175965.0000000000	364	251	38	44.500000	 24317662.2732806429
   417202.0000001603	   168991.6738281250	   168991.0000000000	690	250	38	44.250000	 24316932.5847672895
   417203.0000001009	   162017.7978515625	   162017.0000000000	817	250	38	44.000000	 24316203.6012429968
   417204.0000002158	   155043.8867187500	   155043.0000000000	908	251	38	44.750000	 24315474.8131114580
   417205.0000001575	   148069.4814453125	   148069.0000000000	493	250	38	44.500000	 24314746.0180493668
   417206.0000000985	   141094.8339843750	   141094.0000000000	854	250	38	44.750000	 24314016.1550331376
   417207.0000002139	   134120.1962890625	   134120.0000000000	201	251	38	44.000000	 24313286.4874097034
   417208.0000001543	   127145.0810546875	   127145.0000000000	83	250	38	44.000000	 24312556.0206155330
   417209.0000000960	   120169.7148437500	   120169.0000000000	732	250	38	44.250000	 24311827.3860955946
   417210.0000002127	   113194.3212890625	   113194.0000000000	329	251	38	45.000000	 24311097.8336433023
   417211.0000001537	   106218.4638671875	   106218.0000000000	475	250	38	44.500000	 24310368.6860866658
   417212.0000000946	    99242.3232421875	    99242.0000000000	331	250	38	44.750000	 24309639.8072636761
   417213.0000002105	    92266.1943359375	    92266.0000000000	199	251	38	44.750000	 24308910.7259679623
   417214.0000001526	    85289.5888671875	    85289.0000000000	603	250	38	44.500000	 24308181.9099654630
   417215.0000000949	    78312.7285156250	    78312.0000000000	746	250	38	44.750000	 24307453.7361315638
   417216.0000002114	    71335.8964843750	    71335.0000000000	918	251	38	45.250000	 24306725.2586137578
   417217.0000001537	    64358.5488281250	    64358.0000000000	562	250	38	46.000000	 24305996.8160462119
   417218.0000000974	    57380.9355468750	    57380.0000000000	958	250	38	46.000000	 24305268.4886498414
   417219.0000002147	    50403.3896484375	    50403.0000000000	399	251	38	45.750000	 24304539.2537916265
   417220.0000001574	    43425.3525390625	    43425.0000000000	361	250	38	45.750000	 24303810.0399236456
   417221.0000001009	    36447.0478515625	    36447.0000000000	49	250	38	45.500000	 24303081.0703587122
   417222.0000002194	    29468.7363281250	    29468.0000000000	754	251	38	45.000000	 24302352.2019550689
   417223.0000001628	    22489.9326171875	    22489.0000000000	955	250	38	45.250000	 24301623.3580318466
   417224.0000001055	    15510.9003906250	    15510.0000000000	922	250	38	45.500000	 24300894.1616140828
   417225.0000002236	     8531.8505859375	     8531.0000000000	871	251	38	45.000000	 24300164.7417831533
   417226.0000001674	     1552.2617187500	     1552.0000000000	268	250	38	45.500000	 24299436.1456531398
   417227.0000001115	    -5427.5605468750	  1043148.0000000000	450	250	38	45.500000	 24298706.9387648366
   417228.0000002309	   -12407.3125000000	  1036168.0000000000	704	251	38	45.500000	 24297978.1890225634
   417229.0000001757	   -19387.5839843750	  1029188.0000000000	426	250	38	45.750000	 24297249.3171785548
   417230.0000001217	   -26368.0546875000	  1022207.0000000000	968	250	38	45.750000	 24296519.6670537628
   417231.0000002424	   -33348.4960937500	  1015227.0000000000	516	251	38	45.750000	 24295790.0482893921
   417232.0000001880	   -40329.4228515625	  1008246.0000000000	591	250	38	45.000000	 24295059.4000113346
   417233.0000001340	   -47310.5820312500	  1001265.0000000000	428	250	38	45.000000	 24294328.6226013750
   417234.0000002558	   -54291.7792968750	   994284.0000000000	226	251	38	44.250000	 24293598.8886651956
   417235.0000002015	   -61273.4326171875	   987302.0000000000	581	250	38	43.750000	 24292868.8651054502
   417236.0000001484	   -68255.2919921875	   980320.0000000000	725	250	38	44.250000	 24292140.7820114307
   417237.0000000939	   -75237.3857421875	   973338.0000000000	629	250	38	44.250000	 24291411.6902942769
   417238.0000002144	   -82219.4980468750	   966356.0000000000	514	251	38	44.000000	 24290681.9842788503
   417239.0000001615	   -89202.0634765625	   959373.0000000000	959	250	38	43.750000	 24289952.6831584126
   417240.0000001085	   -96184.8750000000	   952391.0000000000	128	250	38	43.250000	 24289223.7589630857
   417241.0000002310	  -103167.6591796875	   945408.0000000000	349	251	38	44.000000	 24288495.9340823516
   417242.0000001774	  -110150.9482421875	   938425.0000000000	53	250	38	44.250000	 24287768.1406623535
   417243.0000001249	  -117134.4667968750	   931441.0000000000	546	250	38	44.750000	 24287040.3751624450
   417244.0000002480	  -124117.9384765625	   924458.0000000000	63	251	38	45.000000	 24286311.5974987149
   417245.0000001962	  -131101.9072265625	   917474.0000000000	95	250	38	44.000000	 24285584.1844933145
   417246.0000001435	  -138086.1181640625	   910489.0000000000	903	250	38	43.750000	 24284855.7768248394
   417247.0000000914	  -145070.5078125000	   903505.0000000000	504	250	38	43.750000	 24284127.4180168621
   417248.0000002158	  -152054.9287109375	   896521.0000000000	73	251	38	43.750000	 24283398.8986162096
   417249.0000001656	  -159039.7988281250	   889536.0000000000	206	250	38	44.000000	 24282671.3843990266
   417250.0000001160	  -166024.8886718750	   882551.0000000000	114	250	38	44.250000	 24281944.2052261420
   417251.0000002397	  -173009.9775390625	   875566.0000000000	23	251	38	44.000000	 24281215.0296969302
   417252.0000001886	  -179995.5205078125	   868580.0000000000	491	250	38	43.500000	 24280486.8244506866
   417253.0000001360	  -186981.2324218750	   861594.0000000000	786	250	38	43.500000	 24279756.5914876647
   417254.0000002599	  -193966.9824218750	   854609.0000000000	18	251	38	43.750000	 24279026.9133916274
   417255.0000002096	  -200953.1308593750	   847622.0000000000	890	250	38	43.750000	 24278298.2369888425
   417256.0000001587	  -207939.5117187500	   840636.0000000000	500	250	38	44.000000	 24277568.9393578991
   417257.0000001085	  -214926.0800781250	   833649.0000000000	942	250	38	44.250000	 24276840.2978555448
   417258.0000002327	  -221912.6474609375	   826663.0000000000	361	251	38	44.000000	 24276111.2619280405
   417259.0000001825	  -228899.6855468750	   819676.0000000000	322	250	38	44.500000	 24275382.1911499277
   417260.0000001328	  -235886.9853515625	   812689.0000000000	15	250	38	44.750000	 24274652.9737897255
   417261.0000002576	  -242874.1914062500	   805701.0000000000	828	251	38	44.500000	 24273923.4143550247
   417262.0000002087	  -249861.9228515625	   798714.0000000000	79	250	38	44.000000	 24273193.5827463120
   417263.0000001610	  -256849.8339843750	   791726.0000000000	170	250	38	43.500000	 24272463.8314083405
   417264.0000001123	  -263837.9589843750	   784738.0000000000	42	250	38	43.750000	 24271734.4814260788
   417265.0000002382	  -270826.1074218750	   777749.0000000000	914	251	38	43.750000	 24271005.5571795590
   417266.0000001895	  -277814.6757812500	   770761.0000000000	332	250	38	44.250000	 24270276.1897470802
   417267.0000001411	  -284803.4941406250	   763772.0000000000	518	250	38	44.000000	 24269547.9461095445
   417268.0000000936	  -291792.5234375000	   756783.0000000000	488	250	38	44.250000	 24268819.9642252773
   417269.0000002200	  -298781.5087890625	   749794.0000000000	503	251	38	44.250000	 24268091.7344980128
   417270.0000001717	  -305770.9765625000	   742805.0000000000	24	250	38	44.750000	 24267363.8119447455
   417271.0000001242	  -312760.6445312500	   735815.0000000000	364	250	38	45.000000	 24266635.6695183627
   417272.0000002512	  -319750.2802734375	   728825.0000000000	737	251	38	44.750000	 24265907.4886515625
   417273.0000002040	  -326740.3378906250	   721835.0000000000	678	250	38	45.000000	 24265179.1647426188
   417274.0000001566	  -333730.5800781250	   714845.0000000000	430	250	38	44.750000	 24264450.9315749556
   417275.0000001093	  -340720.9814453125	   707855.0000000000	19	250	38	45.000000	 24263722.1609400362
   417276.0000002367	  -347711.3515625000	   700864.0000000000	664	251	38	45.000000	 24262992.8143974394
   417277.0000001900	  -354702.1523437500	   693873.0000000000	868	250	38	44.750000	 24262263.7715387121
   417278.0000001442	  -361693.2353515625	   686882.0000000000	783	250	38	44.750000	 24261535.5977013856
   417279.0000000987	  -368684.5195312500	   679891.0000000000	492	250	38	44.750000	 24260807.3505729958
   417280.0000002273	  -375675.7500000000	   672900.0000000000	256	251	38	45.000000	 24260078.7823105492
   417281.0000001814	  -382667.4794921875	   665908.0000000000	533	250	38	44.500000	 24259350.2699387036
   417282.0000001358	  -389659.4111328125	   658916.0000000000	603	250	38	44.750000	 24258622.0053600967
   417283.0000000905	  -396651.4716796875	   651924.0000000000	541	250	38	44.500000	 24257893.8105823621
   417284.0000002201	  -403643.5673828125	   644932.0000000000	443	251	38	44.750000	 24257165.6995157301
   417285.0000001750	  -410636.0917968750	   637939.0000000000	930	250	38	44.750000	 24256437.8607227281
   417286.0000001307	  -417628.7744140625	   630947.0000000000	231	250	38	44.500000	 24255709.5682233684
   417287.0000002601	  -424621.3701171875	   623954.0000000000	645	251	38	44.750000	 24254981.2268137187
   417288.0000002150	  -431614.4560546875	   616961.0000000000	557	250	38	44.750000	 24254252.2607355453
   417289.0000001707	  -438607.7744140625	   609968.0000000000	231	250	38	44.750000	 24253524.0764276795
   417290.0000001263	  -445601.2265625000	   602974.0000000000	792	250	38	44.750000	 24252795.7315776683
   417291.0000002569	  -452594.6933593750	   595981.0000000000	314	251	38	45.000000	 24252067.7740728073
   417292.0000002126	  -459588.6201171875	   588987.0000000000	389	250	38	45.250000	 24251339.1779393964
   417293.0000001685	  -466582.7041015625	   581993.0000000000	303	250	38	45.000000	 24250610.3479727767
   417294.0000001247	  -473576.9570312500	   574999.0000000000	44	250	38	44.750000	 24249881.6227074973
   417295.0000002557	  -480571.2216796875	   568004.0000000000	797	251	38	44.750000	 24249153.3580783978
   417296.0000002122	  -487565.9042968750	   561010.0000000000	98	250	38	44.750000	 24248424.1476964802
   417297.0000001696	  -494560.7558593750	   554015.0000000000	250	250	38	44.000000	 24247694.4661580138
   417298.0000001270	  -501555.8134765625	   547020.0000000000	191	250	38	43.750000	 24246964.6589778699
   417299.0000002600	  -508550.8574218750	   540025.0000000000	146	251	38	43.750000	 24246234.8412773274
   417300.0000002189	  -515546.4072265625	   533029.0000000000	607	250	38	43.750000	 24245505.6483449601
   417301.0000001780	  -522542.1416015625	   526033.0000000000	879	250	38	43.250000	 24244776.9195887931
   417302.0000001366	  -529538.0869140625	   519037.0000000000	935	250	38	43.500000	 24244048.8923322223
   417303.0000000947	  -536534.1904296875	   512041.0000000000	829	250	38	43.000000	 24243320.3136483319
   417304.0000002285	  -543530.2548828125	   505045.0000000000	763	251	38	42.500000	 24242592.5829956345
   417305.0000001876	  -550526.6630859375	   498049.0000000000	345	250	38	42.500000	 24241863.2993219905
   417306.0000001470	  -557523.3134765625	   491052.0000000000	703	250	38	42.250000	 24241135.1045428887
   417307.0000001049	  -564520.1015625000	   484055.0000000000	920	250	38	42.500000	 24240405.8662402146
   417308.0000002381	  -571516.8564453125	   477059.0000000000	147	251	38	42.500000	 24239677.6749015115
   417309.0000001963	  -578514.0498046875	   470061.0000000000	973	250	38	42.750000	 24238949.2567597702
   417310.0000001552	  -585511.4667968750	   463064.0000000000	546	250	38	42.750000	 24238221.3516546898
   417311.0000001143	  -592509.1445312500	   456066.0000000000	876	250	38	42.750000	 24237494.3225513883
   417312.0000002481	  -599506.7871093750	   449069.0000000000	218	251	38	43.000000	 24236766.7698910274
   417313.0000002082	  -606504.8212890625	   442071.0000000000	183	250	38	42.750000	 24236039.3219817989
   417314.0000001679	  -613503.0322265625	   435072.0000000000	991	250	38	42.500000	 24235310.6595363095
   417315.0000001281	  -620501.4218750000	   428074.0000000000	592	250	38	42.500000	 24234581.9587002285
   417316.0000000887	  -627500.0625000000	   421075.0000000000	960	250	38	42.250000	 24233853.2718241736
   417317.0000002229	  -634498.6542968750	   414077.0000000000	354	251	38	42.500000	 24233124.5360378325
   417318.0000001831	  -641497.7089843750	   407078.0000000000	298	250	38	42.250000	 24232396.1213855818
   417319.0000001433	  -648496.9687500000	   400079.0000000000	32	250	38	42.000000	 24231667.4554499388
   417320.0000001038	  -655496.3857421875	   393079.0000000000	629	250	38	42.250000	 24230939.4316828251
   417321.0000002390	  -662495.7724609375	   386080.0000000000	233	251	38	42.000000	 24230210.1339986585
   417322.0000001999	  -669495.5800781250	   379080.0000000000	430	250	38	41.750000	 24229480.2465464063
   417323.0000001617	  -676495.5693359375	   372080.0000000000	441	250	38	40.500000	 24228751.1757648997
   417324.0000001233	  -683495.7783203125	   365080.0000000000	227	250	38	41.750000	 24228022.6250003986
   417325.0000002598	  -690495.8798828125	   358080.0000000000	123	251	38	41.500000	 24227294.5872227661
   417326.0000002202	  -697496.3837890625	   351079.0000000000	631	250	38	41.750000	 24226565.8130956255
   417327.0000001806	  -704497.0458984375	   344078.0000000000	977	250	38	41.250000	 24225837.9149702266
   417328.0000001421	  -711497.9609375000	   337078.0000000000	40	250	38	42.000000	 24225108.6138456948
   417329.0000001049	  -718499.0361328125	   330076.0000000000	987	250	38	41.750000	 24224382.0035469197
   417330.0000002410	  -725499.9296875000	   323076.0000000000	72	251	38	42.500000	 24223655.1314450502
   417331.0000002036	  -732501.3437500000	   316074.0000000000	672	250	38	42.500000	 24222926.7342423499
   417332.0000001675	  -739502.9228515625	   309073.0000000000	79	250	38	42.250000	 24222199.3107623234
   417333.0000001311	  -746504.6337890625	   302071.0000000000	375	250	38	42.250000	 24221472.5154908299
   417334.0000000942	  -753506.5771484375	   295069.0000000000	433	250	38	42.250000	 24220745.2595333308
   417335.0000002328	  -760508.4599609375	   288067.0000000000	553	251	38	43.000000	 24220018.5654231310
   417336.0000001954	  -767510.7783203125	   281065.0000000000	227	250	38	42.250000	 24219291.3129558228
   417337.0000001583	  -774513.1845703125	   274062.0000000000	835	250	38	42.500000	 24218565.1493830234
   417338.0000001217	  -781515.8017578125	   267060.0000000000	203	250	38	42.500000	 24217837.5688510351
   417339.0000002606	  -788518.3886718750	   260057.0000000000	626	251	38	42.500000	 24217110.2465323322
   417340.0000002245	  -795521.3681640625	   253054.0000000000	647	250	38	42.500000	 24216382.8230523355
   417341.0000001887	  -802524.5302734375	   246051.0000000000	481	250	38	42.500000	 24215655.3262812458
   417342.0000001521	  -809527.9296875000	   239048.0000000000	72	250	38	42.500000	 24214928.3355671689
   417343.0000001167	  -816531.5097656250	   232044.0000000000	502	250	38	42.750000	 24214200.1198463291
   417344.0000002561	  -823535.0048828125	   225040.0000000000	1019	251	38	42.500000	 24213472.6509455368
   417345.0000002199	  -830538.9648437500	   218037.0000000000	36	250	38	43.000000	 24212744.4596552588
   417346.0000001850	  -837542.9921875000	   211033.0000000000	8	250	38	42.750000	 24212016.8302621096
   417347.0000001510	  -844547.2656250000	   204028.0000000000	752	250	38	42.500000	 24211289.3195303269
   417348.0000001174	  -851551.6201171875	   197024.0000000000	389	250	38	43.000000	 24210561.6447662376
   417349.0000002590	  -858555.9550781250	   190020.0000000000	46	251	38	43.000000	 24209834.1060638726
   417350.0000002263	  -865560.7109375000	   183015.0000000000	296	250	38	42.750000	 24209107.1223287806
   417351.0000001922	  -872565.6816406250	   176010.0000000000	326	250	38	43.250000	 24208380.4526983351
   417352.0000001577	  -879570.7978515625	   169005.0000000000	207	250	38	43.250000	 24207652.6592728794
   417353.0000001231	  -886576.0537109375	   161999.0000000000	969	250	38	43.250000	 24206924.6529546194
   417354.0000000898	  -893581.4794921875	   154994.0000000000	533	250	38	43.000000	 24206197.6552594975
   417355.0000002314	  -900586.7812500000	   147989.0000000000	224	251	38	43.000000	 24205470.4027409963
   417356.0000001971	  -907592.5439453125	   140983.0000000000	467	250	38	43.250000	 24204742.8047581241
   417357.0000001642	  -914598.5048828125	   133977.0000000000	507	250	38	42.500000	 24204015.7686724104
   417358.0000001299	  -921604.5810546875	   126971.0000000000	429	250	38	43.000000	 24203288.1532392874
   417359.0000000951	  -928610.8427734375	   119965.0000000000	161	250	38	43.000000	 24202560.5587466061
   417360.0000002366	  -935616.9814453125	   112959.0000000000	19	251	38	42.750000	 24201833.2887778878
   417361.0000002025	  -942623.5644531250	   105952.0000000000	446	250	38	42.500000	 24201105.0276860446
   417362.0000001679	  -949630.2666015625	    98945.0000000000	751	250	38	42.750000	 24200376.9131763205
   417363.0000001339	  -956637.1074218750	    91938.0000000000	914	250	38	42.750000	 24199649.5455364361
   417364.0000001002	  -963644.1044921875	    84931.0000000000	917	250	38	42.250000	 24198922.1220557392
   417365.0000002427	  -970650.9941406250	    77925.0000000000	6	251	38	42.500000	 24198194.2727389820
   417366.0000002104	  -977658.3183593750	    70917.0000000000	698	250	38	43.000000	 24197467.7147894949
   417367.0000001774	  -984665.8427734375	    63910.0000000000	161	250	38	43.500000	 24196741.0730790719
   417368.0000001446	  -991673.4863281250	    56902.0000000000	526	250	38	43.250000	 24196014.0544435754
   417369.0000001122	  -998681.2460937500	    49894.0000000000	772	250	38	43.250000	 24195286.3168582618
   417370.0000002549	 -1005688.9199218750	    42887.0000000000	82	251	38	43.500000	 24194559.4133441187
   417371.0000002226	 -1012696.9902343750	    35879.0000000000	10	250	38	43.500000	 24193831.9619426690
   417372.0000001907	 -1019705.2265625000	    28870.0000000000	792	250	38	43.250000	 24193104.3814093173
   417373.0000001592	 -1026713.5732421875	    21862.0000000000	437	250	38	43.250000	 24192377.0312189832
   417374.0000001278	 -1033722.1562500000	    14853.0000000000	864	250	38	43.000000	 24191650.1626551002
   417375.0000000968	 -1040730.8593750000	     7845.0000000000	144	250	38	43.250000	 24190923.2557005584
   417376.0000002410	 -1047739.4472656250	      836.0000000000	566	251	38	43.500000	 24190197.3608095497
   417377.0000002101	 -1054748.4755859375	  1042403.0000000000	537	250	38	43.500000	 24189470.6318473741
   417378.0000001796	 -1061757.6630859375	  1035394.0000000000	345	250	38	43.250000	 24188743.1839354187
   417379.0000001495	 -1068767.0654296875	  1028384.0000000000	957	250	38	43.250000	 24188016.2525503114
   417380.0000001194	 -1075776.5576171875	  1021375.0000000000	453	250	38	43.000000	 24187289.2129737064
   417381.0000000887	 -1082786.2324218750	  1014365.0000000000	786	250	38	42.750000	 24186561.9639945254
   417382.0000002346	 -1089795.7998046875	  1007356.0000000000	205	251	38	43.250000	 24185835.0011486486
   417383.0000002041	 -1096805.7958984375	  1000346.0000000000	209	250	38	43.000000	 24185106.8203268796
   417384.0000001745	 -1103815.9384765625	   993336.0000000000	63	250	38	42.500000	 24184378.6325247288
   417385.0000001458	 -1110826.1669921875	   986325.0000000000	853	250	38	42.000000	 24183651.2613933235
   417386.0000001169	 -1117836.6220703125	   979315.0000000000	387	250	38	42.250000	 24182923.5866278373
   417387.0000000881	 -1124847.1425781250	   972304.0000000000	878	250	38	41.750000	 24182196.0549542792
   417388.0000002342	 -1131857.5751953125	   965294.0000000000	435	251	38	42.250000	 24181468.5720913932
   417389.0000002043	 -1138868.3212890625	   958283.0000000000	695	250	38	42.000000	 24180741.2986816131
   417390.0000001752	 -1145879.1777343750	   951272.0000000000	842	250	38	42.250000	 24180014.2521246634
   417391.0000001456	 -1152890.1630859375	   944261.0000000000	857	250	38	42.000000	 24179287.0485157557
   417392.0000001155	 -1159901.2851562500	   937250.0000000000	732	250	38	42.000000	 24178559.2934795581
   417393.0000002614	 -1166912.2890625000	   930239.0000000000	728	251	38	40.750000	 24177832.1875417829
   417394.0000002327	 -1173923.6689453125	   923228.0000000000	339	250	38	41.500000	 24177105.5318700038
   417395.0000002047	 -1180935.1123046875	   916216.0000000000	909	250	38	40.500000	 24176379.6928689331
   417396.0000001753	 -1187946.7255859375	   909205.0000000000	281	250	38	41.500000	 24175653.1139783710
   417397.0000001464	 -1194958.4824218750	   902193.0000000000	530	250	38	42.000000	 24174926.1372222900
   417398.0000001195	 -1201970.3691406250	   895181.0000000000	646	250	38	41.750000	 24174199.8968655132
   417399.0000000924	 -1208982.3994140625	   888169.0000000000	615	250	38	42.250000	 24173473.1574321352
   417400.0000002406	 -1215994.3398437500	   881157.0000000000	676	251	38	43.000000	 24172746.0514936633
   417401.0000002137	 -1223006.6523437500	   874145.0000000000	356	250	38	42.750000	 24172017.8078500032
   417402.0000001874	 -1230019.1005859375	   867132.0000000000	921	250	38	42.000000	 24171289.8643502370
   417403.0000001609	 -1237031.6689453125	   860120.0000000000	339	250	38	42.000000	 24170563.3168692216
   417404.0000001341	 -1244044.2285156250	   853107.0000000000	790	250	38	41.250000	 24169838.2561483011
   417405.0000001058	 -1251056.8906250000	   846095.0000000000	112	250	38	42.000000	 24169111.7400782332
   417406.0000002537	 -1258069.5156250000	   839082.0000000000	496	251	38	42.000000	 24168383.9396205731
   417407.0000002275	 -1265082.5166015625	   832069.0000000000	495	250	38	42.250000	 24167656.3521055058
   417408.0000002019	 -1272095.5712890625	   825056.0000000000	439	250	38	42.250000	 24166929.9232858606
   417409.0000001758	 -1279108.7929687500	   818043.0000000000	212	250	38	42.750000	 24166203.9097819142
   417410.0000001498	 -1286122.0332031250	   811029.0000000000	990	250	38	42.750000	 24165476.3571672849
   417411.0000001242	 -1293135.3964843750	   804016.0000000000	618	250	38	42.250000	 24164749.5165220909
   417412.0000000985	 -1300148.7919921875	   797003.0000000000	213	250	38	42.250000	 24164023.4820777699
   417413.0000002469	 -1307162.1171875000	   789989.0000000000	904	251	38	42.000000	 24163295.4268465228
   417414.0000002214	 -1314175.8076171875	   782976.0000000000	197	250	38	42.500000	 24162568.7467434481
   417415.0000001954	 -1321189.5693359375	   775962.0000000000	441	250	38	42.500000	 24161841.1941288188
   417416.0000001692	 -1328203.4541015625	   768948.0000000000	559	250	38	41.750000	 24161115.1631746888
   417417.0000001424	 -1335217.5498046875	   761934.0000000000	461	250	38	42.000000	 24160387.3662570119
   417418.0000001169	 -1342231.6708984375	   754920.0000000000	337	250	38	42.000000	 24159659.9881445579
   417419.0000000912	 -1349245.9101562500	   747906.0000000000	92	250	38	42.250000	 24158931.0918617994
   417420.0000002415	 -1356259.8183593750	   740892.0000000000	186	251	38	41.250000	 24158204.3104971163
   417421.0000002165	 -1363274.4277343750	   733877.0000000000	586	250	38	40.250000	 24157479.0752733201
   417422.0000001924	 -1370289.4472656250	   726862.0000000000	566	250	38	41.500000	 24156752.9570674002
   417423.0000001672	 -1377304.6894531250	   719847.0000000000	318	250	38	42.000000	 24156027.0622248203
   417424.0000001430	 -1384320.1542968750	   712831.0000000000	866	250	38	43.250000	 24155300.4798427038
   417425.0000001196	 -1391335.9531250000	   705816.0000000000	48	250	38	43.000000	 24154574.1592138521
   417426.0000000963	 -1398352.1728515625	   698799.0000000000	847	250	38	43.000000	 24153846.6938496456
   417427.0000002496	 -1405368.3896484375	   691783.0000000000	625	251	38	43.000000	 24153120.1044366583
   417428.0000002254	 -1412385.0351562500	   684766.0000000000	988	250	38	43.500000	 24152393.5395047590
   417429.0000002020	 -1419402.2646484375	   677749.0000000000	753	250	38	44.250000	 24151666.1997822672
   417430.0000001798	 -1426420.3164062500	   670731.0000000000	700	250	38	44.000000	 24150940.0676156208
   417431.0000001577	 -1433438.9863281250	   663713.0000000000	14	250	38	43.000000	 24150212.9861562066
   417432.0000001349	 -1440457.7050781250	   656694.0000000000	302	250	38	40.000000	 24149486.8225793168
   417433.0000001132	 -1447475.7832031250	   649676.0000000000	222	250	38	42.250000	 24148761.4023821056
   417434.0000000907	 -1454494.6611328125	   642657.0000000000	347	250	38	43.750000	 24148035.6471405700
   417435.0000002451	 -1461514.8310546875	   635637.0000000000	173	251	38	45.500000	 24147310.6596588232
   417436.0000002244	 -1468534.8535156250	   628617.0000000000	150	250	38	46.500000	 24146586.1433834434
   417437.0000002034	 -1475554.6015625000	   621597.0000000000	408	250	38	46.250000	 24145860.9500390664
   417438.0000001817	 -1482574.6093750000	   614577.0000000000	400	250	38	46.500000	 24145132.9541872814
   417439.0000001621	 -1489596.1025390625	   607555.0000000000	919	250	38	44.750000	 24144406.1938114315
   417440.0000001440	 -1496616.8974609375	   600535.0000000000	105	250	38	45.750000	 24143681.0144264176
   417441.0000001220	 -1503637.2021484375	   593514.0000000000	817	250	38	47.250000	 24142954.2366010472
   417442.0000000998	 -1510657.8115234375	   586494.0000000000	193	250	38	46.500000	 24142227.6751586422
   417443.0000002547	 -1517678.2685546875	   579473.0000000000	749	251	38	46.750000	 24141501.4312598519
   417444.0000002343	 -1524698.1523437500	   572453.0000000000	868	250	38	46.500000	 24140774.9989486821
   417445.0000002146	 -1531715.5859375000	   565436.0000000000	424	250	38	45.000000	 24140049.3135073520
   417446.0000001946	 -1538732.5351562500	   558419.0000000000	476	250	38	44.750000	 24139324.0224413462
   417447.0000001749	 -1545749.3916015625	   551402.0000000000	623	250	38	45.000000	 24138598.3370000161
   417448.0000001548	 -1552766.2900390625	   544385.0000000000	727	250	38	45.000000	 24137872.8504914269
   417449.0000001345	 -1559783.5419921875	   537368.0000000000	469	250	38	46.000000	 24137147.0254483521
   417450.0000001146	 -1566802.1181640625	   530349.0000000000	903	250	38	47.250000	 24136420.8758308254
   417451.0000000959	 -1573822.2919921875	   523329.0000000000	725	250	38	45.250000	 24135695.2183095813
   417452.0000002506	 -1580842.3203125000	   516309.0000000000	696	251	38	47.000000	 24134968.4927843437
   417453.0000002308	 -1587863.2382812500	   509288.0000000000	780	250	38	47.000000	 24134242.0744332001
   417454.0000002119	 -1594884.2695312500	   502267.0000000000	748	250	38	47.500000	 24133515.9527357295
   417455.0000001923	 -1601905.0400390625	   495246.0000000000	983	250	38	46.750000	 24132790.3196450509
   417456.0000001714	 -1608925.5253906250	   488226.0000000000	486	250	38	46.750000	 24132064.0164657533
   417457.0000001512	 -1615945.6777343750	   481206.0000000000	330	250	38	46.750000	 24131337.0641375072
   417458.0000001317	 -1622964.9355468750	   474187.0000000000	66	250	38	45.750000	 24130611.4484970495
   417459.0000001129	 -1629983.1542968750	   467168.0000000000	866	250	38	45.750000	 24129886.2028013505
   417460.0000000937	 -1637001.3925781250	   460150.0000000000	622	250	38	45.000000	 24129160.5662204847
   417461.0000002496	 -1644019.2031250000	   453132.0000000000	816	251	38	45.750000	 24128434.7446171083
   417462.0000002303	 -1651037.6992187500	   446114.0000000000	308	250	38	44.750000	 24127709.0731358044
   417463.0000002115	 -1658056.4130859375	   439095.0000000000	601	250	38	44.500000	 24126983.6668979600
   417464.0000001926	 -1665075.0644531250	   432076.0000000000	958	250	38	45.000000	 24126258.2432098947
   417465.0000001736	 -1672094.4101562500	   425057.0000000000	604	250	38	44.000000	 24125532.8020716123
   417466.0000001561	 -1679114.3125000000	   418037.0000000000	704	250	38	44.250000	 24124807.5110049397
   417467.0000001381	 -1686134.1025390625	   411017.0000000000	919	250	38	44.500000	 24124082.0803364962
   417468.0000001207	 -1693157.2158203125	   403994.0000000000	803	250	38	43.000000	 24123356.6985285468
   417469.0000001037	 -1700179.7763671875	   396972.0000000000	229	250	38	43.750000	 24122630.6885120943
   417470.0000002594	 -1707201.4150390625	   389950.0000000000	599	251	38	42.500000	 24121902.1132617444
   417471.0000002411	 -1714223.6220703125	   382928.0000000000	387	250	38	42.250000	 24121175.4331566393
   417472.0000002232	 -1721246.0683593750	   375905.0000000000	954	250	38	43.250000	 24120448.8926532753
   417473.0000002052	 -1728268.7587890625	   368883.0000000000	247	250	38	43.500000	 24119723.5876265429
   417474.0000001872	 -1735291.3251953125	   361860.0000000000	691	250	38	43.750000	 24118997.4414985068
   417475.0000001695	 -1742313.0830078125	   354838.0000000000	939	250	38	44.750000	 24118272.5273569450
   417476.0000001530	 -1749332.5410156250	   347819.0000000000	470	250	38	44.250000	 24117547.5503941961
   417477.0000001377	 -1756351.5048828125	   340800.0000000000	507	250	38	44.250000	 24116823.9066290036
   417478.0000001211	 -1763370.7392578125	   333781.0000000000	267	250	38	44.000000	 24116099.3240415826
   417479.0000001041	 -1770390.0214843750	   326761.0000000000	1002	250	38	45.250000	 24115374.4936609194
   417480.0000002620	 -1777408.8925781250	   319743.0000000000	110	251	38	44.750000	 24114649.1222730167
   417481.0000002454	 -1784428.2148437500	   312723.0000000000	804	250	38	44.250000	 24113924.3965936601
   417482.0000002295	 -1791447.9775390625	   305704.0000000000	23	250	38	44.000000	 24113199.7372249886
   417483.0000002135	 -1798467.7929687500	   298684.0000000000	212	250	38	43.750000	 24112474.7567720450
   417484.0000001967	 -1805489.3798828125	   291662.0000000000	635	250	38	44.750000	 24111748.9770985804
   417485.0000001814	 -1812513.6523437500	   284638.0000000000	356	250	38	44.250000	 24111023.3474967293
   417486.0000001652	 -1819537.9003906250	   277614.0000000000	102	250	38	45.500000	 24110297.5817832910
   417487.0000001499	 -1826561.7734375000	   270590.0000000000	232	250	38	46.500000	 24109572.3989074193
   417488.0000001336	 -1833585.5927734375	   263566.0000000000	417	250	38	46.500000	 24108846.3295599334
   417489.0000001193	 -1840609.5175781250	   256542.0000000000	494	250	38	47.500000	 24108120.8535198495
   417490.0000001041	 -1847633.3115234375	   249518.0000000000	705	250	38	47.000000	 24107395.1157265007
   417491.0000000885	 -1854656.8056640625	   242495.0000000000	199	250	38	46.750000	 24106668.9695977643
   417492.0000002480	 -1861679.9853515625	   235472.0000000000	15	251	38	46.500000	 24105943.0851725005
   417493.0000002329	 -1868703.8349609375	   228448.0000000000	169	250	38	46.750000	 24105218.3839230463
   417494.0000002168	 -1875728.9716796875	   221423.0000000000	29	250	38	46.250000	 24104492.2063840628
   417495.0000002001	 -1882754.5576171875	   214397.0000000000	453	250	38	45.750000	 24103766.3185191341
   417496.0000001846	 -1889780.4189453125	   207371.0000000000	595	250	38	45.500000	 24103040.7796585262
   417497.0000001686	 -1896806.4746093750	   200345.0000000000	538	250	38	45.250000	 24102314.7801119126
   417498.0000001528	 -1903832.7988281250	   193319.0000000000	206	250	38	45.250000	 24101589.1540002488
   417499.0000001375	 -1910859.3339843750	   186292.0000000000	682	250	38	46.000000	 24100863.0951226018
   417500.0000001229	 -1917885.7802734375	   179266.0000000000	225	250	38	45.250000	 24100137.1200058870
   417501.0000001082	 -1924912.0332031250	   172239.0000000000	990	250	38	44.000000	 24099412.0941819735
   417502.0000000933	 -1931938.7421875000	   165213.0000000000	264	250	38	43.250000	 24098686.5867316462
   417503.0000002538	 -1938963.2441406250	   158188.0000000000	774	251	38	46.750000	 24097961.4456860647
   417504.0000002399	 -1945987.7294921875	   151164.0000000000	277	250	38	45.000000	 24097236.8072570972
   417505.0000002247	 -1953011.7656250000	   144140.0000000000	240	250	38	43.750000	 24096511.9105650559
   417506.0000002081	 -1960036.3105468750	   137115.0000000000	706	250	38	44.250000	 24095786.3263341747
   417507.0000001930	 -1967061.2568359375	   130090.0000000000	761	250	38	45.000000	 24095060.7665331960
   417508.0000001788	 -1974086.5019531250	   123065.0000000000	510	250	38	44.750000	 24094334.6099339202
   417509.0000001646	 -1981111.9628906250	   116040.0000000000	38	250	38	45.250000	 24093609.1513440572
   417510.0000001506	 -1988137.4873046875	   109014.0000000000	525	250	38	45.500000	 24092884.2092810422
   417511.0000001369	 -1995164.5224609375	   101987.0000000000	489	250	38	45.750000	 24092158.4959175922
   417512.0000001243	 -2002193.8916015625	    94958.0000000000	111	250	38	45.750000	 24091432.2555567548
   417513.0000001123	 -2009223.6865234375	    87928.0000000000	321	250	38	43.750000	 24090706.0291559435
   417514.0000000995	 -2016253.1894531250	    80898.0000000000	830	250	38	42.000000	 24089980.1482699998
   417515.0000002607	 -2023282.3496093750	    73869.0000000000	666	251	38	43.750000	 24089253.9287997410
   417516.0000002476	 -2030312.1064453125	    66839.0000000000	915	250	38	45.750000	 24088528.0863043889
   417517.0000002345	 -2037342.0703125000	    59809.0000000000	952	250	38	46.000000	 24087802.4218013994
   417518.0000002214	 -2044371.8017578125	    52780.0000000000	203	250	38	46.250000	 24087076.4536643662
   417519.0000002083	 -2051400.7460937500	    45751.0000000000	260	250	38	46.000000	 24086350.4680771120
   417520.0000001951	 -2058427.3193359375	    38724.0000000000	697	250	38	46.500000	 24085625.4841332845
   417521.0000001824	 -2065453.2167968750	    31698.0000000000	802	250	38	46.250000	 24084900.6223410107
   417522.0000001678	 -2072478.5371093750	    24673.0000000000	474	250	38	45.750000	 24084174.9334081262
   417523.0000001548	 -2079503.7451171875	    17648.0000000000	261	250	38	45.250000	 24083449.6981809363
   417524.0000001420	 -2086529.2236328125	    10622.0000000000	795	250	38	45.750000	 24082723.5311111249
   417525.0000001292	 -2093555.1767578125	     3596.0000000000	843	250	38	45.750000	 24081997.9538592286
   417526.0000001181	 -2100581.3896484375	  1045146.0000000000	625	250	38	45.750000	 24081272.5790295936
   417527.0000001076	 -2107607.2832031250	  1038120.0000000000	734	250	38	45.750000	 24080548.5234374963
   417528.0000000947	 -2114632.5058593750	  1031095.0000000000	506	250	38	45.250000	 24079823.4836528562
   417529.0000002587	 -2121656.2822265625	  1024071.0000000000	735	251	38	45.000000	 24079099.5152620524
   417530.0000002469	 -2128679.7119140625	  1017048.0000000000	295	250	38	44.250000	 24078375.0932154171
   417531.0000002352	 -2135703.2275390625	  1010024.0000000000	791	250	38	45.000000	 24077650.3849849142
   417532.0000002233	 -2142727.0566406250	  1003000.0000000000	966	250	38	44.500000	 24076926.6609476507
   417533.0000002118	 -2149751.1708984375	   995976.0000000000	849	250	38	45.250000	 24076201.8794260882
   417534.0000002002	 -2156775.0166015625	   988952.0000000000	1007	250	38	44.750000	 24075477.9390058294
   417535.0000001885	 -2163799.2500000000	   981928.0000000000	768	250	38	43.750000	 24074753.8031430244
   417536.0000001770	 -2170823.9980468750	   974904.0000000000	2	250	38	44.000000	 24074029.3252555430
   417537.0000001654	 -2177850.8603515625	   967877.0000000000	143	250	38	43.250000	 24073304.5262837596
   417538.0000001542	 -2184878.0566406250	   960849.0000000000	966	250	38	44.750000	 24072580.1181971505
   417539.0000001440	 -2191905.0205078125	   953822.0000000000	1003	250	38	44.000000	 24071855.4518467635
   417540.0000001334	 -2198932.2275390625	   946795.0000000000	791	250	38	44.250000	 24071131.0926206186
   417541.0000001224	 -2205959.4814453125	   939768.0000000000	531	250	38	44.250000	 24070406.4507007971
   417542.0000001112	 -2212986.5488281250	   932741.0000000000	462	250	38	44.500000	 24069681.7738805376
   417543.0000001007	 -2220012.9580078125	   925715.0000000000	43	250	38	44.500000	 24068957.0202790648
   417544.0000000896	 -2227036.0019531250	   918691.0000000000	1022	250	38	44.500000	 24068232.2178171277
   417545.0000002542	 -2234057.8779296875	   911670.0000000000	125	251	38	45.000000	 24067508.4413786866
   417546.0000002432	 -2241080.2675781250	   904647.0000000000	750	250	38	44.500000	 24066784.6929108575
   417547.0000002328	 -2248102.7207031250	   897625.0000000000	286	250	38	44.250000	 24066061.1014949568
   417548.0000002224	 -2255125.1152343750	   890602.0000000000	906	250	38	43.750000	 24065336.9377113953
   417549.0000002120	 -2262147.7724609375	   883580.0000000000	233	250	38	44.750000	 24064613.4893874265
   417550.0000002015	 -2269170.5732421875	   876557.0000000000	437	250	38	45.000000	 24063889.7374294102
   417551.0000001915	 -2276195.1435546875	   869532.0000000000	877	250	38	43.500000	 24063165.6957973689
   417552.0000001815	 -2283222.9384765625	   862505.0000000000	63	250	38	45.000000	 24062440.9387057051
   417553.0000001725	 -2290250.3886718750	   855477.0000000000	626	250	38	44.750000	 24061716.6213596761
   417554.0000001624	 -2297277.7646484375	   848450.0000000000	241	250	38	45.250000	 24060991.9899097234
   417555.0000001515	 -2304305.5751953125	   841422.0000000000	435	250	38	45.000000	 24060266.9710647948
   417556.0000001422	 -2311333.7138671875	   834394.0000000000	293	250	38	45.000000	 24059542.8526515067
   417557.0000001319	 -2318362.0166015625	   827365.0000000000	1007	250	38	44.500000	 24058817.8652168550
   417558.0000001223	 -2325391.3095703125	   820336.0000000000	707	250	38	44.250000	 24058093.0871847831
   417559.0000001136	 -2332422.4326171875	   813305.0000000000	581	250	38	45.250000	 24057369.1432736702
   417560.0000001052	 -2339453.2851562500	   806274.0000000000	732	250	38	46.000000	 24056644.3024204411
   417561.0000000959	 -2346483.8378906250	   799244.0000000000	166	250	38	45.500000	 24055919.6116394587
   417562.0000002615	 -2353514.6679687500	   792213.0000000000	340	251	38	45.500000	 24055194.4322019182
   417563.0000002536	 -2360545.7763671875	   785182.0000000000	229	250	38	45.750000	 24054469.4447665699
   417564.0000002456	 -2367576.8164062500	   778151.0000000000	188	250	38	45.000000	 24053745.1378903762
   417565.0000002367	 -2374607.5341796875	   771120.0000000000	477	250	38	44.000000	 24053019.1557919495
   417566.0000002293	 -2381638.2060546875	   764089.0000000000	813	250	38	44.000000	 24052295.3096017987
   417567.0000002199	 -2388668.9589843750	   757059.0000000000	42	250	38	43.250000	 24051570.0115526840
   417568.0000002130	 -2395697.4658203125	   750030.0000000000	547	250	38	43.750000	 24050846.5004068576
   417569.0000002051	 -2402726.0175781250	   743001.0000000000	1006	250	38	43.000000	 24050121.5129715092
   417570.0000001958	 -2409754.5146484375	   735973.0000000000	497	250	38	41.750000	 24049394.8014533930
   417571.0000001876	 -2416783.3066406250	   728944.0000000000	710	250	38	41.750000	 24048669.1718495116
   417572.0000001811	 -2423812.2041015625	   721915.0000000000	815	250	38	41.500000	 24047943.7621180452
   417573.0000001735	 -2430841.4521484375	   714886.0000000000	561	250	38	42.250000	 24047219.4343014769
   417574.0000001643	 -2437873.2646484375	   707854.0000000000	753	250	38	42.750000	 24046496.4955240116
   417575.0000001568	 -2444906.4736328125	   700821.0000000000	539	250	38	44.750000	 24045772.4887917116
   417576.0000001488	 -2451940.1289062500	   693787.0000000000	892	250	38	43.250000	 24045048.1993657686
   417577.0000001412	 -2458973.4902343750	   686754.0000000000	522	250	38	42.750000	 24044323.8715492003
   417578.0000001337	 -2466006.9091796875	   679721.0000000000	93	250	38	43.000000	 24043599.0062653758
   417579.0000001263	 -2473040.4833984375	   672687.0000000000	529	250	38	45.250000	 24042874.4446155950
   417580.0000001186	 -2480073.5898437500	   665654.0000000000	420	250	38	45.500000	 24042150.0993488133
   417581.0000001110	 -2487106.3662109375	   658621.0000000000	649	250	38	46.000000	 24041425.5027985983
   417582.0000001038	 -2494138.1005859375	   651589.0000000000	921	250	38	46.000000	 24040701.7438595332
   417583.0000000964	 -2501167.4462890625	   644560.0000000000	567	250	38	46.750000	 24039977.3253016882
   417584.0000000902	 -2508196.5019531250	   637531.0000000000	510	250	38	45.750000	 24039254.1492001563
   417585.0000002563	 -2515225.3876953125	   630502.0000000000	627	251	38	45.000000	 24038529.8073737361
   417586.0000002474	 -2522254.7656250000	   623473.0000000000	240	250	38	44.750000	 24037804.0940089226
   417587.0000002417	 -2529284.4755859375	   616443.0000000000	537	250	38	44.750000	 24037079.4834980145
   417588.0000002359	 -2536314.3505859375	   609413.0000000000	665	250	38	44.500000	 24036354.9811785705
   417589.0000002298	 -2543344.3222656250	   602383.0000000000	694	250	38	44.500000	 24035630.6952421181
   417590.0000002231	 -2550376.4541015625	   595351.0000000000	559	250	38	44.500000	 24034906.9153626487
   417591.0000002170	 -2557410.2402343750	   588317.0000000000	778	250	38	46.000000	 24034182.7725180946
   417592.0000002111	 -2564444.5458984375	   581283.0000000000	465	250	38	46.250000	 24033458.6820242293
   417593.0000002050	 -2571478.5722656250	   574249.0000000000	438	250	38	46.500000	 24032734.5217294618
   417594.0000001984	 -2578512.2548828125	   567215.0000000000	763	250	38	46.250000	 24032009.9181988984
   417595.0000001928	 -2585544.6972656250	   560183.0000000000	310	250	38	45.500000	 24031285.6287722588
   417596.0000001863	 -2592575.2646484375	   553152.0000000000	753	250	38	45.250000	 24030561.6325098276
   417597.0000001799	 -2599604.4121093750	   546123.0000000000	602	250	38	45.250000	 24029836.8300464936
   417598.0000001734	 -2606633.8896484375	   539094.0000000000	113	250	38	44.500000	 24029112.6906921305
   417599.0000001675	 -2613663.5517578125	   532064.0000000000	459	250	38	44.250000	 24028388.5827480480
   417600.0000001629	 -2620693.3222656250	   525034.0000000000	694	250	38	44.750000	 24027665.8952526115
   417601.0000001572	 -2627723.2500000000	   518004.0000000000	768	250	38	45.250000	 24026942.2863851637
   417602.0000001513	 -2634753.2216796875	   510974.0000000000	797	250	38	45.000000	 24026218.6251670234
   417603.0000001454	 -2641783.5947265625	   503944.0000000000	415	250	38	44.750000	 24025494.9464987032
   417604.0000001406	 -2648813.8583984375	   496914.0000000000	145	250	38	44.250000	 24024771.0270167924
   417605.0000001357	 -2655843.7841796875	   489884.0000000000	221	250	38	40.750000	 24024046.9644429833
   417606.0000001299	 -2662873.7480468750	   482854.0000000000	258	250	38	40.000000	 24023322.7308571823
   417607.0000001244	 -2669903.8662109375	   475824.0000000000	137	250	38	39.750000	 24022597.6177794524
   417608.0000001205	 -2676933.8271484375	   468794.0000000000	177	250	38	39.250000	 24021874.4242270067
   417609.0000001145	 -2683963.5947265625	   461764.0000000000	415	250	38	39.000000	 24021150.9968420789
   417610.0000001083	 -2690993.0703125000	   454734.0000000000	952	250	38	39.750000	 24020427.3740145676
   417611.0000001008	 -2698022.2617187500	   447705.0000000000	756	250	38	38.750000	 24019704.3689257577
   417612.0000000937	 -2705051.7451171875	   440676.0000000000	261	250	38	42.000000	 24018981.1998045705
   417613.0000000881	 -2712081.1328125000	   433646.0000000000	888	250	38	45.500000	 24018256.1949183382
   417614.0000002607	 -2719110.4599609375	   426617.0000000000	553	251	38	44.000000	 24017533.1095068939
   417615.0000002574	 -2726140.3251953125	   419587.0000000000	691	250	38	42.500000	 24016810.2160983719
   417616.0000002540	 -2733170.4570312500	   412557.0000000000	556	250	38	43.500000	 24016088.1637911238
   417617.0000002501	 -2740200.6894531250	   405527.0000000000	318	250	38	45.000000	 24015365.3820642531
   417618.0000002454	 -2747230.9472656250	   398497.0000000000	54	250	38	45.750000	 24014641.2112989798
   417619.0000002409	 -2754261.2255859375	   391466.0000000000	793	250	38	44.250000	 24013917.2359762266
   417620.0000002360	 -2761291.3105468750	   384436.0000000000	706	250	38	43.000000	 24013194.3006875850
   417621.0000002318	 -2768321.4716796875	   377406.0000000000	541	250	38	42.250000	 24012472.1646194384
   417622.0000002288	 -2775352.2285156250	   370375.0000000000	790	250	38	45.500000	 24011749.3410117850
   417623.0000002254	 -2782383.0449218750	   363344.0000000000	978	250	38	45.500000	 24011026.2870611139
   417624.0000002202	 -2789414.0048828125	   356313.0000000000	1019	250	38	45.000000	 24010303.2645213529
   417625.0000002153	 -2796444.6376953125	   349283.0000000000	371	250	38	43.750000	 24009579.0239552073
   417626.0000002112	 -2803474.8691406250	   342253.0000000000	134	250	38	43.750000	 24008856.6366036646
   417627.0000002070	 -2810505.0693359375	   335222.0000000000	953	250	38	44.500000	 24008133.6245337725
   417628.0000002025	 -2817535.6826171875	   328192.0000000000	325	250	38	44.750000	 24007409.7923029512
   417629.0000002003	 -2824566.6523437500	   321161.0000000000	356	250	38	45.000000	 24006687.2304485664
   417630.0000001981	 -2831597.7578125000	   314130.0000000000	248	250	38	44.750000	 24005965.3840537705
   417631.0000001951	 -2838628.8779296875	   307099.0000000000	125	250	38	45.500000	 24005242.8640801683
   417632.0000001914	 -2845659.9990234375	   300068.0000000000	1	250	38	45.750000	 24004520.1696043871
   417633.0000001886	 -2852690.9931640625	   293037.0000000000	7	250	38	45.750000	 24003796.7003379799
   417634.0000001852	 -2859721.7783203125	   286006.0000000000	227	250	38	45.500000	 24003073.3427532278
   417635.0000001816	 -2866752.3310546875	   278975.0000000000	685	250	38	45.250000	 24002349.6640842073
   417636.0000001785	 -2873782.6445312500	   271945.0000000000	364	250	38	45.250000	 24001626.1075667106
   417637.0000001754	 -2880812.7568359375	   264915.0000000000	249	250	38	44.750000	 24000902.2997658178
   417638.0000001729	 -2887842.6865234375	   257885.0000000000	321	250	38	44.750000	 24000178.6490168534
   417639.0000001702	 -2894872.4287109375	   250855.0000000000	585	250	38	44.750000	 23999454.3560993560
   417640.0000001676	 -2901902.0664062500	   243825.0000000000	956	250	38	44.250000	 23998730.8135418892
   417641.0000001640	 -2908931.5556640625	   236796.0000000000	455	250	38	44.000000	 23998007.4036065154
   417642.0000001598	 -2915960.9355468750	   229767.0000000000	66	250	38	44.500000	 23997284.4089868441
   417643.0000001554	 -2922990.1904296875	   222737.0000000000	829	250	38	44.250000	 23996560.1649304740
   417644.0000001517	 -2930019.3027343750	   215708.0000000000	714	250	38	44.000000	 23995837.1842708625
   417645.0000001479	 -2937048.3037109375	   208679.0000000000	713	250	38	44.000000	 23995113.2752588205
   417646.0000001448	 -2944077.1191406250	   201650.0000000000	902	250	38	43.750000	 23994389.8618332595
   417647.0000001412	 -2951105.8623046875	   194622.0000000000	141	250	38	43.750000	 23993666.4693480693
   417648.0000001381	 -2958134.5312500000	   187593.0000000000	480	250	38	44.000000	 23992943.4851982668
   417649.0000001350	 -2965163.0605468750	   180564.0000000000	962	250	38	44.000000	 23992221.3945004269
   417650.0000001318	 -2972191.5175781250	   173536.0000000000	494	250	38	44.000000	 23991499.3770936467
   417651.0000001278	 -2979219.9140625000	   166508.0000000000	88	250	38	44.000000	 23990776.4348246269
   417652.0000001239	 -2986248.1972656250	   159479.0000000000	822	250	38	44.250000	 23990054.0649233013
   417653.0000001197	 -2993276.4658203125	   152451.0000000000	547	250	38	44.750000	 23989331.4821291715
   417654.0000001161	 -3000304.6093750000	   145423.0000000000	400	250	38	45.000000	 23988608.8051036112
   417655.0000001130	 -3007332.6972656250	   138395.0000000000	310	250	38	44.750000	 23987886.5538636185
   417656.0000001104	 -3014360.6875000000	   131367.0000000000	320	250	38	44.750000	 23987164.2816832550
   417657.0000001083	 -3021388.5068359375	   124339.0000000000	505	250	38	44.750000	 23986442.1840050332
   417658.0000001055	 -3028416.3642578125	   117311.0000000000	651	250	38	45.000000	 23985720.1805582792
   417659.0000001034	 -3035444.1845703125	   110283.0000000000	835	250	38	45.000000	 23984997.5105123967
   417660.0000001011	 -3042471.8085937500	   103256.0000000000	196	250	38	45.000000	 23984274.3413898796
   417661.0000000981	 -3049499.3681640625	    96228.0000000000	647	250	38	44.750000	 23983550.9628647193
   417662.0000000945	 -3056526.8662109375	    89201.0000000000	137	250	38	45.000000	 23982827.9996553250
   417663.0000000923	 -3063554.2773437500	    82173.0000000000	740	250	38	45.250000	 23982106.0101686008
   417664.0000000895	 -3070581.6425781250	    75146.0000000000	366	250	38	45.250000	 23981383.8461797312
   417665.0000002620	 -3077608.7402343750	    68119.0000000000	266	251	38	45.500000	 23980661.4238772281
   417666.0000002591	 -3084636.0126953125	    61091.0000000000	1011	250	38	45.250000	 23979938.7957121618
   417667.0000002547	 -3091663.1816406250	    54064.0000000000	838	250	38	45.250000	 23979216.5898431428
   417668.0000002501	 -3098690.3427734375	    47037.0000000000	673	250	38	45.500000	 23978494.6003571190
   417669.0000002460	 -3105717.3339843750	    40010.0000000000	682	250	38	45.500000	 23977771.6231876612
   417670.0000002415	 -3112744.1816406250	    32983.0000000000	838	250	38	45.000000	 23977049.0787841603
   417671.0000002378	 -3119770.8750000000	    25957.0000000000	128	250	38	45.000000	 23976326.9217756391
   417672.0000002338	 -3126797.5322265625	    18930.0000000000	479	250	38	45.000000	 23975603.9620564021
   417673.0000002310	 -3133824.0761718750	    11903.0000000000	946	250	38	45.000000	 23974881.5293338858
   417674.0000002276	 -3140850.5224609375	     4877.0000000000	489	250	38	45.000000	 23974158.8872087598
   417675.0000002242	 -3147876.7578125000	  1046427.0000000000	248	250	38	44.750000	 23973435.9588997662
   417676.0000002214	 -3154902.8691406250	  1039401.0000000000	134	250	38	44.750000	 23972713.6692691818
   417677.0000002188	 -3161928.8613281250	  1032375.0000000000	142	250	38	45.000000	 23971991.5576309338
   417678.0000002158	 -3168954.6953125000	  1025349.0000000000	312	250	38	45.000000	 23971269.1807492636
   417679.0000002120	 -3175980.4736328125	  1018323.0000000000	539	250	38	45.000000	 23970547.0062904879
   417680.0000002082	 -3183006.1806640625	  1011297.0000000000	839	250	38	45.250000	 23969824.6712896004
   417681.0000002042	 -3190031.8134765625	  1004272.0000000000	191	250	38	45.250000	 23969102.3013882749
   417682.0000002002	 -3197057.2939453125	   997246.0000000000	723	250	38	45.250000	 23968379.9314869493
   417683.0000001965	 -3204082.6171875000	   990221.0000000000	392	250	38	45.000000	 23967657.6313864961
   417684.0000001923	 -3211107.8144531250	   983196.0000000000	190	250	38	45.250000	 23966935.0485923663
   417685.0000001891	 -3218132.9335937500	   976171.0000000000	68	250	38	45.250000	 23966212.4588178918
   417686.0000001864	 -3225157.9121093750	   969146.0000000000	90	250	38	45.250000	 23965490.4902715757
   417687.0000001831	 -3232182.7988281250	   962121.0000000000	206	250	38	45.500000	 23964768.8672401235
   417688.0000001793	 -3239207.6269531250	   955096.0000000000	382	250	38	45.750000	 23964046.8533235006
   417689.0000001761	 -3246232.3476562500	   948071.0000000000	668	250	38	45.750000	 23963325.1221005842
   417690.0000001726	 -3253256.9843750000	   941047.0000000000	16	250	38	46.000000	 23962602.6230673529
   417691.0000001697	 -3260281.5283203125	   934022.0000000000	483	250	38	45.750000	 23961880.4067277983
   417692.0000001664	 -3267305.9443359375	   926998.0000000000	57	250	38	46.000000	 23961158.9616887122
   417693.0000001633	 -3274330.2695312500	   919973.0000000000	748	250	38	46.250000	 23960436.9791823663
   417694.0000001608	 -3281354.5312500000	   912949.0000000000	480	250	38	46.250000	 23959715.9040880091
   417695.0000001581	 -3288378.6914062500	   905925.0000000000	316	250	38	46.500000	 23958994.6335510686
   417696.0000001554	 -3295402.7490234375	   898901.0000000000	257	250	38	46.750000	 23958273.3455639407
   417697.0000001524	 -3302426.7519531250	   891877.0000000000	254	250	38	47.000000	 23957552.4345018938
   417698.0000001490	 -3309450.6503906250	   884853.0000000000	358	250	38	47.250000	 23956831.0627538338
   417699.0000001455	 -3316474.4306640625	   877829.0000000000	583	250	38	47.500000	 23956109.6910058074
   417700.0000001414	 -3323498.0595703125	   870805.0000000000	963	250	38	47.500000	 23955388.7171232663
   417701.0000001373	 -3330521.5830078125	   863782.0000000000	427	250	38	47.750000	 23954667.0103308819
   417702.0000001334	 -3337545.0312500000	   856758.0000000000	992	250	38	47.750000	 23953945.3907896206
   417703.0000001299	 -3344568.4316406250	   849735.0000000000	582	250	38	47.750000	 23953223.8759496287
   417704.0000001267	 -3351591.7558593750	   842712.0000000000	250	250	38	47.750000	 23952502.4309105426
   417705.0000001235	 -3358615.0292968750	   835688.0000000000	994	250	38	48.000000	 23951781.1638637893
   417706.0000001204	 -3365638.2167968750	   828665.0000000000	802	250	38	48.000000	 23951059.4849914946
   417707.0000001171	 -3372661.3125000000	   821642.0000000000	704	250	38	48.000000	 23950337.5932263955
   417708.0000001134	 -3379684.2929687500	   814619.0000000000	724	250	38	47.750000	 23949616.0085855685
   417709.0000001097	 -3386707.2421875000	   807596.0000000000	776	250	38	48.000000	 23948894.4239447080
   417710.0000001069	 -3393730.1015625000	   800573.0000000000	920	250	38	48.000000	 23948172.9928656481
   417711.0000001038	 -3400752.8955078125	   793551.0000000000	107	250	38	48.000000	 23947451.1709014215
   417712.0000001015	 -3407775.5781250000	   786528.0000000000	432	250	38	47.750000	 23946730.0050658174
   417713.0000000994	 -3414798.1308593750	   779505.0000000000	890	250	38	47.750000	 23946008.7484889366
   417714.0000000957	 -3421820.6210937500	   772483.0000000000	388	250	38	47.750000	 23945286.6089305989
   417715.0000000928	 -3428843.0048828125	   765460.0000000000	1019	250	38	47.500000	 23944565.1255008876
   417716.0000000894	 -3435865.3808593750	   758438.0000000000	634	250	38	47.750000	 23943843.0731936730
   417717.0000002615	 -3442887.4189453125	   751416.0000000000	595	251	38	47.750000	 23943121.4047414213
   417718.0000002582	 -3449909.6699218750	   744394.0000000000	338	250	38	47.750000	 23942399.9422520846
   417719.0000002559	 -3456931.8457031250	   737372.0000000000	158	250	38	47.750000	 23941678.2040487863
   417720.0000002530	 -3463953.9140625000	   730350.0000000000	88	250	38	47.750000	 23940956.8637109734
   417721.0000002506	 -3470975.9267578125	   723328.0000000000	75	250	38	48.000000	 23940235.8235170878
   417722.0000002484	 -3477997.9306640625	   716306.0000000000	71	250	38	48.000000	 23939515.1393078677
   417723.0000002468	 -3485019.7812500000	   709284.0000000000	224	250	38	48.000000	 23938794.3259667754
   417724.0000002443	 -3492041.5195312500	   702262.0000000000	492	250	38	47.750000	 23938072.9646885879
   417725.0000002424	 -3499063.2089843750	   695240.0000000000	810	250	38	47.750000	 23937351.4917287491
   417726.0000002400	 -3506084.8876953125	   688219.0000000000	115	250	38	47.750000	 23936630.7551688775
   417727.0000002374	 -3513106.5175781250	   681197.0000000000	494	250	38	47.750000	 23935909.7882660143
   417728.0000002343	 -3520128.1132812500	   674175.0000000000	908	250	38	47.750000	 23935188.6817614138
   417729.0000002306	 -3527149.6757812500	   667154.0000000000	332	250	38	47.500000	 23934467.0796703361
   417730.0000002279	 -3534171.1865234375	   660132.0000000000	833	250	38	47.250000	 23933745.8091334254
   417731.0000002251	 -3541192.6054687500	   653111.0000000000	404	250	38	47.250000	 23933024.3780543692
   417732.0000002231	 -3548213.9140625000	   646090.0000000000	88	250	38	47.000000	 23932302.5840102285
   417733.0000002215	 -3555235.1718750000	   639068.0000000000	848	250	38	47.000000	 23931581.6275772043
   417734.0000002190	 -3562256.4267578125	   632047.0000000000	587	250	38	47.000000	 23930860.4268411696
   417735.0000002172	 -3569277.5937500000	   625026.0000000000	416	250	38	47.250000	 23930139.6867911406
   417736.0000002146	 -3576298.7099609375	   618005.0000000000	297	250	38	47.250000	 23929418.3080627024
   417737.0000002122	 -3583319.7509765625	   610984.0000000000	255	250	38	47.750000	 23928696.8211428002
   417738.0000002090	 -3590340.7207031250	   603963.0000000000	286	250	38	47.250000	 23927975.2504619993
   417739.0000002062	 -3597361.6318359375	   596942.0000000000	377	250	38	47.250000	 23927253.6762910075
   417740.0000002036	 -3604382.5283203125	   589921.0000000000	483	250	38	47.250000	 23926531.9939285554
   417741.0000002008	 -3611403.3349609375	   582900.0000000000	681	250	38	47.000000	 23925810.9746750109
   417742.0000001976	 -3618424.1025390625	   575879.0000000000	919	250	38	47.000000	 23925089.8158197552
   417743.0000001956	 -3625444.8486328125	   568859.0000000000	155	250	38	47.000000	 23924369.0408692881
   417744.0000001939	 -3632465.5585937500	   561838.0000000000	452	250	38	46.750000	 23923648.0669860803
   417745.0000001926	 -3639486.2246093750	   554817.0000000000	794	250	38	46.750000	 23922927.6445301287
   417746.0000001899	 -3646506.8291015625	   547797.0000000000	175	250	38	46.750000	 23922206.3565430008
   417747.0000001877	 -3653527.4121093750	   540776.0000000000	602	250	38	46.750000	 23921485.2256078012
   417748.0000001862	 -3660547.9375000000	   533756.0000000000	64	250	38	46.500000	 23920763.8922497034
   417749.0000001856	 -3667568.4111328125	   526735.0000000000	603	250	38	46.250000	 23920043.2499205992
   417750.0000001841	 -3674588.8330078125	   519715.0000000000	171	250	38	46.000000	 23919322.7402135916
   417751.0000001827	 -3681609.1845703125	   512694.0000000000	835	250	38	46.250000	 23918602.1397653036
   417752.0000001808	 -3688629.4843750000	   505674.0000000000	528	250	38	46.250000	 23917881.1135314107
   417753.0000001796	 -3695649.7314453125	   498654.0000000000	275	250	38	46.250000	 23917160.9947095364
   417754.0000001781	 -3702669.9169921875	   491634.0000000000	85	250	38	46.250000	 23916440.0906272009
   417755.0000001764	 -3709690.0546875000	   484613.0000000000	968	250	38	46.250000	 23915719.0992937461
   417756.0000001745	 -3716710.1406250000	   477593.0000000000	880	250	38	46.000000	 23914997.5006921887
   417757.0000001730	 -3723730.1640625000	   470573.0000000000	856	250	38	46.000000	 23914277.0084353648
   417758.0000001709	 -3730750.0820312500	   463553.0000000000	940	250	38	46.000000	 23913556.6278602257
   417759.0000001687	 -3737770.0283203125	   456533.0000000000	995	250	38	46.000000	 23912835.8005591072
   417760.0000001665	 -3744789.9619140625	   449514.0000000000	39	250	38	46.250000	 23912114.6521737240
   417761.0000001641	 -3751809.8789062500	   442494.0000000000	124	250	38	46.250000	 23911394.1843474992
   417762.0000001612	 -3758829.7011718750	   435474.0000000000	306	250	38	46.250000	 23910672.4147339240
   417763.0000001591	 -3765849.4736328125	   428454.0000000000	539	250	38	46.000000	 23909951.8910668530
   417764.0000001578	 -3772869.2138671875	   421434.0000000000	805	250	38	46.000000	 23909231.7547947615
   417765.0000001572	 -3779888.9072265625	   414415.0000000000	95	250	38	45.750000	 23908511.6673831679
   417766.0000001566	 -3786908.6191406250	   407395.0000000000	390	250	38	46.000000	 23907791.8836055920
   417767.0000001559	 -3793928.2998046875	   400375.0000000000	717	250	38	46.000000	 23907071.7961939648
   417768.0000001549	 -3800947.9130859375	   393356.0000000000	89	250	38	46.000000	 23906351.7471729629
   417769.0000001536	 -3807967.5273437500	   386336.0000000000	484	250	38	46.250000	 23905631.8796345182
   417770.0000001524	 -3814987.0839843750	   379316.0000000000	938	250	38	46.250000	 23904911.7782628648
   417771.0000001510	 -3822006.6074218750	   372297.0000000000	402	250	38	46.500000	 23904191.7501822375
   417772.0000001499	 -3829026.0898437500	   365277.0000000000	932	250	38	46.250000	 23903471.5057186857
   417773.0000001491	 -3836045.5546875000	   358258.0000000000	456	250	38	46.250000	 23902751.3659564070
   417774.0000001488	 -3843064.9941406250	   351239.0000000000	6	250	38	46.250000	 23902030.6852367111
   417775.0000001480	 -3850084.3964843750	   344219.0000000000	618	250	38	46.000000	 23901310.3849322833
   417776.0000001473	 -3857103.7714843750	   337200.0000000000	234	250	38	45.750000	 23900590.5662543029
   417777.0000001465	 -3864123.1269531250	   330180.0000000000	894	250	38	46.000000	 23899870.7301261015
   417778.0000001459	 -3871142.4951171875	   323161.0000000000	517	250	38	46.000000	 23899152.0910839140
   417779.0000001446	 -3878161.7880859375	   316142.0000000000	217	250	38	46.250000	 23898432.2235454358
   417780.0000001434	 -3885181.0654296875	   309122.0000000000	957	250	38	46.250000	 23897711.8359899521
   417781.0000001438	 -3892200.4072265625	   302103.0000000000	607	250	38	46.000000	 23896992.0626822449
   417782.0000001446	 -3899219.6816406250	   295084.0000000000	326	250	38	46.000000	 23896272.6802597083
   417783.0000001434	 -3906238.9023437500	   288065.0000000000	100	250	38	46.000000	 23895552.5614378341
   417784.0000001424	 -3913258.0859375000	   281045.0000000000	936	250	38	46.250000	 23894832.8160508834
   417785.0000001412	 -3920277.1894531250	   274026.0000000000	830	250	38	46.500000	 23894113.1090545543
   417786.0000001405	 -3927296.2587890625	   267007.0000000000	759	250	38	46.500000	 23893392.7180088796
   417787.0000001409	 -3934315.3007812500	   259988.0000000000	716	250	38	46.500000	 23892672.8016092740
   417788.0000001406	 -3941334.3417968750	   252969.0000000000	674	250	38	46.750000	 23891953.4087168649
   417789.0000001406	 -3948353.3857421875	   245950.0000000000	629	250	38	46.750000	 23891234.2112670429
   417790.0000001403	 -3955372.3388671875	   238931.0000000000	677	250	38	46.750000	 23890514.5321907736
   417791.0000001407	 -3962391.3388671875	   231912.0000000000	677	250	38	47.000000	 23889795.3138005733
   417792.0000001398	 -3969410.3535156250	   224893.0000000000	662	250	38	47.250000	 23889074.8704042137
   417793.0000001398	 -3976429.3144531250	   217874.0000000000	702	250	38	47.500000	 23888355.5298624597
   417794.0000001401	 -3983448.2568359375	   210855.0000000000	761	250	38	47.500000	 23887635.5960126333
   417795.0000001409	 -3990467.1406250000	   203836.0000000000	880	250	38	47.750000	 23886915.9448564537
   417796.0000001416	 -3997486.0634765625	   196817.0000000000	959	250	38	47.750000	 23886195.6864321716
   417797.0000001423	 -4004504.9892578125	   189799.0000000000	11	250	38	47.500000	 23885475.5536495745
   417798.0000001419	 -4011523.8642578125	   182780.0000000000	139	250	38	47.750000	 23884755.4103971384
   417799.0000001417	 -4018542.7470703125	   175761.0000000000	259	250	38	47.750000	 23884035.0158612728
   417800.0000001417	 -4025561.6025390625	   168742.0000000000	407	250	38	48.000000	 23883314.8516684286
   417801.0000001426	 -4032580.3779296875	   161723.0000000000	637	250	38	47.750000	 23882595.0748705305
   417802.0000001439	 -4039599.1552734375	   154704.0000000000	865	250	38	48.000000	 23881875.2945824787
   417803.0000001451	 -4046617.9257812500	   147686.0000000000	76	250	38	47.750000	 23881155.1757599376
   417804.0000001461	 -4053636.6787109375	   140667.0000000000	329	250	38	47.750000	 23880435.2907705456
   417805.0000001467	 -4060655.4365234375	   133648.0000000000	577	250	38	47.750000	 23879715.7303556427
   417806.0000001474	 -4067674.1533203125	   126629.0000000000	867	250	38	48.000000	 23878995.8837569058
   417807.0000001485	 -4074692.9033203125	   119611.0000000000	99	250	38	47.750000	 23878276.0336679816
   417808.0000001502	 -4081711.6269531250	   112592.0000000000	382	250	38	47.750000	 23877556.7873569950
   417809.0000001508	 -4088730.3349609375	   105573.0000000000	681	250	38	47.750000	 23876836.9407582283
   417810.0000001526	 -4095748.9980468750	    98555.0000000000	2	250	38	47.500000	 23876117.1395297982
   417811.0000001547	 -4102767.6259765625	    91536.0000000000	383	250	38	47.750000	 23875398.0153703392
   417812.0000001572	 -4109786.2646484375	    84517.0000000000	753	250	38	47.750000	 23874678.8702704720
   417813.0000001597	 -4116804.8896484375	    77499.0000000000	113	250	38	48.000000	 23873959.4564369880
   417814.0000001622	 -4123823.4257812500	    70480.0000000000	588	250	38	47.750000	 23873240.5800707340
   417815.0000001641	 -4130841.9824218750	    63462.0000000000	18	250	38	47.750000	 23872520.8311929591
   417816.0000001660	 -4137860.5185546875	    56443.0000000000	493	250	38	47.500000	 23871801.5115909129
   417817.0000001675	 -4144879.0322265625	    49424.0000000000	991	250	38	47.500000	 23871082.0523871258
   417818.0000001689	 -4151897.5068359375	    42406.0000000000	505	250	38	46.750000	 23870362.5931833349
   417819.0000001706	 -4158915.9482421875	    35388.0000000000	53	250	38	47.000000	 23869642.7745046914
   417820.0000001722	 -4165934.4189453125	    28369.0000000000	595	250	38	47.250000	 23868923.6363851689
   417821.0000001739	 -4172952.8466796875	    21351.0000000000	157	250	38	47.000000	 23868203.9782486372
   417822.0000001770	 -4179971.2451171875	    14332.0000000000	773	250	38	47.000000	 23867484.8471088298
   417823.0000001813	 -4186989.6562500000	     7314.0000000000	352	250	38	46.750000	 23866765.8136899509
   417824.0000001840	 -4194008.0419921875	      295.0000000000	981	250	38	46.750000	 23866046.7383909523
   417825.0000001865	 -4201026.4453125000	  1041853.0000000000	568	250	38	46.750000	 23865327.7363830172
   417826.0000001877	 -4208044.8554687500	  1034835.0000000000	148	250	38	46.250000	 23864607.9037443064
   417827.0000001886	 -4215063.2783203125	  1027816.0000000000	739	250	38	46.250000	 23863888.4305804931
   417828.0000001894	 -4222081.6386718750	  1020798.0000000000	370	250	38	46.250000	 23863168.2070566490
   417829.0000001906	 -4229099.9355468750	  1013780.0000000000	66	250	38	46.250000	 23862448.5349600576
   417830.0000001919	 -4236118.1787109375	  1006761.0000000000	841	250	38	46.250000	 23861728.7372217849
   417831.0000001932	 -4243136.4287109375	   999743.0000000000	585	250	38	46.250000	 23861009.5118512101
   417832.0000001952	 -4250154.6953125000	   992725.0000000000	312	250	38	46.250000	 23860290.3702415302
   417833.0000001978	 -4257172.9208984375	   985707.0000000000	81	250	38	46.250000	 23859571.8149595745
   417834.0000002002	 -4264191.1582031250	   978688.0000000000	862	250	38	46.250000	 23858852.7780512013
   417835.0000002037	 -4271209.4384765625	   971670.0000000000	575	250	38	46.000000	 23858133.9470552504
   417836.0000002069	 -4278227.6767578125	   964652.0000000000	331	250	38	45.750000	 23857414.8682660982
   417837.0000002098	 -4285245.9082031250	   957634.0000000000	94	250	38	46.000000	 23856695.5416836701
   417838.0000002120	 -4292264.1494140625	   950615.0000000000	871	250	38	46.000000	 23855976.7386085093
   417839.0000002144	 -4299282.3369140625	   943597.0000000000	679	250	38	45.750000	 23855257.7191503569
   417840.0000002172	 -4306300.5419921875	   936579.0000000000	469	250	38	46.000000	 23854538.6613015756
   417841.0000002206	 -4313318.7392578125	   929561.0000000000	267	250	38	46.000000	 23853819.9210469052
   417842.0000002244	 -4320336.9335937500	   922543.0000000000	68	250	38	45.750000	 23853101.1598518267
   417843.0000002285	 -4327355.0673828125	   915524.0000000000	955	250	38	45.750000	 23852382.7895419188
   417844.0000002321	 -4334373.2265625000	   908506.0000000000	792	250	38	45.500000	 23851664.1190881208
   417845.0000002359	 -4341391.3466796875	   901488.0000000000	669	250	38	45.750000	 23850945.3578930423
   417846.0000002400	 -4348409.4843750000	   894470.0000000000	528	250	38	45.500000	 23850226.7013993040
   417847.0000002449	 -4355427.6064453125	   887452.0000000000	403	250	38	45.750000	 23849508.6835839041
   417848.0000002497	 -4362445.6962890625	   880434.0000000000	311	250	38	45.750000	 23848790.3621344604
   417849.0000002544	 -4369463.7373046875	   873416.0000000000	269	250	38	45.750000	 23848072.4525105618
   417850.0000002587	 -4376481.7890625000	   866398.0000000000	216	250	38	45.250000	 23847353.7227257602
   417851.0000000888	 -4383500.0947265625	   859379.0000000000	927	249	38	45.250000	 23846635.2617243677
   417852.0000000942	 -4390518.1650390625	   852361.0000000000	855	250	38	45.000000	 23845916.9716851674
   417853.0000000987	 -4397536.2197265625	   845343.0000000000	799	250	38	44.750000	 23845198.1337088719
   417854.0000001027	 -4404554.2529296875	   838325.0000000000	765	250	38	44.750000	 23844480.0321325772
   417855.0000001062	 -4411572.3300781250	   831307.0000000000	686	250	38	45.000000	 23843761.3267783411
   417856.0000001098	 -4418590.3779296875	   824289.0000000000	637	250	38	44.750000	 23843042.7994164750
   417857.0000001139	 -4425608.4355468750	   817271.0000000000	578	250	38	44.750000	 23842324.1254724823
   417858.0000001178	 -4432626.4091796875	   810253.0000000000	605	250	38	44.750000	 23841605.9715455361
   417859.0000001212	 -4439644.4082031250	   803235.0000000000	606	250	38	45.000000	 23840887.1056491844
   417860.0000001258	 -4446662.4169921875	   796217.0000000000	597	250	38	45.000000	 23840169.0005826987
   417861.0000001304	 -4453680.4101562500	   789199.0000000000	604	250	38	45.250000	 23839450.3405987695
   417862.0000001355	 -4460698.4267578125	   782181.0000000000	587	250	38	45.250000	 23838732.4100344628
   417863.0000001406	 -4467716.4443359375	   775163.0000000000	569	250	38	45.000000	 23838014.6225620881
   417864.0000001462	 -4474734.4462890625	   768145.0000000000	567	250	38	45.000000	 23837297.2434250973
   417865.0000001517	 -4481752.5107421875	   761127.0000000000	501	250	38	45.250000	 23836579.1662787013
   417866.0000001573	 -4488770.5498046875	   754109.0000000000	461	250	38	45.000000	 23835860.7854982242
   417867.0000001623	 -4495788.6162109375	   747091.0000000000	393	250	38	44.750000	 23835142.8200335130
   417868.0000001683	 -4502806.6650390625	   740073.0000000000	343	250	38	45.000000	 23834424.5788547769
   417869.0000001753	 -4509824.7568359375	   733055.0000000000	249	250	38	44.750000	 23833707.3672395870
   417870.0000001811	 -4516842.8632812500	   726037.0000000000	140	250	38	45.000000	 23832989.5029859953
   417871.0000001867	 -4523860.9775390625	   719019.0000000000	23	250	38	45.250000	 23832271.2827476636
   417872.0000001926	 -4530879.1152343750	   712000.0000000000	906	250	38	45.000000	 23831553.2928523570
   417873.0000001983	 -4537897.1845703125	   704982.0000000000	835	250	38	45.000000	 23830835.6624319404
   417874.0000002034	 -4544915.2949218750	   697964.0000000000	722	250	38	45.250000	 23830117.7493178844
   417875.0000002083	 -4551933.4082031250	   690946.0000000000	606	250	38	45.250000	 23829399.4627688751
   417876.0000002129	 -4558951.5009765625	   683928.0000000000	511	250	38	45.250000	 23828681.3751526065
   417877.0000002177	 -4565969.6113281250	   676910.0000000000	398	250	38	45.250000	 23827962.9106112309
   417878.0000002226	 -4572987.7041015625	   669892.0000000000	303	250	38	45.250000	 23827244.2122366764
   417879.0000002279	 -4580005.8154296875	   662874.0000000000	189	250	38	45.000000	 23826525.3149293810
   417880.0000002340	 -4587023.9355468750	   655856.0000000000	66	250	38	45.000000	 23825806.6793753169
   417881.0000002407	 -4594042.0449218750	   648837.0000000000	978	250	38	45.000000	 23825088.5219575129
   417882.0000002476	 -4601060.1396484375	   641819.0000000000	881	250	38	44.750000	 23824370.5250818580
   417883.0000002544	 -4608078.3085937500	   634801.0000000000	708	250	38	45.000000	 23823652.6712981015
   417884.0000002617	 -4615096.4794921875	   627783.0000000000	533	250	38	45.000000	 23822935.4038420692
   417885.0000000931	 -4622114.8437500000	   620765.0000000000	160	249	38	44.750000	 23822217.3441957161
   417886.0000001003	 -4629133.0224609375	   613746.0000000000	1001	250	38	44.500000	 23821499.5951132663
   417887.0000001076	 -4636151.2060546875	   606728.0000000000	813	250	38	44.500000	 23820781.6121976413
   417888.0000001147	 -4643169.4140625000	   599710.0000000000	600	250	38	44.750000	 23820063.8282147534
   417889.0000001218	 -4650187.6513671875	   592692.0000000000	357	250	38	44.750000	 23819346.3478659503
   417890.0000001287	 -4657205.9238281250	   585674.0000000000	78	250	38	45.000000	 23818629.3875341564
   417891.0000001363	 -4664224.1992187500	   578655.0000000000	820	250	38	44.750000	 23817912.4760628566
   417892.0000001439	 -4671242.4951171875	   571637.0000000000	517	250	38	44.750000	 23817195.2958579138
   417893.0000001513	 -4678260.7617187500	   564619.0000000000	244	250	38	45.250000	 23816478.4925781116
   417894.0000001583	 -4685279.0605468750	   557600.0000000000	962	250	38	45.250000	 23815761.6753382459
   417895.0000001644	 -4692297.3916015625	   550582.0000000000	623	250	38	45.250000	 23815044.3276115023
   417896.0000001713	 -4699315.7636718750	   543564.0000000000	242	250	38	45.250000	 23814327.3672797084
   417897.0000001783	 -4706334.1376953125	   536545.0000000000	883	250	38	45.000000	 23813610.4243981652
   417898.0000001857	 -4713352.5732421875	   529527.0000000000	437	250	38	45.250000	 23812893.0313004144
   417899.0000001939	 -4720370.9921875000	   522509.0000000000	8	250	38	45.250000	 23812175.7568640336
   417900.0000002021	 -4727389.4404296875	   515490.0000000000	573	250	38	44.500000	 23811458.4475272186
   417901.0000002101	 -4734407.9267578125	   508472.0000000000	75	250	38	44.500000	 23810741.6756576635
   417902.0000002178	 -4741426.4531250000	   501453.0000000000	560	250	38	44.750000	 23810023.6369011924
   417903.0000002258	 -4748444.9970703125	   494435.0000000000	3	250	38	44.250000	 23809306.2926639393
   417904.0000002343	 -4755463.5585937500	   487416.0000000000	452	250	38	44.500000	 23808589.2485705800
   417905.0000002432	 -4762482.1171875000	   480397.0000000000	904	250	38	44.750000	 23807871.8624525480
   417906.0000002516	 -4769500.7207031250	   473379.0000000000	286	250	38	44.250000	 23807154.1936408393
   417907.0000002595	 -4776519.2851562500	   466360.0000000000	732	250	38	44.000000	 23806436.8145031519
   417908.0000000914	 -4783538.1240234375	   459341.0000000000	897	249	38	43.750000	 23805719.0375504419
   417909.0000000999	 -4790556.7216796875	   452323.0000000000	285	250	38	43.750000	 23805001.8503651507
   417910.0000001090	 -4797575.3564453125	   445304.0000000000	659	250	38	43.500000	 23804284.0873219743
   417911.0000001188	 -4804594.0078125000	   438285.0000000000	1016	250	38	43.250000	 23803567.2840414718
   417912.0000001296	 -4811612.6738281250	   431267.0000000000	334	250	38	43.500000	 23802850.3481389098
   417913.0000001400	 -4818631.3486328125	   424248.0000000000	667	250	38	43.250000	 23802133.0039009936
   417914.0000001505	 -4825650.1005859375	   417229.0000000000	921	250	38	43.250000	 23801416.9649405479
   417915.0000001604	 -4832668.8623046875	   410211.0000000000	141	250	38	43.250000	 23800699.1774668060
   417916.0000001708	 -4839687.6064453125	   403192.0000000000	403	250	38	43.000000	 23799982.9779642448
   417917.0000001803	 -4846706.3857421875	   396173.0000000000	629	250	38	43.250000	 23799266.4818080142
   417918.0000001895	 -4853725.1787109375	   389154.0000000000	841	250	38	43.500000	 23798549.0572993234
   417919.0000001998	 -4860744.0048828125	   382135.0000000000	1019	250	38	43.250000	 23797831.6956111863
   417920.0000002105	 -4867762.8876953125	   375117.0000000000	115	250	38	43.000000	 23797114.8679000884
   417921.0000002201	 -4874781.8183593750	   368098.0000000000	186	250	38	43.000000	 23796396.9931752905
   417922.0000002309	 -4881800.7275390625	   361079.0000000000	279	250	38	43.000000	 23795680.6121901721
   417923.0000002420	 -4888819.6904296875	   354060.0000000000	317	250	38	43.000000	 23794963.9066306315
   417924.0000002526	 -4895838.6562500000	   347041.0000000000	352	250	38	43.250000	 23794247.1871110275
   417925.0000000875	 -4902857.8906250000	   340022.0000000000	112	249	38	43.250000	 23793529.4590181150
   417926.0000000981	 -4909876.8808593750	   333003.0000000000	122	250	38	42.750000	 23792811.7204048373
   417927.0000001084	 -4916895.9628906250	   325984.0000000000	38	250	38	43.000000	 23792093.6258068569
   417928.0000001193	 -4923915.0234375000	   318964.0000000000	1000	250	38	43.000000	 23791375.5800693743
   417929.0000001298	 -4930934.1152343750	   311945.0000000000	906	250	38	43.000000	 23790658.5394655056
   417930.0000001401	 -4937953.2373046875	   304926.0000000000	781	250	38	43.000000	 23789940.8741432913
   417931.0000001515	 -4944972.3544921875	   297907.0000000000	661	250	38	43.000000	 23789223.2367411293
   417932.0000001623	 -4951991.4873046875	   290888.0000000000	525	250	38	42.750000	 23788506.1577466689
   417933.0000001733	 -4959010.6210937500	   283869.0000000000	388	250	38	42.500000	 23787789.9896543510
   417934.0000001842	 -4966029.8427734375	   276850.0000000000	161	250	38	42.750000	 23787073.5004777685
   417935.0000001964	 -4973049.1220703125	   269830.0000000000	899	250	38	42.750000	 23786357.8419319578
   417936.0000002083	 -4980068.4775390625	   262811.0000000000	535	250	38	43.000000	 23785641.9355929084
   417937.0000002199	 -4987087.7724609375	   255792.0000000000	233	250	38	42.500000	 23784925.3696351089
   417938.0000002327	 -4994107.0878906250	   248772.0000000000	934	250	38	42.500000	 23784209.0270399489
   417939.0000002463	 -5001126.4306640625	   241753.0000000000	583	250	38	42.500000	 23783493.3754738197
   417940.0000002590	 -5008145.8398437500	   234734.0000000000	164	250	38	42.500000	 23782775.9963347651
   417941.0000000975	 -5015165.5048828125	   227714.0000000000	507	249	38	42.000000	 23782059.1896132007
   417942.0000001100	 -5022184.8955078125	   220695.0000000000	107	250	38	41.750000	 23781341.9012154303
   417943.0000001230	 -5029204.3417968750	   213675.0000000000	674	250	38	41.250000	 23780624.0369597711
   417944.0000001362	 -5036223.8515625000	   206656.0000000000	152	250	38	41.000000	 23779907.3872403726
   417945.0000001491	 -5043243.3251953125	   199636.0000000000	691	250	38	41.500000	 23779191.0620954335
   417946.0000001605	 -5050262.8515625000	   192617.0000000000	152	250	38	42.000000	 23778473.7457775697
   417947.0000001735	 -5057282.3818359375	   185597.0000000000	633	250	38	42.000000	 23777755.1486120708
   417948.0000001877	 -5064301.9375000000	   178578.0000000000	64	250	38	40.750000	 23777034.9495146982
   417949.0000002031	 -5071321.5117187500	   171558.0000000000	500	250	38	39.750000	 23776318.8198116422
   417950.0000002164	 -5078341.0957031250	   164538.0000000000	926	250	38	40.250000	 23775603.0286437683
   417951.0000002305	 -5085360.7041015625	   157519.0000000000	303	250	38	40.000000	 23774887.3735874817
   417952.0000002447	 -5092380.3164062500	   150499.0000000000	700	250	38	40.250000	 23774171.7359813787
   417953.0000002584	 -5099399.9804687500	   143480.0000000000	20	250	38	40.750000	 23773456.7998748422
   417954.0000000963	 -5106419.9267578125	   136460.0000000000	75	249	38	41.500000	 23772741.1239286363
   417955.0000001098	 -5113439.6699218750	   129440.0000000000	338	250	38	41.500000	 23772024.8476441577
   417956.0000001232	 -5120459.4609375000	   122420.0000000000	552	250	38	41.250000	 23771307.6604575031
   417957.0000001365	 -5127479.2226562500	   115400.0000000000	796	250	38	41.250000	 23770591.4749143012
   417958.0000001496	 -5134499.0654296875	   108380.0000000000	957	250	38	41.750000	 23769875.3626621626
   417959.0000001632	 -5141518.9619140625	   101361.0000000000	39	250	38	42.000000	 23769158.3883682787
   417960.0000001769	 -5148538.8671875000	    94341.0000000000	136	250	38	42.000000	 23768443.3266200572
   417961.0000001907	 -5155558.8466796875	    87321.0000000000	157	250	38	42.250000	 23767727.5668624304
   417962.0000002037	 -5162578.8955078125	    80301.0000000000	107	250	38	42.000000	 23767012.7249873616
   417963.0000002175	 -5169598.9199218750	    73281.0000000000	82	250	38	42.250000	 23766298.3786987364
   417964.0000002304	 -5176618.9492187500	    66261.0000000000	52	250	38	42.250000	 23765583.3762815520
   417965.0000002427	 -5183639.0292968750	    59240.0000000000	994	250	38	42.000000	 23764868.1470115036
   417966.0000002555	 -5190659.1757812500	    52220.0000000000	844	250	38	42.000000	 23764151.5182324797
   417967.0000000950	 -5197679.5771484375	    45200.0000000000	433	249	38	42.250000	 23763435.8841663934
   417968.0000001099	 -5204699.7451171875	    38180.0000000000	261	250	38	42.250000	 23762720.4559629038
   417969.0000001243	 -5211719.8886718750	    31160.0000000000	114	250	38	42.000000	 23762004.3157900088
   417970.0000001385	 -5218740.0966796875	    24139.0000000000	925	250	38	41.750000	 23761288.2314579263
   417971.0000001529	 -5225760.3544921875	    17119.0000000000	661	250	38	41.250000	 23760572.0738347806
   417972.0000001678	 -5232780.6562500000	    10099.0000000000	352	250	38	41.250000	 23759856.9318151549
   417973.0000001815	 -5239801.0126953125	     3078.0000000000	1011	250	38	41.750000	 23759141.8700669371
   417974.0000001962	 -5246821.3437500000	  1044634.0000000000	672	250	38	42.500000	 23758426.8013383374
   417975.0000002109	 -5253841.7177734375	  1037614.0000000000	289	250	38	42.250000	 23757711.4638761282
   417976.0000002267	 -5260862.1064453125	  1030593.0000000000	915	250	38	42.500000	 23756996.4405178353
   417977.0000002423	 -5267882.5410156250	  1023573.0000000000	470	250	38	42.250000	 23756280.3806156516
   417978.0000002576	 -5274902.9765625000	  1016553.0000000000	24	250	38	42.500000	 23755563.9298283309
   417979.0000000992	 -5281923.6191406250	  1009532.0000000000	390	249	38	42.750000	 23754848.6377862170
   417980.0000001155	 -5288944.1357421875	  1002511.0000000000	885	250	38	43.000000	 23754133.6109377332
   417981.0000001317	 -5295964.7060546875	   995491.0000000000	301	250	38	43.250000	 23753418.1373632737
   417982.0000001483	 -5302985.3183593750	   988470.0000000000	698	250	38	43.250000	 23752702.6602986529
   417983.0000001650	 -5310005.9257812500	   981450.0000000000	76	250	38	43.500000	 23751988.4885115400
   417984.0000001808	 -5317026.6113281250	   974429.0000000000	398	250	38	44.000000	 23751274.0375209078
