   417098.0000000202	  1013928.5693359375	  1013928.0000000000	583	250	47	46.500000	 22695082.3031064682
   417098.9999999392	  1013375.1259765625	  1013375.0000000000	129	250	47	46.500000	 22695567.4370956607
   417100.0000000774	  1012821.6582031250	  1012821.0000000000	674	251	47	46.500000	 22696065.7389690690
   417101.0000001984	  1012265.4052734375	  1012265.0000000000	415	241	47	46.250000	 22697084.0752821565
   417102.0000001465	  1011710.7568359375	  1011710.0000000000	775	249	47	46.250000	 22697631.1296747588
   417103.0000002445	  1011156.3437500000	  1011156.0000000000	352	251	47	46.250000	 22698117.8550741263
   417104.0000001684	  1010601.4375000000	  1010601.0000000000	448	250	47	46.000000	 22698604.8667071499
   417105.0000000926	  1010046.2246093750	  1010046.0000000000	230	250	47	45.750000	 22699091.9655912630
   417106.0000001912	  1009491.0097656250	  1009491.0000000000	10	251	47	45.750000	 22699579.7240443341
   417107.0000001146	  1008935.3076171875	  1008935.0000000000	315	250	47	46.000000	 22700067.7408110052
   417108.0000002117	  1008379.6474609375	  1008379.0000000000	663	251	47	46.250000	 22700554.7419243641
   417109.0000001341	  1007823.4794921875	  1007823.0000000000	491	250	47	46.000000	 22701040.8880261816
   417110.0000002318	  1007267.3271484375	  1007267.0000000000	335	251	47	46.000000	 22701527.2050901949
   417111.0000001547	  1006710.7626953125	  1006710.0000000000	781	250	47	45.750000	 22702013.6513359025
   417112.0000002526	  1006154.2119140625	  1006154.0000000000	217	251	47	45.750000	 22702500.8967523128
   417113.0000001743	  1005597.2216796875	  1005597.0000000000	227	250	47	46.000000	 22702988.2469205186
   417114.0000000970	  1005040.0224609375	  1005040.0000000000	23	250	47	46.000000	 22703475.9111926444
   417115.0000001946	  1004482.8251953125	  1004482.0000000000	845	251	47	46.250000	 22703963.6591758765
   417116.0000001176	  1003925.2304687500	  1003925.0000000000	236	250	47	46.500000	 22704451.2501569428
   417117.0000002155	  1003367.7490234375	  1003367.0000000000	767	251	47	46.500000	 22704939.2284831628
   417118.0000001377	  1002809.8203125000	  1002809.0000000000	840	250	47	46.500000	 22705425.5735177547
   417119.0000002359	  1002251.9599609375	  1002251.0000000000	983	251	47	47.000000	 22705912.7630933188
   417120.0000001586	  1001693.6894531250	  1001693.0000000000	706	250	47	47.250000	 22706398.7102623954
   417121.0000002563	  1001135.5078125000	  1001135.0000000000	520	251	47	47.000000	 22706885.3309604563
   417122.0000001790	  1000576.9667968750	  1000576.0000000000	990	250	47	47.250000	 22707371.1524878182
   417123.0000001024	  1000018.2685546875	  1000018.0000000000	275	250	47	47.250000	 22707857.4521514066
   417124.0000002008	   999459.6826171875	   999459.0000000000	699	251	47	46.750000	 22708343.9611678161
   417125.0000001237	   998900.7138671875	   998900.0000000000	731	250	47	47.000000	 22708830.5679556392
   417126.0000002222	   998341.8291015625	   998341.0000000000	849	251	47	47.000000	 22709316.9687805846
   417127.0000001465	   997782.5917968750	   997782.0000000000	606	250	47	47.000000	 22709802.8321880326
   417128.0000002481	   997223.4541015625	   997223.0000000000	465	251	47	46.500000	 22710289.9065910876
   417129.0000001735	   996663.8916015625	   996663.0000000000	913	250	47	46.500000	 22710776.6390199624
   417130.0000000997	   996104.1845703125	   996104.0000000000	189	250	47	46.750000	 22711264.0799280480
   417131.0000001997	   995544.6093750000	   995544.0000000000	624	251	47	46.500000	 22711750.5226330757
   417132.0000001255	   994984.6083984375	   994984.0000000000	623	250	47	46.500000	 22712236.5361121669
   417133.0000002265	   994424.7265625000	   994424.0000000000	744	251	47	46.000000	 22712722.1481857263
   417134.0000001527	   993864.4736328125	   993864.0000000000	485	250	47	46.000000	 22713208.5700001717
   417135.0000002534	   993304.3417968750	   993304.0000000000	350	251	47	46.250000	 22713695.4908414260
   417136.0000001796	   992743.8251953125	   992743.0000000000	845	250	47	46.500000	 22714182.6455657184
   417137.0000001062	   992183.2187500000	   992183.0000000000	224	250	47	46.500000	 22714669.3151733689
   417138.0000002081	   991622.8095703125	   991622.0000000000	829	251	47	46.750000	 22715157.1922871396
   417139.0000001339	   991062.0058593750	   991062.0000000000	6	250	47	46.750000	 22715644.0817679390
   417140.0000002366	   990501.3339843750	   990501.0000000000	342	251	47	47.250000	 22716132.1682842933
   417141.0000001637	   989940.3164062500	   989940.0000000000	324	250	47	47.250000	 22716619.2985779829
   417142.0000000922	   989379.1738281250	   989379.0000000000	178	250	47	47.000000	 22717106.4184011407
   417143.0000001966	   988818.1220703125	   988818.0000000000	125	251	47	47.250000	 22717594.6165984794
   417144.0000001247	   988256.7275390625	   988256.0000000000	745	250	47	47.250000	 22718083.3139229417
   417145.0000002283	   987695.4980468750	   987695.0000000000	510	251	47	47.250000	 22718571.5540010966
   417146.0000001572	   987133.8955078125	   987133.0000000000	917	250	47	47.000000	 22719058.7785255574
   417147.0000002609	   986572.5195312500	   986572.0000000000	532	251	47	47.000000	 22719546.3380445205
   417148.0000001886	   986010.7880859375	   986010.0000000000	807	250	47	46.750000	 22720032.7842888348
   417149.0000001174	   985448.9873046875	   985448.0000000000	1011	250	47	46.500000	 22720520.4206388406
   417150.0000002216	   984887.3642578125	   984887.0000000000	373	251	47	46.250000	 22721007.4042999521
   417151.0000001512	   984325.4082031250	   984325.0000000000	418	250	47	46.250000	 22721494.9813189246
   417152.0000002570	   983763.6015625000	   983763.0000000000	616	251	47	46.500000	 22721983.1690457277
   417153.0000001870	   983201.4716796875	   983201.0000000000	483	250	47	46.500000	 22722470.5994826481
   417154.0000001175	   982639.3359375000	   982639.0000000000	344	250	47	46.500000	 22722958.2951629534
   417155.0000002238	   982077.3837890625	   982077.0000000000	393	251	47	46.250000	 22723446.0675740540
   417156.0000001552	   981515.0732421875	   981515.0000000000	75	250	47	46.250000	 22723933.7737242356
   417157.0000002619	   980952.9130859375	   980952.0000000000	935	251	47	46.500000	 22724421.5077446774
   417158.0000001942	   980390.4306640625	   980390.0000000000	441	250	47	46.500000	 22724908.0272787176
   417159.0000001271	   979827.8925781250	   979827.0000000000	914	250	47	45.000000	 22725395.1680408828
   417160.0000002339	   979265.4560546875	   979265.0000000000	467	251	47	45.250000	 22725882.6682281457
   417161.0000001655	   978702.7128906250	   978702.0000000000	730	250	47	45.500000	 22726370.4092787951
   417162.0000000967	   978139.8955078125	   978139.0000000000	917	250	47	45.000000	 22726858.1887200326
   417163.0000002030	   977577.2402343750	   977577.0000000000	246	251	47	44.750000	 22727347.3920503221
   417164.0000001343	   977014.2412109375	   977014.0000000000	247	250	47	45.250000	 22727836.0474933349
   417165.0000002422	   976451.4072265625	   976451.0000000000	417	251	47	45.750000	 22728324.2910602838
   417166.0000001753	   975888.2548828125	   975888.0000000000	261	250	47	45.500000	 22728814.2203698605
   417167.0000001077	   975325.0488281250	   975325.0000000000	50	250	47	45.500000	 22729303.2248171978
   417168.0000002153	   974761.9501953125	   974761.0000000000	973	251	47	45.250000	 22729792.2047841437
   417169.0000001477	   974198.5839843750	   974198.0000000000	598	250	47	45.250000	 22730281.0661395825
   417170.0000002552	   973635.3593750000	   973635.0000000000	368	251	47	45.250000	 22730770.0635567456
   417171.0000001886	   973071.7724609375	   973071.0000000000	791	250	47	45.500000	 22731259.0610237382
   417172.0000001223	   972508.1621093750	   972508.0000000000	166	250	47	45.250000	 22731749.3079274222
   417173.0000002318	   971944.7236328125	   971944.0000000000	741	251	47	45.500000	 22732238.0401004665
   417174.0000001671	   971380.9482421875	   971380.0000000000	971	250	47	45.500000	 22732727.3097905591
   417175.0000001020	   970817.0800781250	   970817.0000000000	82	250	47	45.500000	 22733216.4922295995
   417176.0000002132	   970253.4560546875	   970253.0000000000	467	251	47	45.500000	 22733705.3011831939
   417177.0000001484	   969689.4541015625	   969689.0000000000	465	250	47	45.250000	 22734193.2655957825
   417178.0000002583	   969125.6230468750	   969125.0000000000	638	251	47	45.500000	 22734681.5475526899
   417179.0000001933	   968561.5136718750	   968561.0000000000	526	250	47	45.500000	 22735170.4612580836
   417180.0000001278	   967997.3427734375	   967997.0000000000	351	250	47	45.500000	 22735658.6455438212
   417181.0000002395	   967433.3437500000	   967433.0000000000	352	251	47	45.500000	 22736147.8802830204
   417182.0000001748	   966868.9931640625	   966868.0000000000	1017	250	47	45.500000	 22736636.6125058569
   417183.0000001110	   966304.5039062500	   966304.0000000000	516	250	47	45.750000	 22737126.0357577540
   417184.0000002211	   965740.2167968750	   965740.0000000000	222	251	47	45.500000	 22737613.9233393334
   417185.0000001575	   965175.6025390625	   965175.0000000000	617	250	47	45.750000	 22738102.8265741915
   417186.0000000946	   964610.9794921875	   964610.0000000000	1003	250	47	45.500000	 22738591.4017443992
   417187.0000002065	   964046.4238281250	   964046.0000000000	434	251	47	45.250000	 22739080.6713840030
   417188.0000001430	   963481.5546875000	   963481.0000000000	568	250	47	45.250000	 22739568.9115099199
   417189.0000002559	   962916.8417968750	   962916.0000000000	862	251	47	45.000000	 22740058.6557955928
   417190.0000001924	   962351.7099609375	   962351.0000000000	727	250	47	45.500000	 22740548.1488483585
   417191.0000001307	   961786.4707031250	   961786.0000000000	482	250	47	45.250000	 22741036.9299309924
   417192.0000002450	   961221.4238281250	   961221.0000000000	434	251	47	45.000000	 22741527.3617555350
   417193.0000001821	   960656.1083984375	   960656.0000000000	111	250	47	45.250000	 22742016.9036687687
   417194.0000001199	   960090.6796875000	   960090.0000000000	696	250	47	45.500000	 22742508.1033540480
   417195.0000002331	   959525.4697265625	   959525.0000000000	481	251	47	45.500000	 22742997.0588890687
   417196.0000001731	   958959.9033203125	   958959.0000000000	925	250	47	45.250000	 22743487.4907634035
   417197.0000001127	   958394.2744140625	   958394.0000000000	281	250	47	45.250000	 22743977.6399440989
   417198.0000002282	   957828.7509765625	   957828.0000000000	769	251	47	45.500000	 22744468.5813151151
   417199.0000001676	   957262.8994140625	   957262.0000000000	921	250	47	45.500000	 22744957.8370438144
   417200.0000001077	   956696.9794921875	   956696.0000000000	1003	250	47	45.250000	 22745446.9810908660
   417201.0000002211	   956131.2099609375	   956131.0000000000	215	251	47	45.250000	 22745936.0238769725
   417202.0000001603	   955565.1308593750	   955565.0000000000	134	250	47	45.750000	 22746426.1939980425
   417203.0000001009	   954999.0224609375	   954999.0000000000	23	250	47	46.000000	 22746917.0691081993
   417204.0000002158	   954433.0722656250	   954433.0000000000	74	251	47	46.250000	 22747406.1363242045
   417205.0000001575	   953866.7802734375	   953866.0000000000	799	250	47	45.750000	 22747895.1966096573
   417206.0000000985	   953300.4199218750	   953300.0000000000	430	250	47	45.000000	 22748385.9076874778
   417207.0000002139	   952734.2353515625	   952734.0000000000	241	251	47	45.250000	 22748875.2401469052
   417208.0000001543	   952167.6835937500	   952167.0000000000	700	250	47	45.250000	 22749365.3474467844
   417209.0000000960	   951601.1269531250	   951601.0000000000	130	250	47	45.750000	 22749855.9991936050
   417210.0000002127	   951034.6796875000	   951034.0000000000	696	251	47	45.750000	 22750346.7346515320
   417211.0000001537	   950467.9560546875	   950467.0000000000	979	250	47	45.750000	 22750838.0180970132
   417212.0000000946	   949901.0849609375	   949901.0000000000	87	250	47	46.500000	 22751329.8564600050
   417213.0000002105	   949334.4023437500	   949334.0000000000	412	251	47	46.750000	 22751821.0630744770
   417214.0000001526	   948767.3798828125	   948767.0000000000	389	250	47	46.500000	 22752312.1057064310
   417215.0000000949	   948200.3027343750	   948200.0000000000	310	250	47	46.750000	 22752803.5043231249
   417216.0000002114	   947633.4023437500	   947633.0000000000	412	251	47	46.250000	 22753293.7407043837
   417217.0000001537	   947066.1621093750	   947066.0000000000	166	250	47	46.500000	 22753784.1551278383
   417218.0000000974	   946498.8359375000	   946498.0000000000	856	250	47	46.250000	 22754275.4001820609
   417219.0000002147	   945931.7128906250	   945931.0000000000	730	251	47	46.750000	 22754765.8808663674
   417220.0000001574	   945364.2783203125	   945364.0000000000	285	250	47	46.750000	 22755256.0963570438
   417221.0000001009	   944796.7568359375	   944796.0000000000	775	250	47	47.250000	 22755746.6992427036
   417222.0000002194	   944229.3623046875	   944229.0000000000	371	251	47	47.000000	 22756237.1171058230
   417223.0000001628	   943661.6503906250	   943661.0000000000	666	250	47	46.750000	 22756728.7041847184
   417224.0000001055	   943093.8896484375	   943093.0000000000	911	250	47	47.500000	 22757219.5094933100
   417225.0000002236	   942526.2363281250	   942526.0000000000	242	251	47	47.250000	 22757710.3775725961
   417226.0000001674	   941958.2587890625	   941958.0000000000	265	250	47	46.750000	 22758201.7831689678
   417227.0000001115	   941390.1806640625	   941390.0000000000	185	250	47	46.750000	 22758693.1503746845
   417228.0000002309	   940822.3310546875	   940822.0000000000	339	251	47	46.750000	 22759184.4023587964
   417229.0000001757	   940254.1650390625	   940254.0000000000	169	250	47	46.500000	 22759675.8184250072
   417230.0000001217	   939685.9404296875	   939685.0000000000	963	250	47	46.500000	 22760166.7423942313
   417231.0000002424	   939117.9296875000	   939117.0000000000	952	251	47	46.500000	 22760657.6977239437
   417232.0000001880	   938549.5703125000	   938549.0000000000	584	250	47	46.250000	 22761149.0544591546
   417233.0000001340	   937981.1630859375	   937981.0000000000	167	250	47	46.250000	 22761640.5682462901
   417234.0000002558	   937412.9189453125	   937412.0000000000	941	251	47	46.500000	 22762132.1238637529
   417235.0000002015	   936844.3466796875	   936844.0000000000	355	250	47	46.000000	 22762622.5313061588
   417236.0000001484	   936275.7197265625	   936275.0000000000	737	250	47	46.250000	 22763112.7328354456
   417237.0000000939	   935707.0498046875	   935707.0000000000	51	250	47	45.500000	 22763602.4981092848
   417238.0000002144	   935138.5058593750	   935138.0000000000	518	251	47	45.500000	 22764091.9352686554
   417239.0000001615	   934569.6884765625	   934569.0000000000	705	250	47	45.250000	 22764582.9220584370
   417240.0000001085	   934000.7724609375	   934000.0000000000	791	250	47	45.500000	 22765074.1426813975
   417241.0000002310	   933432.0546875000	   933432.0000000000	56	251	47	45.500000	 22765565.6040673889
   417242.0000001774	   932862.9687500000	   932862.0000000000	992	250	47	45.250000	 22766057.2400060855
   417243.0000001249	   932293.8310546875	   932293.0000000000	851	250	47	45.500000	 22766549.4762325287
   417244.0000002480	   931724.8886718750	   931724.0000000000	910	251	47	45.750000	 22767041.2726628482
   417245.0000001962	   931155.6269531250	   931155.0000000000	642	250	47	45.750000	 22767532.5735565498
   417246.0000001435	   930586.3085937500	   930586.0000000000	316	250	47	45.500000	 22768024.0245224983
   417247.0000000914	   930016.9453125000	   930016.0000000000	968	250	47	45.500000	 22768514.8088893145
   417248.0000002158	   929447.7314453125	   929447.0000000000	749	251	47	45.750000	 22769006.8635827452
   417249.0000001656	   928878.2089843750	   928878.0000000000	214	250	47	46.000000	 22769499.2079999857
   417250.0000001160	   928308.6591796875	   928308.0000000000	675	250	47	46.000000	 22769991.8874615543
   417251.0000002397	   927739.2490234375	   927739.0000000000	255	251	47	46.000000	 22770483.7153021544
   417252.0000001886	   927169.5820312500	   927169.0000000000	596	250	47	45.750000	 22770976.5134257562
   417253.0000001360	   926599.8349609375	   926599.0000000000	855	250	47	46.000000	 22771468.1423840709
   417254.0000002599	   926030.2763671875	   926030.0000000000	283	251	47	46.000000	 22771959.7538416758
   417255.0000002096	   925460.4365234375	   925460.0000000000	447	250	47	46.000000	 22772452.6531763934
   417256.0000001587	   924890.5371093750	   924890.0000000000	550	250	47	46.250000	 22772945.0743748881
   417257.0000001085	   924320.6054687500	   924320.0000000000	620	250	47	46.250000	 22773438.5809777007
   417258.0000002327	   923750.8300781250	   923750.0000000000	850	251	47	46.250000	 22773932.2655230910
   417259.0000001825	   923180.7363281250	   923180.0000000000	754	250	47	46.500000	 22774425.7721259408
   417260.0000001328	   922610.5673828125	   922610.0000000000	581	250	47	46.750000	 22774919.4183305316
   417261.0000002576	   922040.6328125000	   922040.0000000000	648	251	47	46.500000	 22775412.0070010275
   417262.0000002087	   921470.3544921875	   921470.0000000000	363	250	47	46.750000	 22775904.6096813455
   417263.0000001610	   920900.0468750000	   920900.0000000000	48	250	47	47.250000	 22776398.0080920309
   417264.0000001123	   920329.6972656250	   920329.0000000000	714	250	47	47.000000	 22776889.6614795476
   417265.0000002382	   919759.4941406250	   919759.0000000000	506	251	47	47.000000	 22777381.3113271110
   417266.0000001895	   919189.0214843750	   919189.0000000000	22	250	47	46.750000	 22777873.5196321048
   417267.0000001411	   918618.4404296875	   918618.0000000000	451	250	47	46.500000	 22778365.9931805506
   417268.0000000936	   918047.8261718750	   918047.0000000000	846	250	47	47.000000	 22778859.1577580571
   417269.0000002200	   917477.3984375000	   917477.0000000000	408	251	47	47.000000	 22779351.7883086391
   417270.0000001717	   916906.6474609375	   916906.0000000000	663	250	47	47.250000	 22779844.2967575230
   417271.0000001242	   916335.8974609375	   916335.0000000000	919	250	47	47.500000	 22780337.7300686426
   417272.0000002512	   915765.3085937500	   915765.0000000000	316	251	47	47.500000	 22780830.4094797224
   417273.0000002040	   915194.4755859375	   915194.0000000000	487	250	47	47.500000	 22781323.8044002168
   417274.0000001566	   914623.5781250000	   914623.0000000000	592	250	47	47.500000	 22781816.8607861958
   417275.0000001093	   914052.7138671875	   914052.0000000000	731	250	47	47.750000	 22782310.2382564768
   417276.0000002367	   913482.0205078125	   913482.0000000000	21	251	47	47.750000	 22782803.4690948389
   417277.0000001900	   912911.0878906250	   912911.0000000000	90	250	47	47.750000	 22783296.5743413158
   417278.0000001442	   912340.0146484375	   912340.0000000000	15	250	47	47.750000	 22783788.6884142049
   417279.0000000987	   911768.9023437500	   911768.0000000000	924	250	47	47.750000	 22784281.5877475590
   417280.0000002273	   911197.9931640625	   911197.0000000000	1017	251	47	47.750000	 22784773.4504871964
   417281.0000001814	   910626.7558593750	   910626.0000000000	774	250	47	47.500000	 22785265.7983932644
   417282.0000001358	   910055.4667968750	   910055.0000000000	478	250	47	47.500000	 22785757.8217248730
   417283.0000000905	   909484.1992187500	   909484.0000000000	204	250	47	47.500000	 22786250.7734088823
   417284.0000002201	   908913.0712890625	   908913.0000000000	73	251	47	47.250000	 22786743.2364363000
   417285.0000001750	   908341.6435546875	   908341.0000000000	659	250	47	47.250000	 22787235.5424615517
   417286.0000001307	   907770.2148437500	   907770.0000000000	220	250	47	47.000000	 22787729.3980673887
   417287.0000002601	   907199.0537109375	   907199.0000000000	55	251	47	47.000000	 22788222.6323952451
   417288.0000002150	   906627.5478515625	   906627.0000000000	561	250	47	46.750000	 22788716.1006061360
   417289.0000001707	   906055.9775390625	   906055.0000000000	1001	250	47	46.750000	 22789209.4920357428
   417290.0000001263	   905484.4091796875	   905484.0000000000	419	250	47	46.500000	 22789702.7229232341
   417291.0000002569	   904912.9931640625	   904912.0000000000	1017	251	47	46.500000	 22790196.3411559127
   417292.0000002126	   904341.2822265625	   904341.0000000000	289	250	47	46.500000	 22790690.3224034347
   417293.0000001685	   903769.5771484375	   903769.0000000000	591	250	47	46.250000	 22791183.9267258421
   417294.0000001247	   903197.8457031250	   903197.0000000000	866	250	47	45.750000	 22791676.9202899672
   417295.0000002557	   902626.2617187500	   902626.0000000000	268	251	47	45.750000	 22792169.6590307131
   417296.0000002122	   902054.4062500000	   902054.0000000000	416	250	47	45.500000	 22792663.0260297544
   417297.0000001696	   901482.5537109375	   901482.0000000000	567	250	47	45.500000	 22793157.0666076094
   417298.0000001270	   900910.6542968750	   900910.0000000000	670	250	47	45.500000	 22793650.6953599527
   417299.0000002600	   900338.9375000000	   900338.0000000000	960	251	47	45.000000	 22794144.1704999991
   417300.0000002189	   899766.8710937500	   899766.0000000000	892	250	47	45.250000	 22794638.1273162551
   417301.0000001780	   899194.7734375000	   899194.0000000000	792	250	47	45.500000	 22795133.1206764393
   417302.0000001366	   898622.6064453125	   898622.0000000000	621	250	47	45.000000	 22795627.5277088620
   417303.0000000947	   898050.4609375000	   898050.0000000000	472	250	47	44.750000	 22796121.5264059342
   417304.0000002285	   897478.4853515625	   897478.0000000000	497	251	47	44.500000	 22796615.6576745771
   417305.0000001876	   896906.3134765625	   896906.0000000000	321	250	47	44.750000	 22797110.6684849747
   417306.0000001470	   896334.0849609375	   896334.0000000000	87	250	47	44.750000	 22797606.7681898884
   417307.0000001049	   895761.8437500000	   895761.0000000000	864	250	47	45.500000	 22798102.1105550900
   417308.0000002381	   895189.8378906250	   895189.0000000000	858	251	47	45.250000	 22798597.6413327046
   417309.0000001963	   894617.5087890625	   894617.0000000000	521	250	47	45.250000	 22799093.2314911447
   417310.0000001552	   894045.1191406250	   894045.0000000000	122	250	47	45.500000	 22799589.3346862458
   417311.0000001143	   893472.6562500000	   893472.0000000000	672	250	47	45.500000	 22800083.5951365829
   417312.0000002481	   892900.3515625000	   892900.0000000000	360	251	47	45.250000	 22800577.3320298977
   417313.0000002082	   892327.8144531250	   892327.0000000000	834	250	47	44.750000	 22801071.1736743450
   417314.0000001679	   891755.2167968750	   891755.0000000000	222	250	47	45.000000	 22801565.6609775126
   417315.0000001281	   891182.6376953125	   891182.0000000000	653	250	47	44.750000	 22802058.9651546665
   417316.0000000887	   890609.9414062500	   890609.0000000000	964	250	47	44.750000	 22802553.7142110988
   417317.0000002229	   890037.4912109375	   890037.0000000000	503	251	47	44.750000	 22803047.2696218900
   417318.0000001831	   889464.6875000000	   889464.0000000000	704	250	47	45.000000	 22803542.4339940585
   417319.0000001433	   888891.8632812500	   888891.0000000000	884	250	47	45.500000	 22804037.7763585635
   417320.0000001038	   888318.9970703125	   888318.0000000000	1021	250	47	45.250000	 22804532.0437885821
   417321.0000002390	   887746.3583984375	   887746.0000000000	367	251	47	45.000000	 22805026.7544045970
   417322.0000001999	   887173.4755859375	   887173.0000000000	487	250	47	45.000000	 22805522.4492636435
   417323.0000001617	   886600.5205078125	   886600.0000000000	533	250	47	45.750000	 22806018.8177015036
   417324.0000001233	   886027.5058593750	   886027.0000000000	518	250	47	46.000000	 22806515.1337887421
   417325.0000002598	   885454.7480468750	   885454.0000000000	766	251	47	45.750000	 22807010.6750355288
   417326.0000002202	   884881.7304687500	   884881.0000000000	748	250	47	46.000000	 22807506.7677600943
   417327.0000001806	   884308.7519531250	   884308.0000000000	770	250	47	46.500000	 22808002.5917510130
   417328.0000001421	   883735.6484375000	   883735.0000000000	664	250	47	46.250000	 22808498.1574781910
   417329.0000001049	   883162.5830078125	   883162.0000000000	597	250	47	46.000000	 22808994.9831118993
   417330.0000002410	   882589.7529296875	   882589.0000000000	771	251	47	46.250000	 22809489.9729313999
   417331.0000002036	   882016.5966796875	   882016.0000000000	611	250	47	45.750000	 22809985.2978450209
   417332.0000001675	   881443.4150390625	   881443.0000000000	425	250	47	45.750000	 22810481.1672055796
   417333.0000001311	   880870.2773437500	   880870.0000000000	284	250	47	45.500000	 22810976.3769473545
   417334.0000000942	   880297.0527343750	   880297.0000000000	54	250	47	45.750000	 22811471.5552788526
   417335.0000002328	   879724.0400390625	   879724.0000000000	41	251	47	45.750000	 22811967.7247334793
   417336.0000001954	   879150.7265625000	   879150.0000000000	744	250	47	45.750000	 22812464.0512905568
   417337.0000001583	   878577.4716796875	   878577.0000000000	483	250	47	46.250000	 22812959.6065471955
   417338.0000001217	   878004.1601562500	   878004.0000000000	164	250	47	46.000000	 22813454.6033961698
   417339.0000002606	   877431.0947265625	   877431.0000000000	97	251	47	46.000000	 22813950.2877341881
   417340.0000002245	   876857.7236328125	   876857.0000000000	741	250	47	46.500000	 22814446.5863705128
   417341.0000001887	   876284.3535156250	   876284.0000000000	362	250	47	46.750000	 22814943.8133592308
   417342.0000001521	   875710.8593750000	   875710.0000000000	880	250	47	47.250000	 22815438.8276584223
   417343.0000001167	   875137.3603515625	   875137.0000000000	369	250	47	46.500000	 22815934.7633296624
   417344.0000002561	   874564.0947265625	   874564.0000000000	97	251	47	46.500000	 22816430.1579936594
   417345.0000002199	   873990.5185546875	   873990.0000000000	531	250	47	46.750000	 22816925.8319116347
   417346.0000001850	   873417.0273437500	   873417.0000000000	28	250	47	46.250000	 22817419.7782560214
   417347.0000001510	   872843.4560546875	   872843.0000000000	467	250	47	45.750000	 22817915.2741809636
   417348.0000001174	   872269.9570312500	   872269.0000000000	980	250	47	46.250000	 22818410.6060735658
   417349.0000002590	   871696.6035156250	   871696.0000000000	618	251	47	46.500000	 22818907.7911310121
   417350.0000002263	   871122.9755859375	   871122.0000000000	999	250	47	46.500000	 22819404.6726041660
   417351.0000001922	   870549.2949218750	   870549.0000000000	302	250	47	47.000000	 22819901.7250900418
   417352.0000001577	   869975.6103515625	   869975.0000000000	625	250	47	47.500000	 22820399.8001597449
   417353.0000001231	   869401.9208984375	   869401.0000000000	943	250	47	47.750000	 22820896.8037851267
   417354.0000000898	   868828.2529296875	   868828.0000000000	259	250	47	47.750000	 22821394.2436659485
   417355.0000002314	   868254.8164062500	   868254.0000000000	836	251	47	47.750000	 22821891.4287233911
   417356.0000001971	   867681.0996093750	   867681.0000000000	102	250	47	47.750000	 22822386.9804891422
   417357.0000001642	   867107.3261718750	   867107.0000000000	334	250	47	47.750000	 22822885.0974389650
   417358.0000001299	   866533.5732421875	   866533.0000000000	587	250	47	47.750000	 22823381.3472141251
   417359.0000000951	   865959.7773437500	   865959.0000000000	796	250	47	47.500000	 22823876.4731943384
   417360.0000002366	   865386.2500000000	   865386.0000000000	256	251	47	47.500000	 22824372.0667903796
   417361.0000002025	   864812.4228515625	   864812.0000000000	433	250	47	47.750000	 22824868.9587341063
   417362.0000001679	   864238.6562500000	   864238.0000000000	672	250	47	48.000000	 22825365.4248922579
   417363.0000001339	   863664.8730468750	   863664.0000000000	894	250	47	47.750000	 22825861.4931848608
   417364.0000001002	   863091.0947265625	   863091.0000000000	97	250	47	47.500000	 22826357.3625447527
   417365.0000002427	   862517.5546875000	   862517.0000000000	568	251	47	47.000000	 22826853.9508039057
   417366.0000002104	   861943.7460937500	   861943.0000000000	764	250	47	47.250000	 22827350.5426030755
   417367.0000001774	   861369.9140625000	   861369.0000000000	936	250	47	47.500000	 22827846.7644574456
   417368.0000001446	   860796.0625000000	   860796.0000000000	64	250	47	47.000000	 22828342.8955706060
   417369.0000001122	   860222.2480468750	   860222.0000000000	254	250	47	47.500000	 22828839.3093774058
   417370.0000002549	   859648.7050781250	   859648.0000000000	722	251	47	47.250000	 22829336.7003472745
   417371.0000002226	   859074.8828125000	   859074.0000000000	904	250	47	47.250000	 22829833.2572459728
   417372.0000001907	   858501.0585937500	   858501.0000000000	60	250	47	47.500000	 22830329.9711966664
   417373.0000001592	   857927.2675781250	   857927.0000000000	274	250	47	46.750000	 22830826.9154903442
   417374.0000001278	   857353.3876953125	   857353.0000000000	397	250	47	46.250000	 22831324.1983185410
   417375.0000000968	   856779.5595703125	   856779.0000000000	573	250	47	46.500000	 22831821.4427561127
   417376.0000002410	   856205.9521484375	   856205.0000000000	975	251	47	46.250000	 22832318.1252460331
   417377.0000002101	   855632.0908203125	   855632.0000000000	93	250	47	45.750000	 22832814.5460325144
   417378.0000001796	   855058.2119140625	   855058.0000000000	217	250	47	45.750000	 22833311.2495126389
   417379.0000001495	   854484.2519531250	   854484.0000000000	258	250	47	45.750000	 22833808.7557034753
   417380.0000001194	   853910.3320312500	   853910.0000000000	340	250	47	45.500000	 22834306.1537028477
   417381.0000000887	   853336.3916015625	   853336.0000000000	401	250	47	45.750000	 22834803.4853915088
   417382.0000002346	   852762.7119140625	   852762.0000000000	729	251	47	45.750000	 22835301.8186731339
   417383.0000002041	   852188.7548828125	   852188.0000000000	773	250	47	45.500000	 22835799.3632545620
   417384.0000001745	   851614.8115234375	   851614.0000000000	831	250	47	45.250000	 22836296.7577637471
   417385.0000001458	   851040.8994140625	   851040.0000000000	921	250	47	45.000000	 22836794.8258517422
   417386.0000001169	   850466.9472656250	   850466.0000000000	970	250	47	45.250000	 22837293.1626733504
   417387.0000000881	   849893.0498046875	   849893.0000000000	51	250	47	45.500000	 22837791.3564030267
   417388.0000002342	   849319.4160156250	   849319.0000000000	426	251	47	45.750000	 22838290.0282191671
   417389.0000002043	   848745.5654296875	   848745.0000000000	579	250	47	46.000000	 22838786.3338337727
   417390.0000001752	   848171.7490234375	   848171.0000000000	767	250	47	45.500000	 22839284.1541285291
   417391.0000001456	   847597.9902343750	   847597.0000000000	1014	250	47	46.250000	 22839781.5311874971
   417392.0000001155	   847024.2021484375	   847024.0000000000	207	250	47	46.250000	 22840279.6446464621
   417393.0000002614	   846450.6904296875	   846450.0000000000	707	251	47	45.750000	 22840777.8348361552
   417394.0000002327	   845876.9589843750	   845876.0000000000	982	250	47	46.000000	 22841274.1858210675
   417395.0000002047	   845303.2812500000	   845303.0000000000	288	250	47	45.000000	 22841771.7827524841
   417396.0000001753	   844729.6162109375	   844729.0000000000	631	250	47	45.500000	 22842269.4983459339
   417397.0000001464	   844155.9628906250	   844155.0000000000	986	250	47	45.000000	 22842766.1006142758
   417398.0000001195	   843582.2539062500	   843582.0000000000	260	250	47	44.500000	 22843263.7254657820
   417399.0000000924	   843008.5927734375	   843008.0000000000	607	250	47	45.500000	 22843761.9959760085
   417400.0000002406	   842435.1699218750	   842435.0000000000	174	251	47	46.250000	 22844260.3292569667
   417401.0000002137	   841861.5087890625	   841861.0000000000	521	250	47	45.500000	 22844759.8143034540
   417402.0000001874	   841287.9052734375	   841287.0000000000	927	250	47	46.250000	 22845257.1669311263
   417403.0000001609	   840714.3271484375	   840714.0000000000	335	250	47	45.500000	 22845756.4879453070
   417404.0000001341	   840140.8222656250	   840140.0000000000	842	250	47	46.250000	 22846257.0095356852
   417405.0000001058	   839567.3447265625	   839567.0000000000	353	250	47	47.250000	 22846757.2205123007
   417406.0000002537	   838994.0908203125	   838994.0000000000	93	251	47	47.750000	 22847256.8625609577
   417407.0000002275	   838420.6318359375	   838420.0000000000	647	250	47	47.750000	 22847756.0020925812
   417408.0000002019	   837847.2441406250	   837847.0000000000	250	250	47	47.750000	 22848255.4417680949
   417409.0000001758	   837273.8144531250	   837273.0000000000	834	250	47	47.500000	 22848755.0105754808
   417410.0000001498	   836700.4980468750	   836700.0000000000	510	250	47	47.750000	 22849254.1850075424
   417411.0000001242	   836127.2304687500	   836127.0000000000	236	250	47	46.500000	 22849752.7835817151
   417412.0000000985	   835554.0546875000	   835554.0000000000	56	250	47	46.750000	 22850251.3298052698
   417413.0000002469	   834981.1181640625	   834981.0000000000	121	251	47	46.500000	 22850749.4292530194
   417414.0000002214	   834407.9589843750	   834407.0000000000	982	250	47	46.500000	 22851248.1883693449
   417415.0000001954	   833834.8583984375	   833834.0000000000	879	250	47	46.250000	 22851747.2197095044
   417416.0000001692	   833261.7617187500	   833261.0000000000	780	250	47	47.250000	 22852245.9125151485
   417417.0000001424	   832688.6562500000	   832688.0000000000	672	250	47	46.750000	 22852743.5548168719
   417418.0000001169	   832115.6269531250	   832115.0000000000	642	250	47	46.750000	 22853242.4744753465
   417419.0000000912	   831542.6347656250	   831542.0000000000	650	250	47	46.500000	 22853741.4499746300
   417420.0000002415	   830970.1367187500	   830970.0000000000	140	251	47	47.500000	 22854241.1094728038
   417421.0000002165	   830397.0087890625	   830397.0000000000	9	250	47	47.250000	 22854741.7427441701
   417422.0000001924	   829823.6601562500	   829823.0000000000	676	250	47	47.000000	 22855241.9223091751
   417423.0000001672	   829250.1992187500	   829250.0000000000	204	250	47	47.750000	 22855740.7512264065
   417424.0000001430	   828676.6914062500	   828676.0000000000	708	250	47	48.000000	 22856240.0373394527
   417425.0000001196	   828102.9746093750	   828102.0000000000	998	250	47	48.250000	 22856739.7282976620
   417426.0000000963	   827528.9511718750	   827528.0000000000	974	250	47	48.250000	 22857239.1330720782
   417427.0000002496	   826954.9941406250	   826954.0000000000	1018	251	47	47.750000	 22857740.1292573363
   417428.0000002254	   826380.8398437500	   826380.0000000000	860	250	47	46.750000	 22858238.7173609734
   417429.0000002020	   825806.2324218750	   825806.0000000000	238	250	47	45.750000	 22858738.3908689991
   417430.0000001798	   825230.9208984375	   825230.0000000000	943	250	47	45.750000	 22859238.5564732812
   417431.0000001577	   824655.1728515625	   824655.0000000000	177	250	47	48.000000	 22859739.0606120788
   417432.0000001349	   824078.6992187500	   824078.0000000000	716	250	47	47.250000	 22860238.1931626573
   417433.0000001132	   823502.2343750000	   823502.0000000000	240	250	47	46.500000	 22860736.9243575595
   417434.0000000907	   822926.8671875000	   822926.0000000000	888	250	47	48.000000	 22861235.4636000693
   417435.0000002451	   822350.8964843750	   822350.0000000000	918	251	47	47.000000	 22861734.4844185039
   417436.0000002244	   821774.4453125000	   821774.0000000000	456	250	47	46.500000	 22862233.5471675098
   417437.0000002034	   821198.3632812500	   821198.0000000000	372	250	47	46.000000	 22862732.9344910085
   417438.0000001817	   820622.1630859375	   820622.0000000000	167	250	47	46.250000	 22863233.5258808956
   417439.0000001621	   820044.8437500000	   820044.0000000000	864	250	47	47.250000	 22863733.2063679025
   417440.0000001440	   819468.2763671875	   819468.0000000000	283	250	47	47.250000	 22864233.7523861192
   417441.0000001220	   818892.3417968750	   818892.0000000000	350	250	47	47.250000	 22864733.8446993716
   417442.0000000998	   818316.1806640625	   818316.0000000000	185	250	47	47.500000	 22865232.8655682951
   417443.0000002547	   817740.3613281250	   817740.0000000000	370	251	47	46.750000	 22865732.9194404334
   417444.0000002343	   817165.1494140625	   817165.0000000000	153	250	47	46.750000	 22866233.2141759172
   417445.0000002146	   816591.7099609375	   816591.0000000000	727	250	47	47.750000	 22866733.5403216816
   417446.0000001946	   816018.3339843750	   816018.0000000000	342	250	47	46.500000	 22867234.2608427405
   417447.0000001749	   815445.3535156250	   815445.0000000000	362	250	47	46.500000	 22867734.8731723353
   417448.0000001548	   814872.5107421875	   814872.0000000000	523	250	47	45.750000	 22868235.6844347045
   417449.0000001345	   814299.7890625000	   814299.0000000000	808	250	47	47.000000	 22868736.1571625583
   417450.0000001146	   813725.4687500000	   813725.0000000000	480	250	47	46.500000	 22869235.8760401905
   417451.0000000959	   813151.3144531250	   813151.0000000000	322	250	47	46.500000	 22869736.6593817733
   417452.0000002506	   812577.1767578125	   812577.0000000000	181	251	47	46.750000	 22870236.9470870867
   417453.0000002308	   812002.2099609375	   812002.0000000000	215	250	47	45.250000	 22870737.5419664644
   417454.0000002119	   811427.2636718750	   811427.0000000000	270	250	47	45.250000	 22871238.1473157108
   417455.0000001923	   810852.7382812500	   810852.0000000000	756	250	47	44.500000	 22871737.6672605723
   417456.0000001714	   810278.6328125000	   810278.0000000000	648	250	47	44.750000	 22872236.2309329771
   417457.0000001512	   809704.7500000000	   809704.0000000000	768	250	47	44.750000	 22872738.1520302705
   417458.0000001317	   809129.2822265625	   809129.0000000000	289	250	47	46.500000	 22873238.6910688020
   417459.0000001129	   808552.0097656250	   808552.0000000000	10	250	47	47.750000	 22873738.4553167447
   417460.0000000937	   807974.4287109375	   807974.0000000000	439	250	47	46.750000	 22874239.1165068001
   417461.0000002496	   807396.9980468750	   807396.0000000000	1022	251	47	46.500000	 22874739.4495824203
   417462.0000002303	   806820.1337890625	   806820.0000000000	137	250	47	47.750000	 22875239.5035043843
   417463.0000002115	   806243.1503906250	   806243.0000000000	154	250	47	46.000000	 22875740.2519455291
   417464.0000001926	   805665.8740234375	   805665.0000000000	895	250	47	46.000000	 22876240.6967526264
   417465.0000001736	   805088.2451171875	   805088.0000000000	251	250	47	46.250000	 22876740.5517418124
   417466.0000001561	   804510.5966796875	   804510.0000000000	611	250	47	45.250000	 22877240.6998945102
   417467.0000001381	   803934.8447265625	   803934.0000000000	865	250	47	47.750000	 22877741.4239050932
   417468.0000001207	   803360.0625000000	   803360.0000000000	64	250	47	44.250000	 22878242.3398680724
   417469.0000001037	   802785.9023437500	   802785.0000000000	924	250	47	44.000000	 22878744.0585417636
   417470.0000002594	   802212.6210937500	   802212.0000000000	636	251	47	44.250000	 22879244.6429007798
   417471.0000002411	   801638.8300781250	   801638.0000000000	850	250	47	43.500000	 22879745.5483938865
   417472.0000002232	   801064.9873046875	   801064.0000000000	1011	250	47	44.000000	 22880247.3089483604
   417473.0000002052	   800491.0312500000	   800491.0000000000	32	250	47	43.750000	 22880748.1586006545
   417474.0000001872	   799917.3251953125	   799917.0000000000	333	250	47	43.750000	 22881250.4566223547
   417475.0000001695	   799344.4306640625	   799344.0000000000	441	250	47	44.250000	 22881752.4126194157
   417476.0000001530	   798772.8935546875	   798772.0000000000	915	250	47	44.500000	 22882253.4472437277
   417477.0000001377	   798201.5664062500	   798201.0000000000	580	250	47	43.750000	 22882755.9581575654
   417478.0000001211	   797630.3017578125	   797630.0000000000	309	250	47	44.500000	 22883258.6749844924
   417479.0000001041	   797059.3691406250	   797059.0000000000	378	250	47	44.000000	 22883760.8578343801
   417480.0000002620	   796488.5566406250	   796488.0000000000	570	251	47	44.250000	 22884262.7858608626
   417481.0000002454	   795917.2968750000	   795917.0000000000	304	250	47	46.250000	 22884764.2148604989
   417482.0000002295	   795346.1689453125	   795346.0000000000	173	250	47	44.750000	 22885266.7118143104
   417483.0000002135	   794774.8759765625	   794774.0000000000	897	250	47	45.250000	 22885769.7462353446
   417484.0000001967	   794203.2705078125	   794203.0000000000	277	250	47	46.000000	 22886270.8367004991
   417485.0000001814	   793629.7421875000	   793629.0000000000	760	250	47	45.500000	 22886773.3650645539
   417486.0000001652	   793055.9326171875	   793055.0000000000	955	250	47	47.250000	 22887274.8987655006
   417487.0000001499	   792482.7460937500	   792482.0000000000	764	250	47	47.250000	 22887776.0136605538
   417488.0000001336	   791909.6513671875	   791909.0000000000	667	250	47	47.250000	 22888277.6730032116
   417489.0000001193	   791336.6015625000	   791336.0000000000	616	250	47	47.000000	 22888780.0687452070
   417490.0000001041	   790763.9287109375	   790763.0000000000	951	250	47	46.750000	 22889281.9165500700
   417491.0000000885	   790191.6289062500	   790191.0000000000	644	250	47	46.750000	 22889783.2129276469
   417492.0000002480	   789620.0097656250	   789620.0000000000	10	251	47	46.500000	 22890285.0571925305
   417493.0000002329	   789049.5820312500	   789049.0000000000	596	250	47	46.750000	 22890788.5139089823
   417494.0000002168	   788481.2148437500	   788481.0000000000	220	250	47	46.250000	 22891291.7821632288
   417495.0000002001	   787913.6972656250	   787913.0000000000	714	250	47	46.750000	 22891794.9108157307
   417496.0000001846	   787346.3271484375	   787346.0000000000	335	250	47	46.000000	 22892298.6746564209
   417497.0000001686	   786778.4492187500	   786778.0000000000	460	250	47	46.750000	 22892801.4054434076
   417498.0000001528	   786210.4179687500	   786210.0000000000	428	250	47	45.750000	 22893304.2234814838
   417499.0000001375	   785642.5693359375	   785642.0000000000	583	250	47	47.000000	 22893807.3242131993
   417500.0000001229	   785074.3857421875	   785074.0000000000	395	250	47	47.250000	 22894310.7948897108
   417501.0000001082	   784505.8710937500	   784505.0000000000	892	250	47	46.750000	 22894813.4977559112
   417502.0000000933	   783935.1591796875	   783935.0000000000	163	250	47	47.000000	 22895316.2913634218
   417503.0000002538	   783363.7685546875	   783363.0000000000	787	251	47	48.000000	 22895819.4513756782
   417504.0000002399	   782792.1035156250	   782792.0000000000	106	250	47	48.000000	 22896323.2570964843
   417505.0000002247	   782221.0576171875	   782221.0000000000	59	250	47	47.750000	 22896824.9443592317
   417506.0000002081	   781649.6835937500	   781649.0000000000	700	250	47	47.500000	 22897325.8009911776
   417507.0000001930	   781078.0019531250	   781078.0000000000	2	250	47	47.500000	 22897827.8267884105
   417508.0000001788	   780506.1748046875	   780506.0000000000	179	250	47	47.250000	 22898330.9728904329
   417509.0000001646	   779934.3427734375	   779934.0000000000	351	250	47	47.500000	 22898833.3860826455
   417510.0000001506	   779362.5664062500	   779362.0000000000	580	250	47	47.500000	 22899335.1710663177
   417511.0000001369	   778790.0351562500	   778790.0000000000	36	250	47	47.500000	 22899838.0449445397
   417512.0000001243	   778216.1943359375	   778216.0000000000	199	250	47	46.750000	 22900340.9641930647
   417513.0000001123	   777642.0996093750	   777642.0000000000	102	250	47	46.250000	 22900843.8974016197
   417514.0000000995	   777068.4316406250	   777068.0000000000	442	250	47	45.750000	 22901347.1761250384
   417515.0000002607	   776495.2656250000	   776495.0000000000	272	251	47	46.500000	 22901849.2577126212
   417516.0000002476	   775921.6044921875	   775921.0000000000	619	250	47	46.500000	 22902352.2886428013
   417517.0000002345	   775347.9345703125	   775347.0000000000	957	250	47	46.250000	 22902855.2113814838
   417518.0000002214	   774774.6699218750	   774774.0000000000	686	250	47	46.000000	 22903357.6873941869
   417519.0000002083	   774201.8398437500	   774201.0000000000	860	250	47	46.500000	 22903860.8614162989
   417520.0000001951	   773629.3671875000	   773629.0000000000	376	250	47	46.500000	 22904364.1785303392
   417521.0000001824	   773059.0146484375	   773059.0000000000	15	250	47	46.000000	 22904866.1868766546
   417522.0000001678	   772489.0478515625	   772489.0000000000	49	250	47	46.250000	 22905369.6575531662
   417523.0000001548	   771919.1894531250	   771919.0000000000	194	250	47	46.000000	 22905872.8664756827
   417524.0000001420	   771349.2324218750	   771349.0000000000	238	250	47	46.000000	 22906376.4313829616
   417525.0000001292	   770779.0302734375	   770779.0000000000	31	250	47	46.250000	 22906879.1551889032
   417526.0000001181	   770208.5556640625	   770208.0000000000	569	250	47	45.500000	 22907383.0830605365
   417527.0000001076	   769638.1240234375	   769638.0000000000	127	250	47	45.250000	 22907887.1854343787
   417528.0000000947	   769065.6875000000	   769065.0000000000	704	250	47	45.000000	 22908390.4467075430
   417529.0000002587	   768492.5585937500	   768492.0000000000	572	251	47	44.000000	 22908893.7777311243
   417530.0000002469	   767918.4042968750	   767918.0000000000	414	250	47	44.000000	 22909396.2258231044
   417531.0000002352	   767344.3369140625	   767344.0000000000	345	250	47	43.500000	 22909899.2462827489
   417532.0000002233	   766770.2197265625	   766770.0000000000	225	250	47	43.500000	 22910401.5338325463
   417533.0000002118	   766196.2089843750	   766196.0000000000	214	250	47	43.250000	 22910904.7671849914
   417534.0000002002	   765622.5136718750	   765622.0000000000	526	250	47	44.750000	 22911408.1261791214
   417535.0000001885	   765049.0742187500	   765049.0000000000	76	250	47	43.250000	 22911911.1466387622
   417536.0000001770	   764477.6650390625	   764477.0000000000	681	250	47	43.500000	 22912414.5405333564
   417537.0000001654	   763907.3974609375	   763907.0000000000	407	250	47	43.750000	 22912918.9011709429
   417538.0000001542	   763337.7011718750	   763337.0000000000	718	250	47	43.250000	 22913421.3632229194
   417539.0000001440	   762768.1923828125	   762768.0000000000	197	250	47	43.000000	 22913924.2824707776
   417540.0000001334	   762198.6357421875	   762198.0000000000	651	250	47	43.000000	 22914428.2243024372
   417541.0000001224	   761629.1318359375	   761629.0000000000	135	250	47	42.500000	 22914932.0265323892
   417542.0000001112	   761059.9599609375	   761059.0000000000	983	250	47	42.500000	 22915434.7922184467
   417543.0000001007	   760491.6757812500	   760491.0000000000	692	250	47	42.750000	 22915940.0567778610
   417544.0000000896	   759925.3671875000	   759925.0000000000	376	250	47	44.250000	 22916445.9879364371
   417545.0000002542	   759359.9042968750	   759359.0000000000	926	251	47	46.000000	 22916951.3711073957
   417546.0000002432	   758794.2695312500	   758794.0000000000	276	250	47	45.000000	 22917457.2115246616
   417547.0000002328	   758228.6318359375	   758228.0000000000	647	250	47	43.500000	 22917962.2073504627
   417548.0000002224	   757662.9179687500	   757662.0000000000	940	250	47	44.000000	 22918468.3479116186
   417549.0000002120	   757097.3222656250	   757097.0000000000	330	250	47	44.500000	 22918973.4868293554
   417550.0000002015	   756531.5996093750	   756531.0000000000	614	250	47	45.500000	 22919478.1790210754
   417551.0000001915	   755965.5205078125	   755965.0000000000	533	250	47	47.250000	 22919983.7262741625
   417552.0000001815	   755396.9189453125	   755396.0000000000	941	250	47	45.250000	 22920487.5564241707
   417553.0000001725	   754828.5058593750	   754828.0000000000	518	250	47	45.250000	 22920993.2572390288
   417554.0000001624	   754260.6083984375	   754260.0000000000	623	250	47	45.750000	 22921498.3577661365
   417555.0000001515	   753692.3457031250	   753692.0000000000	354	250	47	45.500000	 22922001.9261628762
   417556.0000001422	   753123.9550781250	   753123.0000000000	978	250	47	45.250000	 22922506.5380832218
   417557.0000001319	   752555.4482421875	   752555.0000000000	459	250	47	45.500000	 22923010.2809821367
   417558.0000001223	   751988.3574218750	   751988.0000000000	366	250	47	45.250000	 22923515.9503867514
   417559.0000001136	   751423.3945312500	   751423.0000000000	404	250	47	46.250000	 22924022.0246365294
   417560.0000001052	   750859.2138671875	   750859.0000000000	219	250	47	45.000000	 22924528.0604957156
   417561.0000000959	   750294.9160156250	   750294.0000000000	938	250	47	47.000000	 22925034.1033352464
   417562.0000002615	   749730.9121093750	   749730.0000000000	934	251	47	46.250000	 22925539.3713343590
   417563.0000002536	   749166.6445312500	   749166.0000000000	660	250	47	45.750000	 22926045.1175195239
   417564.0000002456	   748602.8847656250	   748602.0000000000	906	250	47	47.000000	 22926551.4011719152
   417565.0000002367	   748039.0429687500	   748039.0000000000	44	250	47	46.000000	 22927056.7250616662
   417566.0000002293	   747474.7568359375	   747474.0000000000	775	250	47	45.750000	 22927563.1832162663
   417567.0000002199	   746907.7490234375	   746907.0000000000	767	250	47	45.250000	 22928067.1878684498
   417568.0000002130	   746340.3632812500	   746340.0000000000	372	250	47	46.000000	 22928573.2656077519
   417569.0000002051	   745773.0126953125	   745773.0000000000	13	250	47	47.000000	 22929080.2996202037
   417570.0000001958	   745205.9052734375	   745205.0000000000	927	250	47	47.750000	 22929586.1819176190
   417571.0000001876	   744638.7285156250	   744638.0000000000	746	250	47	47.250000	 22930090.8566584215
   417572.0000001811	   744071.4433593750	   744071.0000000000	454	250	47	46.250000	 22930596.3236394376
   417573.0000001735	   743503.8906250000	   743503.0000000000	912	250	47	46.250000	 22931102.7294433527
   417574.0000001643	   742935.1816406250	   742935.0000000000	186	250	47	47.250000	 22931607.0900802687
   417575.0000001568	   742365.3818359375	   742365.0000000000	391	250	47	46.750000	 22932112.0998654030
   417576.0000001488	   741795.4140625000	   741795.0000000000	424	250	47	46.750000	 22932616.8269568905
   417577.0000001412	   741225.8867187500	   741225.0000000000	908	250	47	46.000000	 22933121.8018416204
   417578.0000001337	   740656.7050781250	   740656.0000000000	722	250	47	46.250000	 22933626.8116267510
   417579.0000001263	   740087.4121093750	   740087.0000000000	422	250	47	46.250000	 22934132.4112298265
   417580.0000001186	   739518.2900390625	   739518.0000000000	297	250	47	46.250000	 22934636.7962966114
   417581.0000001110	   738949.2783203125	   738949.0000000000	285	250	47	46.000000	 22935141.9317234904
   417582.0000001038	   738381.4228515625	   738381.0000000000	433	250	47	45.250000	 22935647.4754856899
   417583.0000000964	   737815.0732421875	   737815.0000000000	75	250	47	45.750000	 22936153.5043645278
   417584.0000000902	   737249.1601562500	   737249.0000000000	164	250	47	45.250000	 22936660.2033319548
   417585.0000002563	   736683.5693359375	   736683.0000000000	583	251	47	45.000000	 22937165.7365745232
   417586.0000002474	   736117.5400390625	   736117.0000000000	553	250	47	45.000000	 22937671.1861059852
   417587.0000002417	   735551.4199218750	   735551.0000000000	430	250	47	45.000000	 22938177.8815832548
   417588.0000002359	   734985.1503906250	   734985.0000000000	154	250	47	44.750000	 22938684.1128843278
   417589.0000002298	   734418.9667968750	   734418.0000000000	990	250	47	44.500000	 22939189.5589249022
   417590.0000002231	   733851.8515625000	   733851.0000000000	872	250	47	45.500000	 22939695.5110224895
   417591.0000002170	   733283.3681640625	   733283.0000000000	377	250	47	46.250000	 22940201.3863388598
   417592.0000002111	   732714.5820312500	   732714.0000000000	596	250	47	46.000000	 22940706.5985462554
   417593.0000002050	   732146.4619140625	   732146.0000000000	473	250	47	45.500000	 22941212.3133204766
   417594.0000001984	   731578.7119140625	   731578.0000000000	729	250	47	46.250000	 22941718.0141346380
   417595.0000001928	   731011.7089843750	   731011.0000000000	726	250	47	45.500000	 22942223.8859608173
   417596.0000001863	   730445.8222656250	   730445.0000000000	842	250	47	45.750000	 22942730.3371350728
   417597.0000001799	   729881.2861328125	   729881.0000000000	293	250	47	46.000000	 22943238.2715791650
   417598.0000001734	   729316.6416015625	   729316.0000000000	657	250	47	46.250000	 22943745.2951210812
   417599.0000001675	   728751.9423828125	   728751.0000000000	965	250	47	46.000000	 22944251.2053378522
   417600.0000001629	   728187.2109375000	   728187.0000000000	216	250	47	45.500000	 22944758.5360033400
   417601.0000001572	   727622.5527343750	   727622.0000000000	566	250	47	46.250000	 22945266.0900321342
   417602.0000001513	   727057.9111328125	   727057.0000000000	933	250	47	46.000000	 22945773.0193426162
   417603.0000001454	   726492.7148437500	   726492.0000000000	732	250	47	46.000000	 22946278.5002836250
   417604.0000001406	   725928.0712890625	   725928.0000000000	73	250	47	46.000000	 22946784.1696868725
   417605.0000001357	   725363.7001953125	   725363.0000000000	717	250	47	45.250000	 22947291.5561931729
   417606.0000001299	   724799.4833984375	   724799.0000000000	495	250	47	46.250000	 22947798.4855036512
   417607.0000001244	   724235.3281250000	   724235.0000000000	336	250	47	46.500000	 22948304.5353221670
   417608.0000001205	   723671.4179687500	   723671.0000000000	428	250	47	46.000000	 22948812.2184821665
   417609.0000001145	   723107.8310546875	   723107.0000000000	851	250	47	46.500000	 22949319.6678096876
   417610.0000001083	   722544.5732421875	   722544.0000000000	587	250	47	47.250000	 22949828.0664299801
   417611.0000001008	   721981.5927734375	   721981.0000000000	607	250	47	47.750000	 22950334.6502262615
   417612.0000000937	   721418.8574218750	   721418.0000000000	878	250	47	48.000000	 22950839.9252548479
   417613.0000000881	   720856.2070312500	   720856.0000000000	212	250	47	46.750000	 22951345.6539891288
   417614.0000002607	   720293.8056640625	   720293.0000000000	825	251	47	45.000000	 22951852.7298305072
   417615.0000002574	   719730.9375000000	   719730.0000000000	960	250	47	46.000000	 22952360.1407667063
   417616.0000002540	   719167.9775390625	   719167.0000000000	1001	250	47	46.250000	 22952867.1049769223
   417617.0000002501	   718604.9736328125	   718604.0000000000	997	250	47	46.750000	 22953374.6275948063
   417618.0000002454	   718041.9091796875	   718041.0000000000	931	250	47	47.500000	 22953881.9059096053
   417619.0000002409	   717478.9980468750	   717478.0000000000	1022	250	47	47.500000	 22954389.6658508554
   417620.0000002360	   716916.4316406250	   716916.0000000000	442	250	47	46.500000	 22954895.1747119538
   417621.0000002318	   716353.9648437500	   716353.0000000000	988	250	47	44.500000	 22955400.6242420524
   417622.0000002288	   715790.9765625000	   715790.0000000000	1000	250	47	46.250000	 22955908.2480710223
   417623.0000002254	   715228.0068359375	   715228.0000000000	7	250	47	46.750000	 22956417.2155681513
   417624.0000002202	   714664.9892578125	   714664.0000000000	1013	250	47	46.250000	 22956924.9266489372
   417625.0000002153	   714102.3935546875	   714102.0000000000	403	250	47	45.500000	 22957432.2782547995
   417626.0000002112	   713540.3701171875	   713540.0000000000	379	250	47	46.250000	 22957940.4814318419
   417627.0000002070	   712978.4941406250	   712978.0000000000	506	250	47	46.000000	 22958448.3460743651
   417628.0000002025	   712416.3037109375	   712416.0000000000	311	250	47	46.250000	 22958954.5320044644
   417629.0000002003	   711853.9023437500	   711853.0000000000	924	250	47	46.000000	 22959461.7021271363
   417630.0000001981	   711291.4833984375	   711291.0000000000	495	250	47	45.500000	 22959969.1584336087
   417631.0000001951	   710729.1484375000	   710729.0000000000	152	250	47	45.250000	 22960477.3720805198
   417632.0000001914	   710166.9160156250	   710166.0000000000	938	250	47	45.750000	 22960984.9819494598
   417633.0000001886	   709604.9267578125	   709604.0000000000	949	250	47	45.750000	 22961493.6772227846
   417634.0000001852	   709043.2666015625	   709043.0000000000	273	250	47	46.000000	 22962001.3394424096
   417635.0000001816	   708481.9658203125	   708481.0000000000	989	250	47	45.500000	 22962509.6822211929
   417636.0000001785	   707921.0244140625	   707921.0000000000	25	250	47	45.250000	 22963016.7162322812
   417637.0000001754	   707360.3867187500	   707360.0000000000	396	250	47	45.500000	 22963524.9298791587
   417638.0000001729	   706800.0673828125	   706800.0000000000	69	250	47	45.750000	 22964033.0143942013
   417639.0000001702	   706240.0361328125	   706240.0000000000	37	250	47	45.750000	 22964541.6014760323
   417640.0000001676	   705680.2431640625	   705680.0000000000	249	250	47	46.000000	 22965050.2234582976
   417641.0000001640	   705120.6914062500	   705120.0000000000	708	250	47	45.750000	 22965558.5487868637
   417642.0000001598	   704561.3886718750	   704561.0000000000	398	250	47	46.000000	 22966066.7170634679
   417643.0000001554	   704002.3261718750	   704002.0000000000	334	250	47	46.000000	 22966575.6391902938
   417644.0000001517	   703443.5234375000	   703443.0000000000	536	250	47	46.250000	 22967084.5368865505
   417645.0000001479	   702884.9531250000	   702884.0000000000	976	250	47	46.250000	 22967593.5078738406
   417646.0000001448	   702326.6757812500	   702326.0000000000	692	250	47	46.250000	 22968101.9728041478
   417647.0000001412	   701768.6025390625	   701768.0000000000	617	250	47	46.000000	 22968610.8879506215
   417648.0000001381	   701210.6884765625	   701210.0000000000	705	250	47	46.000000	 22969119.9252486229
   417649.0000001350	   700653.0263671875	   700653.0000000000	27	250	47	46.750000	 22969627.9958036058
   417650.0000001318	   700095.5644531250	   700095.0000000000	578	250	47	46.250000	 22970135.2810980864
   417651.0000001278	   699538.2841796875	   699538.0000000000	291	250	47	45.500000	 22970643.6448172778
   417652.0000001239	   698981.2187500000	   698981.0000000000	224	250	47	46.000000	 22971152.4378122315
   417653.0000001197	   698424.3076171875	   698424.0000000000	315	250	47	46.250000	 22971661.4471901432
   417654.0000001161	   697867.6220703125	   697867.0000000000	637	250	47	45.750000	 22972169.7899689265
   417655.0000001130	   697311.1035156250	   697311.0000000000	106	250	47	45.500000	 22972678.8447171450
   417656.0000001104	   696754.8095703125	   696754.0000000000	829	250	47	45.500000	 22973188.0216168538
   417657.0000001083	   696198.7753906250	   696198.0000000000	794	250	47	45.000000	 22973697.9453864694
   417658.0000001055	   695642.8291015625	   695642.0000000000	849	250	47	45.250000	 22974207.1048359945
   417659.0000001034	   695087.0585937500	   695087.0000000000	60	250	47	45.250000	 22974717.1716975085
   417660.0000001011	   694531.5791015625	   694531.0000000000	593	250	47	45.000000	 22975226.8825743198
   417661.0000000981	   693976.2617187500	   693976.0000000000	268	250	47	45.250000	 22975737.0995081477
   417662.0000000945	   693421.1416015625	   693421.0000000000	145	250	47	45.500000	 22976246.3008384518
   417663.0000000923	   692866.2304687500	   692866.0000000000	236	250	47	46.250000	 22976756.3327995315
   417664.0000000895	   692311.4394531250	   692311.0000000000	450	250	47	46.000000	 22977266.1902584322
   417665.0000002620	   691757.0751953125	   691757.0000000000	77	251	47	46.000000	 22977775.7894037664
   417666.0000002591	   691202.6396484375	   691202.0000000000	655	250	47	46.250000	 22978286.6136057228
   417667.0000002547	   690648.4072265625	   690648.0000000000	417	250	47	46.500000	 22978795.7137249112
   417668.0000002501	   690094.3125000000	   690094.0000000000	320	250	47	46.000000	 22979304.4578593671
   417669.0000002460	   689540.4804687500	   689540.0000000000	492	250	47	45.750000	 22979813.7883215807
   417670.0000002415	   688986.9121093750	   688986.0000000000	934	250	47	46.000000	 22980322.5499062538
   417671.0000002378	   688433.6123046875	   688433.0000000000	627	250	47	46.000000	 22980831.5557940118
   417672.0000002338	   687880.4531250000	   687880.0000000000	464	250	47	45.750000	 22981339.6158791184
   417673.0000002310	   687327.5341796875	   687327.0000000000	547	250	47	45.500000	 22981849.4907882363
   417674.0000002276	   686774.8369140625	   686774.0000000000	857	250	47	45.500000	 22982358.7270190157
   417675.0000002242	   686222.4365234375	   686222.0000000000	447	250	47	45.500000	 22982867.9632497579
   417676.0000002214	   685670.2675781250	   685670.0000000000	274	250	47	45.250000	 22983376.2641477250
   417677.0000002188	   685118.3408203125	   685118.0000000000	349	250	47	45.000000	 22983884.8861299902
   417678.0000002158	   684566.6855468750	   684566.0000000000	702	250	47	45.000000	 22984394.6737880558
   417679.0000002120	   684015.1992187500	   684015.0000000000	204	250	47	45.250000	 22984904.5207770839
   417680.0000002082	   683463.8857421875	   683463.0000000000	907	250	47	45.000000	 22985414.0641320981
   417681.0000002042	   682912.7705078125	   682912.0000000000	789	250	47	44.500000	 22985923.8587704748
   417682.0000002002	   682361.9013671875	   682361.0000000000	923	250	47	44.500000	 22986433.5103169531
   417683.0000001965	   681811.3232421875	   681811.0000000000	331	250	47	44.500000	 22986943.3747562319
   417684.0000001923	   681260.9628906250	   681260.0000000000	986	250	47	44.250000	 22987452.0979503170
   417685.0000001891	   680710.8066406250	   680710.0000000000	826	250	47	44.250000	 22987961.1003478803
   417686.0000001864	   680160.8974609375	   680160.0000000000	919	250	47	44.250000	 22988471.8687089607
   417687.0000001831	   679611.2001953125	   679611.0000000000	205	250	47	44.500000	 22988982.5533091389
   417688.0000001793	   679061.6679687500	   679061.0000000000	684	250	47	45.000000	 22989493.4193918779
   417689.0000001761	   678512.3525390625	   678512.0000000000	361	250	47	44.750000	 22990004.1388924941
   417690.0000001726	   677963.2304687500	   677963.0000000000	236	250	47	45.000000	 22990515.6645940132
   417691.0000001697	   677414.3193359375	   677414.0000000000	327	250	47	45.250000	 22991027.3298972435
   417692.0000001664	   676865.6425781250	   676865.0000000000	658	250	47	45.250000	 22991538.1924897917
   417693.0000001633	   676317.1455078125	   676317.0000000000	149	250	47	45.250000	 22992048.5176150799
   417694.0000001608	   675768.8447265625	   675768.0000000000	865	250	47	45.250000	 22992558.8916008659
   417695.0000001581	   675220.7548828125	   675220.0000000000	773	250	47	45.250000	 22993069.9286955558
   417696.0000001554	   674672.8837890625	   674672.0000000000	905	250	47	45.500000	 22993580.8052481636
   417697.0000001524	   674125.1601562500	   674125.0000000000	164	250	47	45.500000	 22994091.4863581546
   417698.0000001490	   673577.6503906250	   673577.0000000000	666	250	47	45.500000	 22994601.4205983058
   417699.0000001455	   673030.3808593750	   673030.0000000000	390	250	47	45.250000	 22995112.4995738156
   417700.0000001414	   672483.3623046875	   672483.0000000000	371	250	47	45.750000	 22995622.8316794820
   417701.0000001373	   671936.5537109375	   671936.0000000000	567	250	47	45.750000	 22996133.1463349015
   417702.0000001334	   671389.9414062500	   671389.0000000000	964	250	47	46.000000	 22996643.5482414402
   417703.0000001299	   670843.4833984375	   670843.0000000000	495	250	47	45.750000	 22997153.4824815914
   417704.0000001267	   670297.2041015625	   670297.0000000000	209	250	47	45.750000	 22997664.4881660379
   417705.0000001235	   669751.0751953125	   669751.0000000000	77	250	47	46.000000	 22998175.2425670885
   417706.0000001204	   669205.1513671875	   669205.0000000000	155	250	47	46.000000	 22998686.4436941519
   417707.0000001171	   668659.4355468750	   668659.0000000000	446	250	47	46.000000	 22999197.7181122452
   417708.0000001134	   668113.9228515625	   668113.0000000000	945	250	47	46.000000	 22999709.4427464753
   417709.0000001097	   667568.5605468750	   667568.0000000000	574	250	47	46.500000	 23000220.1657372788
   417710.0000001069	   667023.3798828125	   667023.0000000000	389	250	47	46.250000	 23000732.0439333469
   417711.0000001038	   666478.4013671875	   666478.0000000000	411	250	47	46.000000	 23001243.2450603768
   417712.0000001015	   665933.6347656250	   665933.0000000000	650	250	47	46.000000	 23001754.2437644750
   417713.0000000994	   665389.0966796875	   665389.0000000000	99	250	47	46.000000	 23002265.1517273299
   417714.0000000957	   664844.7412109375	   664844.0000000000	759	250	47	45.750000	 23002775.7490764223
   417715.0000000928	   664300.5869140625	   664300.0000000000	601	250	47	45.500000	 23003286.8594621755
   417716.0000000894	   663756.5488281250	   663756.0000000000	562	250	47	45.750000	 23003797.5440623872
   417717.0000002615	   663212.9804687500	   663212.0000000000	1004	251	47	45.750000	 23004308.4694256335
   417718.0000002582	   662669.2763671875	   662669.0000000000	283	250	47	45.250000	 23004819.6007517949
   417719.0000002559	   662125.7587890625	   662125.0000000000	777	250	47	45.250000	 23005330.4563639611
   417720.0000002530	   661582.4433593750	   661582.0000000000	454	250	47	45.000000	 23005841.7098416798
   417721.0000002506	   661039.3056640625	   661039.0000000000	313	250	47	44.750000	 23006351.6894521043
   417722.0000002484	   660496.2812500000	   660496.0000000000	288	250	47	44.250000	 23006862.1681391634
   417723.0000002468	   659953.5019531250	   659953.0000000000	514	250	47	44.500000	 23007373.9486135691
   417724.0000002443	   659410.9433593750	   659410.0000000000	966	250	47	44.250000	 23007885.8966105059
   417725.0000002424	   658868.5390625000	   658868.0000000000	552	250	47	44.000000	 23008397.1605580598
   417726.0000002400	   658326.2480468750	   658326.0000000000	254	250	47	43.750000	 23008908.8747217543
   417727.0000002374	   657784.1279296875	   657784.0000000000	131	250	47	43.750000	 23009420.7878182232
   417728.0000002343	   657242.1328125000	   657242.0000000000	136	250	47	43.750000	 23009933.5629564039
   417729.0000002306	   656700.2890625000	   656700.0000000000	296	250	47	44.000000	 23010444.8408646844
   417730.0000002279	   656158.5917968750	   656158.0000000000	606	250	47	43.750000	 23010955.5917755812
   417731.0000002251	   655617.1123046875	   655617.0000000000	115	250	47	43.500000	 23011465.4666846991
   417732.0000002231	   655075.8320312500	   655075.0000000000	852	250	47	43.250000	 23011976.2664560564
   417733.0000002215	   654534.7001953125	   654534.0000000000	717	250	47	43.000000	 23012488.0469304621
   417734.0000002190	   653993.6923828125	   653993.0000000000	709	250	47	43.250000	 23012998.8676421940
   417735.0000002172	   653452.8876953125	   653452.0000000000	909	250	47	43.000000	 23013510.5783157311
   417736.0000002146	   652912.2324218750	   652912.0000000000	238	250	47	43.500000	 23014022.7950462811
   417737.0000002122	   652371.7548828125	   652371.0000000000	773	250	47	43.750000	 23014536.4775964506
   417738.0000002090	   651831.4560546875	   651831.0000000000	467	250	47	43.750000	 23015049.9332938232
   417739.0000002062	   651291.2871093750	   651291.0000000000	294	250	47	43.750000	 23015561.8114898577
   417740.0000002036	   650751.2519531250	   650751.0000000000	258	250	47	43.750000	 23016074.8693217114
   417741.0000002008	   650211.3984375000	   650211.0000000000	408	250	47	43.750000	 23016587.8748028837
   417742.0000001976	   649671.7070312500	   649671.0000000000	724	250	47	44.000000	 23017100.3114065826
   417743.0000001956	   649132.1328125000	   649132.0000000000	136	250	47	44.000000	 23017612.2733635120
   417744.0000001939	   648592.7041015625	   648592.0000000000	721	250	47	44.000000	 23018124.3225715645
   417745.0000001926	   648053.4160156250	   648053.0000000000	426	250	47	44.000000	 23018638.0679422580
   417746.0000001899	   647514.3017578125	   647514.0000000000	309	250	47	44.500000	 23019151.6632413417
   417747.0000001877	   646975.3193359375	   646975.0000000000	327	250	47	44.500000	 23019664.4139489606
   417748.0000001862	   646436.4833984375	   646436.0000000000	495	250	47	44.250000	 23020176.5329578519
   417749.0000001856	   645897.8242187500	   645897.0000000000	844	250	47	44.500000	 23020690.4877311923
   417750.0000001841	   645359.3115234375	   645359.0000000000	319	250	47	44.750000	 23021204.1458507963
   417751.0000001827	   644820.9853515625	   644820.0000000000	1009	250	47	45.000000	 23021717.7132291235
   417752.0000001808	   644282.7919921875	   644282.0000000000	811	250	47	45.000000	 23022230.1393622868
   417753.0000001796	   643744.7607421875	   643744.0000000000	779	250	47	44.750000	 23022742.7574478090
   417754.0000001781	   643206.9003906250	   643206.0000000000	922	250	47	44.500000	 23023256.0211920887
   417755.0000001764	   642669.2041015625	   642669.0000000000	209	250	47	44.500000	 23023768.9115014486
   417756.0000001745	   642131.6474609375	   642131.0000000000	663	250	47	44.250000	 23024281.6238184422
   417757.0000001730	   641594.2548828125	   641594.0000000000	261	250	47	44.750000	 23024794.7270205729
   417758.0000001709	   641057.0703125000	   641057.0000000000	72	250	47	45.000000	 23025308.5142720491
   417759.0000001687	   640519.9619140625	   640519.0000000000	985	250	47	45.000000	 23025821.4255218171
   417760.0000001665	   639982.9726562500	   639982.0000000000	996	250	47	44.750000	 23026333.7295034230
   417761.0000001641	   639446.0869140625	   639446.0000000000	89	250	47	44.750000	 23026846.2847684547
   417762.0000001612	   638909.4199218750	   638909.0000000000	430	250	47	44.750000	 23027359.1122572906
   417763.0000001591	   638372.8964843750	   638372.0000000000	918	250	47	45.250000	 23027872.1840491742
   417764.0000001578	   637836.5253906250	   637836.0000000000	538	250	47	45.250000	 23028384.9277764112
   417765.0000001572	   637300.2988281250	   637300.0000000000	306	250	47	45.000000	 23028897.8634560779
   417766.0000001566	   636764.1542968750	   636764.0000000000	158	250	47	45.000000	 23029411.3889536224
   417767.0000001559	   636228.1425781250	   636228.0000000000	146	250	47	45.000000	 23029924.8970009498
   417768.0000001549	   635692.2988281250	   635692.0000000000	306	250	47	44.750000	 23030437.7279792801
   417769.0000001536	   635156.5488281250	   635156.0000000000	562	250	47	44.750000	 23030950.1680724695
   417770.0000001524	   634620.9619140625	   634620.0000000000	985	250	47	44.750000	 23031464.0914355293
   417771.0000001510	   634085.5146484375	   634085.0000000000	527	250	47	45.000000	 23031977.6588138565
   417772.0000001499	   633550.2070312500	   633550.0000000000	212	250	47	45.000000	 23032491.0098092258
   417773.0000001491	   633015.0146484375	   633015.0000000000	15	250	47	45.000000	 23033004.3224139698
   417774.0000001488	   632479.9462890625	   632479.0000000000	969	250	47	44.500000	 23033518.5249805152
   417775.0000001480	   631944.9902343750	   631944.0000000000	1014	250	47	44.750000	 23034032.6786865965
   417776.0000001473	   631410.2001953125	   631410.0000000000	205	250	47	44.500000	 23034547.0278352313
   417777.0000001465	   630875.5322265625	   630875.0000000000	545	250	47	45.000000	 23035061.2164417170
   417778.0000001459	   630340.9365234375	   630340.0000000000	959	250	47	45.000000	 23035575.8866746500
   417779.0000001446	   629806.5283203125	   629806.0000000000	541	250	47	45.000000	 23036090.0438708924
   417780.0000001434	   629272.2255859375	   629272.0000000000	231	250	47	45.250000	 23036603.8241420202
   417781.0000001438	   628737.9677734375	   628737.0000000000	991	250	47	45.250000	 23037117.2170175053
   417782.0000001446	   628203.8574218750	   628203.0000000000	878	250	47	45.000000	 23037632.2886054479
   417783.0000001434	   627669.9375000000	   627669.0000000000	960	250	47	45.500000	 23038146.3376101889
   417784.0000001424	   627136.1298828125	   627136.0000000000	133	250	47	45.500000	 23038660.6169579886
   417785.0000001412	   626602.4853515625	   626602.0000000000	497	250	47	45.250000	 23039173.0745013617
   417786.0000001405	   626068.9892578125	   626068.0000000000	1013	250	47	45.000000	 23039686.7081904039
   417787.0000001409	   625535.6259765625	   625535.0000000000	641	250	47	45.000000	 23040202.5336285643
   417788.0000001406	   625002.3603515625	   625002.0000000000	369	250	47	45.250000	 23040717.7378385663
   417789.0000001406	   624469.1855468750	   624469.0000000000	190	250	47	45.250000	 23041232.5651234277
   417790.0000001403	   623936.1806640625	   623936.0000000000	185	250	47	44.750000	 23041746.3384142108
   417791.0000001407	   623403.2539062500	   623403.0000000000	260	250	47	45.000000	 23042261.4309425279
   417792.0000001398	   622870.4082031250	   622870.0000000000	418	250	47	45.250000	 23042776.1570163034
   417793.0000001398	   622337.6982421875	   622337.0000000000	715	250	47	45.000000	 23043289.4102900140
   417794.0000001401	   621805.1142578125	   621805.0000000000	117	250	47	44.500000	 23043804.0735426024
   417795.0000001409	   621272.6953125000	   621272.0000000000	712	250	47	45.000000	 23044319.3056726605
   417796.0000001416	   620740.3271484375	   620740.0000000000	335	250	47	45.250000	 23044834.6459942162
   417797.0000001423	   620208.0439453125	   620208.0000000000	45	250	47	45.250000	 23045349.2534059584
   417798.0000001419	   619675.9140625000	   619675.0000000000	936	250	47	45.250000	 23045863.9934397303
   417799.0000001417	   619143.8759765625	   619143.0000000000	897	250	47	45.250000	 23046379.1976497322
   417800.0000001417	   618611.9589843750	   618611.0000000000	982	250	47	45.500000	 23046894.4891108237
   417801.0000001426	   618080.2275390625	   618080.0000000000	233	250	47	45.750000	 23047409.0232314765
   417802.0000001439	   617548.5830078125	   617548.0000000000	597	250	47	45.250000	 23047922.9814943075
   417803.0000001451	   617017.0468750000	   617017.0000000000	48	250	47	45.000000	 23048436.8874064535
   417804.0000001461	   616485.6347656250	   616485.0000000000	650	250	47	45.000000	 23048951.0271518081
   417805.0000001467	   615954.2949218750	   615954.0000000000	302	250	47	45.000000	 23049464.4898281656
   417806.0000001474	   615423.0976562500	   615423.0000000000	100	250	47	45.000000	 23049978.5248721801
   417807.0000001485	   614891.9677734375	   614891.0000000000	991	250	47	44.750000	 23050492.5564260408
   417808.0000001502	   614360.9726562500	   614360.0000000000	996	250	47	45.000000	 23051007.7641255334
   417809.0000001508	   613830.0810546875	   613830.0000000000	83	250	47	45.250000	 23051522.9439049736
   417810.0000001526	   613299.3378906250	   613299.0000000000	346	250	47	45.250000	 23052038.0259627514
   417811.0000001547	   612768.7021484375	   612768.0000000000	719	250	47	45.250000	 23052553.0696299076
   417812.0000001572	   612238.1855468750	   612238.0000000000	190	250	47	45.250000	 23053068.6647243798
   417813.0000001597	   611707.7539062500	   611707.0000000000	772	250	47	45.500000	 23053584.5634529032
   417814.0000001622	   611177.5097656250	   611177.0000000000	522	250	47	45.750000	 23054099.8549132980
   417815.0000001641	   610647.3369140625	   610647.0000000000	345	250	47	45.500000	 23054615.2755055949
   417816.0000001660	   610117.2919921875	   610117.0000000000	299	250	47	46.000000	 23055131.4115574844
   417817.0000001675	   609587.3671875000	   609587.0000000000	376	250	47	46.250000	 23055648.1234672591
   417818.0000001689	   609057.5634765625	   609057.0000000000	577	250	47	46.250000	 23056163.9768254720
   417819.0000001706	   608527.8886718750	   608527.0000000000	910	250	47	46.000000	 23056679.8999845609
   417820.0000001722	   607998.2753906250	   607998.0000000000	282	250	47	45.750000	 23057195.6451513134
   417821.0000001739	   607468.8095703125	   607468.0000000000	829	250	47	45.750000	 23057711.1564848572
   417822.0000001770	   606939.4648437500	   606939.0000000000	476	250	47	45.750000	 23058225.9069878310
   417823.0000001813	   606410.2089843750	   606410.0000000000	214	250	47	45.500000	 23058742.3292228878
   417824.0000001840	   605881.0615234375	   605881.0000000000	63	250	47	45.500000	 23059258.4233939946
   417825.0000001865	   605352.0117187500	   605352.0000000000	12	250	47	45.750000	 23059775.3063157573
   417826.0000001877	   604823.0292968750	   604823.0000000000	30	250	47	45.500000	 23060290.5000551902
   417827.0000001886	   604294.1318359375	   604294.0000000000	135	250	47	45.250000	 23060805.7670857161
   417828.0000001894	   603765.3837890625	   603765.0000000000	393	250	47	45.500000	 23061321.5715834685
   417829.0000001906	   603236.8027343750	   603236.0000000000	822	250	47	45.500000	 23061837.9275085106
   417830.0000001919	   602708.3574218750	   602708.0000000000	366	250	47	45.750000	 23062354.3008837663
   417831.0000001932	   602180.0185546875	   602180.0000000000	19	250	47	45.750000	 23062870.2449832596
   417832.0000001952	   601651.7353515625	   601651.0000000000	753	250	47	45.250000	 23063386.2728436887
   417833.0000001978	   601123.5986328125	   601123.0000000000	613	250	47	45.250000	 23063903.3163075671
   417834.0000002002	   600595.5253906250	   600595.0000000000	538	250	47	44.750000	 23064418.4472258426
   417835.0000002037	   600067.5019531250	   600067.0000000000	514	250	47	44.500000	 23064933.7840565406
   417836.0000002069	   599539.6220703125	   599539.0000000000	637	250	47	44.000000	 23065449.4454616979
   417837.0000002098	   599011.8505859375	   599011.0000000000	871	250	47	44.250000	 23065966.0038089678
   417838.0000002120	   598484.1601562500	   598484.0000000000	164	250	47	43.750000	 23066481.5116523542
   417839.0000002144	   597956.6220703125	   597956.0000000000	637	250	47	43.500000	 23066996.8031127453
   417840.0000002172	   597429.1582031250	   597429.0000000000	162	250	47	43.500000	 23067512.3423663788
   417841.0000002206	   596901.7871093750	   596901.0000000000	806	250	47	43.750000	 23068028.3423060179
   417842.0000002244	   596374.4990234375	   596374.0000000000	511	250	47	44.000000	 23068543.8920295201
   417843.0000002285	   595847.3671875000	   595847.0000000000	376	250	47	43.750000	 23069059.9757300913
   417844.0000002321	   595320.3164062500	   595320.0000000000	324	250	47	43.750000	 23069576.3316544294
   417845.0000002359	   594793.3876953125	   594793.0000000000	397	250	47	43.500000	 23070092.4537456259
   417846.0000002400	   594266.5419921875	   594266.0000000000	555	250	47	43.750000	 23070608.8236300275
   417847.0000002449	   593739.7861328125	   593739.0000000000	805	250	47	43.500000	 23071125.4029170424
   417848.0000002497	   593213.1689453125	   593213.0000000000	173	250	47	43.250000	 23071641.2492942140
   417849.0000002544	   592686.6992187500	   592686.0000000000	716	250	47	43.250000	 23072157.7936807908
   417850.0000002587	   592160.2880859375	   592160.0000000000	295	250	47	43.250000	 23072674.2333660647
   417851.0000000888	   591633.7246093750	   591633.0000000000	742	249	47	43.250000	 23073190.5125590116
   417852.0000000942	   591107.4931640625	   591107.0000000000	505	250	47	43.250000	 23073707.8212656826
   417853.0000000987	   590581.3808593750	   590581.0000000000	390	250	47	43.500000	 23074225.2974948473
   417854.0000001027	   590055.3525390625	   590055.0000000000	361	250	47	43.500000	 23074743.5101240128
   417855.0000001062	   589529.3867187500	   589529.0000000000	396	250	47	43.500000	 23075260.6896994747
   417856.0000001098	   589003.5537109375	   589003.0000000000	567	250	47	43.750000	 23075778.1903592050
   417857.0000001139	   588477.8095703125	   588477.0000000000	829	250	47	44.000000	 23076295.8306206763
   417858.0000001178	   587952.2011718750	   587952.0000000000	206	250	47	44.500000	 23076813.7047153562
   417859.0000001212	   587426.6796875000	   587426.0000000000	696	250	47	44.250000	 23077331.1530244313
   417860.0000001258	   586901.2333984375	   586901.0000000000	239	250	47	44.250000	 23077848.3605199829
   417861.0000001304	   586375.8720703125	   586375.0000000000	893	250	47	44.250000	 23078365.8716495857
   417862.0000001355	   585850.6132812500	   585850.0000000000	628	250	47	44.500000	 23078883.2536472790
   417863.0000001406	   585325.4277343750	   585325.0000000000	438	250	47	44.500000	 23079399.7770934850
   417864.0000001462	   584800.3378906250	   584800.0000000000	346	250	47	44.250000	 23079915.7072315551
   417865.0000001517	   584275.2734375000	   584275.0000000000	280	250	47	44.250000	 23080432.5133714005
   417866.0000001573	   583750.3359375000	   583750.0000000000	344	250	47	44.250000	 23080949.4451529570
   417867.0000001623	   583225.4658203125	   583225.0000000000	477	250	47	44.000000	 23081466.5060663894
   417868.0000001683	   582700.6914062500	   582700.0000000000	708	250	47	44.000000	 23081982.2896224037
   417869.0000001753	   582175.9804687500	   582175.0000000000	1004	250	47	43.750000	 23082500.5336611457
   417870.0000001811	   581651.3320312500	   581651.0000000000	340	250	47	44.250000	 23083018.4112453200
   417871.0000001867	   581126.7646484375	   581126.0000000000	783	250	47	44.500000	 23083536.5052124523
   417872.0000001926	   580602.2744140625	   580602.0000000000	281	250	47	44.500000	 23084054.1140629798
   417873.0000001983	   580077.9306640625	   580077.0000000000	953	250	47	44.500000	 23084571.7962046005
   417874.0000002034	   579553.6357421875	   579553.0000000000	651	250	47	44.500000	 23085090.3403879032
   417875.0000002083	   579029.4208984375	   579029.0000000000	431	250	47	44.750000	 23085609.0835039467
   417876.0000002129	   578505.3164062500	   578505.0000000000	324	250	47	45.000000	 23086127.0239093080
   417877.0000002177	   577981.2773437500	   577981.0000000000	284	250	47	45.000000	 23086644.7304814942
   417878.0000002226	   577457.3417968750	   577457.0000000000	350	250	47	45.000000	 23087162.7755881660
   417879.0000002279	   576933.4824218750	   576933.0000000000	494	250	47	45.250000	 23087679.9063024670
   417880.0000002340	   576409.7031250000	   576409.0000000000	720	250	47	45.000000	 23088197.2987700328
   417881.0000002407	   575886.0039062500	   575886.0000000000	4	250	47	45.000000	 23088714.7400980964
   417882.0000002476	   575362.4189453125	   575362.0000000000	429	250	47	45.000000	 23089233.6297955625
   417883.0000002544	   574838.8437500000	   574838.0000000000	864	250	47	45.250000	 23089752.3764011338
   417884.0000002617	   574315.3583984375	   574315.0000000000	367	250	47	45.250000	 23090270.5645990334
   417885.0000000931	   573791.7714843750	   573791.0000000000	790	249	47	45.250000	 23090788.6760662086
   417886.0000001003	   573268.4521484375	   573268.0000000000	463	250	47	45.000000	 23091306.0964538343
   417887.0000001076	   572745.2197265625	   572745.0000000000	225	250	47	45.000000	 23091824.4277436659
   417888.0000001147	   572222.0527343750	   572222.0000000000	54	250	47	45.000000	 23092342.0994147174
   417889.0000001218	   571698.9365234375	   571698.0000000000	959	250	47	44.750000	 23092859.7885360196
   417890.0000001287	   571175.8769531250	   571175.0000000000	898	250	47	44.750000	 23093377.1391227692
   417891.0000001363	   570652.8955078125	   570652.0000000000	917	250	47	44.750000	 23093895.5402134769
   417892.0000001439	   570129.9853515625	   570129.0000000000	1009	250	47	44.750000	 23094413.2432948053
   417893.0000001513	   569607.1914062500	   569607.0000000000	196	250	47	44.750000	 23094930.7509335168
   417894.0000001583	   569084.4570312500	   569084.0000000000	468	250	47	44.750000	 23095448.5307960659
   417895.0000001644	   568561.7587890625	   568561.0000000000	777	250	47	44.750000	 23095966.7818151563
   417896.0000001713	   568039.1142578125	   568039.0000000000	117	250	47	44.750000	 23096485.4202292301
   417897.0000001783	   567516.5615234375	   567516.0000000000	575	250	47	44.750000	 23097003.6468177550
   417898.0000001857	   566994.0302734375	   566994.0000000000	31	250	47	45.250000	 23097522.1386497393
   417899.0000001939	   566471.5996093750	   566471.0000000000	614	250	47	45.500000	 23098041.6076945812
   417900.0000002021	   565949.2197265625	   565949.0000000000	225	250	47	45.500000	 23098560.3263793960
   417901.0000002101	   565426.8945312500	   565426.0000000000	916	250	47	45.750000	 23099079.1532556750
   417902.0000002178	   564904.6123046875	   564904.0000000000	627	250	47	46.000000	 23099598.0010723583
   417903.0000002258	   564382.3886718750	   564382.0000000000	398	250	47	46.250000	 23100117.5434082635
   417904.0000002343	   563860.2343750000	   563860.0000000000	240	250	47	46.250000	 23100636.8135203645
   417905.0000002432	   563338.1523437500	   563338.0000000000	156	250	47	46.000000	 23101156.3139754534
   417906.0000002516	   562816.1279296875	   562816.0000000000	131	250	47	46.500000	 23101675.1024611369
   417907.0000002595	   562294.2138671875	   562294.0000000000	219	250	47	46.500000	 23102194.7529885061
   417908.0000000914	   561772.1054687500	   561772.0000000000	108	249	47	46.500000	 23102713.0040574223
   417909.0000000999	   561250.3408203125	   561250.0000000000	349	250	47	46.000000	 23103230.7001583725
   417910.0000001090	   560728.6083984375	   560728.0000000000	623	250	47	45.750000	 23103749.8236883506
   417911.0000001188	   560206.9287109375	   560206.0000000000	951	250	47	46.000000	 23104268.6191537157
   417912.0000001296	   559685.3554687500	   559685.0000000000	364	250	47	45.750000	 23104787.7112727500
   417913.0000001400	   559163.8300781250	   559163.0000000000	850	250	47	46.000000	 23105306.3950564303
   417914.0000001505	   558642.3349609375	   558642.0000000000	343	250	47	45.750000	 23105826.0979337841
   417915.0000001604	   558120.8974609375	   558120.0000000000	919	250	47	45.750000	 23106346.0555847250
   417916.0000001708	   557599.5371093750	   557599.0000000000	550	250	47	45.750000	 23106866.8857472502
   417917.0000001803	   557078.2617187500	   557078.0000000000	268	250	47	46.250000	 23107386.4176126160
   417918.0000001895	   556557.0625000000	   556557.0000000000	64	250	47	46.250000	 23107905.5934932493
   417919.0000001998	   556035.8828125000	   556035.0000000000	904	250	47	46.250000	 23108425.4045621008
   417920.0000002105	   555514.7548828125	   555514.0000000000	773	250	47	46.500000	 23108945.7496080212
   417921.0000002201	   554993.6376953125	   554993.0000000000	653	250	47	46.500000	 23109464.6183644161
   417922.0000002309	   554472.6250000000	   554472.0000000000	640	250	47	46.250000	 23109983.9792170934
   417923.0000002420	   553951.6416015625	   553951.0000000000	657	250	47	46.250000	 23110504.1602306738
   417924.0000002526	   553430.7197265625	   553430.0000000000	737	250	47	46.250000	 23111024.3272842281
   417925.0000000875	   552909.6435546875	   552909.0000000000	659	249	47	46.000000	 23111543.9150402285
   417926.0000000981	   552388.8691406250	   552388.0000000000	890	250	47	45.750000	 23112063.4922759049
   417927.0000001084	   551868.1259765625	   551868.0000000000	129	250	47	45.750000	 23112582.5704349093
   417928.0000001193	   551347.4609375000	   551347.0000000000	472	250	47	45.000000	 23113102.6990978383
   417929.0000001298	   550826.8398437500	   550826.0000000000	860	250	47	45.000000	 23113620.5417802110
   417930.0000001401	   550306.2812500000	   550306.0000000000	288	250	47	44.750000	 23114138.6182957590
   417931.0000001515	   549785.8232421875	   549785.0000000000	843	250	47	44.750000	 23114659.1552940756
   417932.0000001623	   549265.4160156250	   549265.0000000000	426	250	47	45.250000	 23115179.2490566000
   417933.0000001733	   548745.0908203125	   548745.0000000000	93	250	47	45.250000	 23115698.9658939801
   417934.0000001842	   548224.7568359375	   548224.0000000000	775	250	47	44.750000	 23116218.0754632354
   417935.0000001964	   547704.4462890625	   547704.0000000000	457	250	47	44.500000	 23116738.3018471189
   417936.0000002083	   547184.1708984375	   547184.0000000000	175	250	47	44.750000	 23117259.7113570198
   417937.0000002199	   546663.9853515625	   546663.0000000000	1009	250	47	44.750000	 23117780.4612481073
   417938.0000002327	   546143.8857421875	   546143.0000000000	907	250	47	44.750000	 23118300.7190422714
   417939.0000002463	   545623.8515625000	   545623.0000000000	872	250	47	44.500000	 23118822.0971411951
   417940.0000002590	   545103.7988281250	   545103.0000000000	818	250	47	44.750000	 23119343.3216783479
   417941.0000000975	   544583.5878906250	   544583.0000000000	602	249	47	44.500000	 23119864.5462653264
   417942.0000001100	   544063.7548828125	   544063.0000000000	773	250	47	44.750000	 23120385.4322679974
   417943.0000001230	   543543.9218750000	   543543.0000000000	944	250	47	44.500000	 23120906.0285966471
   417944.0000001362	   543024.1201171875	   543024.0000000000	123	250	47	44.500000	 23121426.9809099957
   417945.0000001491	   542504.4482421875	   542504.0000000000	459	250	47	44.000000	 23121947.6854301095
   417946.0000001605	   541984.7910156250	   541984.0000000000	810	250	47	43.750000	 23122466.1109500118
   417947.0000001735	   541465.1796875000	   541465.0000000000	184	250	47	43.250000	 23122985.2589092255
   417948.0000001877	   540945.6591796875	   540945.0000000000	675	250	47	43.250000	 23123505.2374992073
   417949.0000002031	   540426.2177734375	   540426.0000000000	223	250	47	43.500000	 23124026.2805531397
   417950.0000002164	   539906.8154296875	   539906.0000000000	835	250	47	43.750000	 23124546.0881311335
   417951.0000002305	   539387.4628906250	   539387.0000000000	474	250	47	43.750000	 23125066.1749125794
   417952.0000002447	   538868.1816406250	   538868.0000000000	186	250	47	44.000000	 23125588.4255230874
   417953.0000002584	   538348.9121093750	   538348.0000000000	934	250	47	44.750000	 23126110.3759897389
   417954.0000000963	   537829.4277343750	   537829.0000000000	438	249	47	44.500000	 23126631.1573408954
   417955.0000001098	   537310.2285156250	   537310.0000000000	234	250	47	44.250000	 23127151.1952618770
   417956.0000001232	   536791.0722656250	   536791.0000000000	74	250	47	44.000000	 23127672.3255675957
   417957.0000001365	   536272.0146484375	   536272.0000000000	15	250	47	44.250000	 23128193.0265975520
   417958.0000001496	   535752.9501953125	   535752.0000000000	973	250	47	44.000000	 23128713.3716427721
   417959.0000001632	   535233.9394531250	   535233.0000000000	962	250	47	44.750000	 23129234.7148412913
   417960.0000001769	   534714.9775390625	   534714.0000000000	1001	250	47	45.000000	 23129757.1120338887
   417961.0000001907	   534196.0488281250	   534196.0000000000	50	250	47	45.250000	 23130279.9559524693
   417962.0000002037	   533677.1132812500	   533677.0000000000	116	250	47	45.500000	 23130801.2851909623
   417963.0000002175	   533158.2714843750	   533158.0000000000	278	250	47	45.500000	 23131322.9669239670
   417964.0000002304	   532639.5205078125	   532639.0000000000	533	250	47	46.000000	 23131844.9941718020
   417965.0000002427	   532120.7861328125	   532120.0000000000	805	250	47	46.000000	 23132366.3652910776
   417966.0000002555	   531602.0761718750	   531602.0000000000	78	250	47	45.750000	 23132888.0540044270
   417967.0000000950	   531083.1621093750	   531083.0000000000	166	249	47	45.750000	 23133409.1634195633
   417968.0000001099	   530564.5869140625	   530564.0000000000	601	250	47	45.500000	 23133931.1941569224
   417969.0000001243	   530046.0878906250	   530046.0000000000	90	250	47	45.750000	 23134453.5145683028
   417970.0000001385	   529527.6337890625	   529527.0000000000	649	250	47	45.750000	 23134974.4599012733
   417971.0000001529	   529009.1904296875	   529009.0000000000	195	250	47	45.250000	 23135495.3319432177
   417972.0000001678	   528490.8056640625	   528490.0000000000	825	250	47	45.500000	 23136017.9350482710
   417973.0000001815	   527972.4248046875	   527972.0000000000	435	250	47	45.500000	 23136539.7598732077
   417974.0000001962	   527454.1728515625	   527454.0000000000	177	250	47	45.750000	 23137061.2915339321
   417975.0000002109	   526935.9130859375	   526935.0000000000	935	250	47	45.250000	 23137581.9820933193
   417976.0000002267	   526417.7373046875	   526417.0000000000	755	250	47	45.500000	 23138103.8453081809
   417977.0000002423	   525899.5654296875	   525899.0000000000	579	250	47	45.250000	 23138625.8167145401
   417978.0000002576	   525381.5107421875	   525381.0000000000	523	250	47	45.250000	 23139148.2557872534
   417979.0000000992	   524863.2783203125	   524863.0000000000	285	249	47	45.250000	 23139670.1365021281
   417980.0000001155	   524345.2949218750	   524345.0000000000	302	250	47	45.000000	 23140191.4238591418
   417981.0000001317	   523827.3300781250	   523827.0000000000	338	250	47	44.750000	 23140712.9799497314
   417982.0000001483	   523309.3515625000	   523309.0000000000	360	250	47	44.750000	 23141234.5325501673
   417983.0000001650	   522791.4697265625	   522791.0000000000	481	250	47	45.000000	 23141755.9595089220
   417984.0000001808	   522273.5937500000	   522273.0000000000	608	250	47	45.000000	 23142277.3934479877
