   417092.0000000502	   932918.4687500000	   932918.0000000000	480	6	23	48.250000	 25236737.1019544154
   417092.9999999253	   927897.6806640625	   927897.0000000000	697	5	23	48.250000	 25235782.4171173573
   417093.9999999491	   908873.1230468750	   908873.0000000000	126	207	23	48.500000	 28232761.5887823515
   417095.0000000497	   916455.8085937500	   916455.0000000000	828	235	23	48.250000	 25533658.4065808803
   417095.9999999752	   891829.2929687500	   891829.0000000000	300	133	23	48.250000	 29729826.5706313439
   417097.0000000434	   926463.6611328125	   926463.0000000000	677	29	23	48.500000	 21239440.0419595614
   417098.0000000202	   921439.6640625000	   921439.0000000000	680	250	23	48.500000	 21239093.2360080853
   417098.9999999392	   916415.6533203125	   916415.0000000000	669	250	23	48.250000	 21238728.4039810374
   417100.0000000774	   911391.9736328125	   911391.0000000000	997	251	23	48.500000	 21238376.8829301074
   417101.0000001984	   906365.9257812500	   906365.0000000000	948	241	23	48.500000	 21238545.5394108072
   417102.0000001465	   901341.8662109375	   901341.0000000000	887	249	23	48.500000	 21238242.3416032903
   417103.0000002445	   896318.4580078125	   896318.0000000000	469	251	23	48.500000	 21237879.2440783344
   417104.0000001684	   891294.9355468750	   891294.0000000000	958	250	23	48.500000	 21237516.8620627970
   417105.0000000926	   886271.5087890625	   886271.0000000000	521	250	23	48.500000	 21237154.4242064208
   417106.0000001912	   881248.4648437500	   881248.0000000000	476	251	23	48.500000	 21236791.2149997763
   417107.0000001146	   876225.3291015625	   876225.0000000000	337	250	23	48.250000	 21236427.6917390414
   417108.0000002117	   871202.6269531250	   871202.0000000000	642	251	23	48.250000	 21236064.0113765560
   417109.0000001341	   866179.8183593750	   866179.0000000000	838	250	23	48.250000	 21235700.3345540203
   417110.0000002318	   861157.4394531250	   861157.0000000000	450	251	23	48.250000	 21235336.8286937103
   417111.0000001547	   856135.0175781250	   856135.0000000000	18	250	23	48.500000	 21234973.3089231625
   417112.0000002526	   851113.0312500000	   851113.0000000000	32	251	23	48.500000	 21234610.3021394536
   417113.0000001743	   846090.9912109375	   846090.0000000000	1015	250	23	48.500000	 21234246.5415560529
   417114.0000000970	   841069.1289062500	   841069.0000000000	132	250	23	48.500000	 21233883.5243522972
   417115.0000001946	   836047.6914062500	   836047.0000000000	708	251	23	48.500000	 21233520.0184919871
   417116.0000001176	   831026.2490234375	   831026.0000000000	255	250	23	48.500000	 21233156.2125375792
   417117.0000002155	   826005.3046875000	   826005.0000000000	312	251	23	48.250000	 21232792.9370202571
   417118.0000001377	   820984.3222656250	   820984.0000000000	330	250	23	48.250000	 21232428.8867628016
   417119.0000002359	   815963.8007812500	   815963.0000000000	820	251	23	48.500000	 21232064.9655867554
   417120.0000001586	   810943.2685546875	   810943.0000000000	275	250	23	48.500000	 21231702.0914749317
   417121.0000002563	   805923.2128906250	   805923.0000000000	218	251	23	48.500000	 21231339.8908921294
   417122.0000001790	   800903.1894531250	   800903.0000000000	194	250	23	48.500000	 21230977.6065982170
   417123.0000001024	   795883.4179687500	   795883.0000000000	428	250	23	48.500000	 21230616.9451759234
   417124.0000002008	   790864.1542968750	   790864.0000000000	158	251	23	48.750000	 21230255.0621871948
   417125.0000001237	   785844.8896484375	   785844.0000000000	911	250	23	48.750000	 21229893.5631537810
   417126.0000002222	   780826.1123046875	   780826.0000000000	115	251	23	48.750000	 21229532.4305251129
   417127.0000001465	   775807.3867187500	   775807.0000000000	396	250	23	48.750000	 21229171.3328466751
   417128.0000002481	   770789.1582031250	   770789.0000000000	162	251	23	49.000000	 21228810.4445203915
   417129.0000001735	   765770.9013671875	   765770.0000000000	923	250	23	49.000000	 21228448.7849441282
   417130.0000000997	   760752.8876953125	   760752.0000000000	909	250	23	49.000000	 21228087.6907552145
   417131.0000001997	   755735.4121093750	   755735.0000000000	422	251	23	48.750000	 21227725.4552712739
   417132.0000001255	   750717.9033203125	   750717.0000000000	925	250	23	49.000000	 21227364.3645725511
   417133.0000002265	   745700.9150390625	   745700.0000000000	937	251	23	49.000000	 21227003.4448359869
   417134.0000001527	   740683.9599609375	   740683.0000000000	983	250	23	49.000000	 21226642.3331968226
   417135.0000002534	   735667.5048828125	   735667.0000000000	517	251	23	49.000000	 21226281.0051249042
   417136.0000001796	   730651.0966796875	   730651.0000000000	99	250	23	49.000000	 21225920.1971198209
   417137.0000001062	   725634.9980468750	   725634.0000000000	1022	250	23	49.000000	 21225558.7609062344
   417138.0000002081	   720619.4765625000	   720619.0000000000	488	251	23	48.750000	 21225197.9598310068
   417139.0000001339	   715603.9677734375	   715603.0000000000	991	250	23	48.750000	 21224837.1727663279
   417140.0000002366	   710588.9794921875	   710588.0000000000	1003	251	23	48.750000	 21224476.4380018152
   417141.0000001637	   705574.0703125000	   705574.0000000000	72	250	23	48.750000	 21224116.3210257590
   417142.0000000922	   700559.4130859375	   700559.0000000000	423	250	23	48.750000	 21223755.9073953368
   417143.0000001966	   695545.2832031250	   695545.0000000000	290	251	23	48.750000	 21223396.4290471673
   417144.0000001247	   690531.1591796875	   690531.0000000000	163	250	23	48.750000	 21223036.0189069323
   417145.0000002283	   685517.6093750000	   685517.0000000000	624	251	23	48.750000	 21222676.0100718513
   417146.0000001572	   680504.0947265625	   680504.0000000000	97	250	23	48.750000	 21222315.9873265959
   417147.0000002609	   675491.2080078125	   675491.0000000000	213	251	23	48.750000	 21221956.4426677451
   417148.0000001886	   670478.3427734375	   670478.0000000000	351	250	23	49.000000	 21221596.2140100040
   417149.0000001174	   665465.8144531250	   665465.0000000000	834	250	23	48.750000	 21221237.1754579581
   417150.0000002216	   660453.8789062500	   660453.0000000000	900	251	23	49.000000	 21220878.1996766105
   417151.0000001512	   655442.0039062500	   655442.0000000000	4	250	23	49.250000	 21220518.9587016292
   417152.0000002570	   650430.6953125000	   650430.0000000000	712	251	23	49.000000	 21220160.7577102445
   417153.0000001870	   645419.4326171875	   645419.0000000000	443	250	23	49.250000	 21219802.0856127702
   417154.0000001175	   640408.5410156250	   640408.0000000000	554	250	23	49.250000	 21219442.8202071935
   417155.0000002238	   635398.2500000000	   635398.0000000000	256	251	23	49.000000	 21219084.6331758350
   417156.0000001552	   630388.0039062500	   630388.0000000000	4	250	23	49.000000	 21218725.6644239910
   417157.0000002619	   625378.2919921875	   625378.0000000000	299	251	23	48.750000	 21218366.4373585507
   417158.0000001942	   620368.6630859375	   620368.0000000000	679	250	23	48.750000	 21218007.8560016565
   417159.0000001271	   615359.3740234375	   615359.0000000000	383	250	23	48.750000	 21217650.6113325469
   417160.0000002339	   610350.6123046875	   610350.0000000000	627	251	23	48.750000	 21217292.8675369769
   417161.0000001655	   605341.9287109375	   605341.0000000000	951	250	23	48.750000	 21216935.0784209259
   417162.0000000967	   600333.5820312500	   600333.0000000000	596	250	23	48.750000	 21216577.0415116400
   417163.0000002030	   595325.7841796875	   595325.0000000000	803	251	23	48.750000	 21216218.9975722097
   417164.0000001343	   590318.0693359375	   590318.0000000000	71	250	23	48.500000	 21215860.6919293106
   417165.0000002422	   585310.9189453125	   585310.0000000000	941	251	23	48.500000	 21215501.6882265061
   417166.0000001753	   580303.8310546875	   580303.0000000000	851	250	23	48.500000	 21215144.7995421328
   417167.0000001077	   575297.0908203125	   575297.0000000000	93	250	23	49.000000	 21214787.4152712449
   417168.0000002153	   570290.8964843750	   570290.0000000000	918	251	23	48.750000	 21214430.4357957654
   417169.0000001477	   565284.8212890625	   565284.0000000000	841	250	23	48.750000	 21214074.0531683713
   417170.0000002552	   560279.2705078125	   560279.0000000000	277	251	23	48.750000	 21213717.9496946335
   417171.0000001886	   555273.7871093750	   555273.0000000000	806	250	23	48.750000	 21213361.4169949591
   417172.0000001223	   550268.6357421875	   550268.0000000000	651	250	23	48.500000	 21213004.5597207956
   417173.0000002318	   545264.0830078125	   545264.0000000000	85	251	23	48.500000	 21212648.3340948708
   417174.0000001671	   540259.5898437500	   540259.0000000000	604	250	23	48.500000	 21212292.9321698248
   417175.0000001020	   535255.4257812500	   535255.0000000000	436	250	23	48.750000	 21211937.1568098590
   417176.0000002132	   530251.8613281250	   530251.0000000000	882	251	23	48.750000	 21211581.7234240770
   417177.0000001484	   525248.3349609375	   525248.0000000000	343	250	23	48.500000	 21211225.4454973228
   417178.0000002583	   520245.4052734375	   520245.0000000000	415	251	23	48.500000	 21210869.9143905826
   417179.0000001933	   515242.5878906250	   515242.0000000000	602	250	23	49.000000	 21210514.5857565962
   417180.0000001278	   510240.1015625000	   510240.0000000000	104	250	23	49.000000	 21210158.9569787532
   417181.0000002395	   505238.2255859375	   505238.0000000000	231	251	23	49.250000	 21209804.3786543086
   417182.0000001748	   500236.3535156250	   500236.0000000000	362	250	23	49.000000	 21209449.0116297305
   417183.0000001110	   495234.7900390625	   495234.0000000000	809	250	23	48.750000	 21209093.6201745570
   417184.0000002211	   490233.7880859375	   490233.0000000000	807	251	23	49.000000	 21208738.1239682510
   417185.0000001575	   485232.9013671875	   485232.0000000000	923	250	23	49.000000	 21208383.0710475594
   417186.0000000946	   480232.3613281250	   480232.0000000000	370	250	23	48.750000	 21208029.1209814772
   417187.0000002065	   475232.3427734375	   475232.0000000000	351	251	23	49.000000	 21207674.4344655648
   417188.0000001430	   470232.3808593750	   470232.0000000000	390	250	23	48.750000	 21207319.7200793922
   417189.0000002559	   465232.9892578125	   465232.0000000000	1013	251	23	49.000000	 21206965.7943933830
   417190.0000001924	   460233.5830078125	   460233.0000000000	597	250	23	49.000000	 21206611.3312906027
   417191.0000001307	   455234.4794921875	   455234.0000000000	491	250	23	48.750000	 21206257.0147692487
   417192.0000002450	   450235.9726562500	   450235.0000000000	996	251	23	48.500000	 21205903.3473463133
   417193.0000001821	   445237.6074218750	   445237.0000000000	622	250	23	48.500000	 21205548.5038282685
   417194.0000001199	   440239.5175781250	   440239.0000000000	530	250	23	48.500000	 21205193.8871630207
   417195.0000002331	   435242.0097656250	   435242.0000000000	10	251	23	48.250000	 21204839.0296344236
   417196.0000001731	   430244.5947265625	   430244.0000000000	609	250	23	48.250000	 21204484.9329855517
   417197.0000001127	   425247.5029296875	   425247.0000000000	515	250	23	48.250000	 21204131.6983783618
   417198.0000002282	   420250.9394531250	   420250.0000000000	962	251	23	48.250000	 21203778.6835938655
   417199.0000001676	   415254.4550781250	   415254.0000000000	466	250	23	48.500000	 21203425.1279024072
   417200.0000001077	   410258.2871093750	   410258.0000000000	294	250	23	48.500000	 21203072.8914485201
   417201.0000002211	   405262.6953125000	   405262.0000000000	712	251	23	48.750000	 21202719.8382740952
   417202.0000001603	   400267.1982421875	   400267.0000000000	203	250	23	48.500000	 21202366.7676992454
   417203.0000001009	   395272.0839843750	   395272.0000000000	86	250	23	48.750000	 21202014.2590215169
   417204.0000002158	   390277.4931640625	   390277.0000000000	505	251	23	49.000000	 21201661.6595527530
   417205.0000001575	   385283.0000000000	   385283.0000000000	0	250	23	48.750000	 21201309.1962453350
   417206.0000000985	   380288.8310546875	   380288.0000000000	851	250	23	48.500000	 21200956.9528110661
   417207.0000002139	   375295.2255859375	   375295.0000000000	231	251	23	48.500000	 21200605.0478615202
   417208.0000001543	   370301.7207031250	   370301.0000000000	738	250	23	48.750000	 21200253.2022927664
   417209.0000000960	   365308.5439453125	   365308.0000000000	557	250	23	49.000000	 21199901.4718951918
   417210.0000002127	   360315.9101562500	   360315.0000000000	932	251	23	49.000000	 21199549.5390248597
   417211.0000001537	   355323.4033203125	   355323.0000000000	413	250	23	49.000000	 21199197.0094067603
   417212.0000000946	   350331.1630859375	   350331.0000000000	167	250	23	48.750000	 21198845.8932576589
   417213.0000002105	   345339.5068359375	   345339.0000000000	519	251	23	48.750000	 21198493.7160842791
   417214.0000001526	   340347.9199218750	   340347.0000000000	942	250	23	48.750000	 21198142.0903880112
   417215.0000000949	   335356.6718750000	   335356.0000000000	688	250	23	49.000000	 21197790.9637683742
   417216.0000002114	   330366.0312500000	   330366.0000000000	32	251	23	49.000000	 21197439.2472810000
   417217.0000001537	   325375.4433593750	   325375.0000000000	454	250	23	49.000000	 21197088.4242954478
   417218.0000000974	   320385.1748046875	   320385.0000000000	179	250	23	49.250000	 21196737.5733891055
   417219.0000002147	   315395.5136718750	   315395.0000000000	526	251	23	49.000000	 21196386.6735724770
   417220.0000001574	   310405.9560546875	   310405.0000000000	979	250	23	49.250000	 21196036.5102056712
   417221.0000001009	   305416.7080078125	   305416.0000000000	725	250	23	49.000000	 21195686.1618661545
   417222.0000002194	   300427.9931640625	   300427.0000000000	1017	251	23	49.000000	 21195335.6285041273
   417223.0000001628	   295439.3710937500	   295439.0000000000	380	250	23	49.250000	 21194985.2627143934
   417224.0000001055	   290451.1074218750	   290451.0000000000	110	250	23	49.000000	 21194634.4013381787
   417225.0000002236	   285463.3632812500	   285463.0000000000	372	251	23	49.000000	 21194283.6027326994
   417226.0000001674	   280475.6865234375	   280475.0000000000	703	250	23	49.000000	 21193932.6261846423
   417227.0000001115	   275488.3378906250	   275488.0000000000	346	250	23	49.000000	 21193582.4697975218
   417228.0000002309	   270501.6083984375	   270501.0000000000	623	251	23	49.250000	 21193231.7689130008
   417229.0000001757	   265514.9589843750	   265514.0000000000	982	250	23	49.000000	 21192881.2321105786
   417230.0000001217	   260528.6855468750	   260528.0000000000	702	250	23	49.000000	 21192531.0617627278
   417231.0000002424	   255543.0048828125	   255543.0000000000	5	251	23	49.000000	 21192181.6382349581
   417232.0000001880	   250557.4003906250	   250557.0000000000	410	250	23	49.250000	 21191832.0437449589
   417233.0000001340	   245572.1416015625	   245572.0000000000	145	250	23	49.000000	 21191482.8924907818
   417234.0000002558	   240587.4433593750	   240587.0000000000	454	251	23	49.250000	 21191134.6416184567
   417235.0000002015	   235602.8388671875	   235602.0000000000	859	250	23	49.500000	 21190785.6718468405
   417236.0000001484	   230618.5996093750	   230618.0000000000	614	250	23	49.000000	 21190437.2116216905
   417237.0000000939	   225634.7001953125	   225634.0000000000	717	250	23	49.250000	 21190088.8875087947
   417238.0000002144	   220651.3564453125	   220651.0000000000	365	251	23	49.250000	 21189740.2352814302
   417239.0000001615	   215668.1220703125	   215668.0000000000	125	250	23	49.000000	 21189392.2741329484
   417240.0000001085	   210685.2001953125	   210685.0000000000	205	250	23	49.000000	 21189043.8313580193
   417241.0000002310	   205702.8994140625	   205702.0000000000	921	251	23	49.000000	 21188695.9155299887
   417242.0000001774	   200720.6699218750	   200720.0000000000	686	250	23	49.000000	 21188347.1726111993
   417243.0000001249	   195738.7636718750	   195738.0000000000	782	250	23	49.000000	 21187999.1730720624
   417244.0000002480	   190757.4746093750	   190757.0000000000	486	251	23	49.000000	 21187651.7353802882
   417245.0000001962	   185776.2792968750	   185776.0000000000	286	250	23	49.000000	 21187304.2314276248
   417246.0000001435	   180795.4150390625	   180795.0000000000	425	250	23	49.000000	 21186957.0206391737
   417247.0000000914	   175814.9208984375	   175814.0000000000	943	250	23	49.000000	 21186609.1432515942
   417248.0000002158	   170834.9882812500	   170834.0000000000	1012	251	23	49.000000	 21186261.3914552033
   417249.0000001656	   165855.1650390625	   165855.0000000000	169	250	23	49.000000	 21185913.6431987919
   417250.0000001160	   160875.6923828125	   160875.0000000000	709	250	23	49.000000	 21185566.6592625044
   417251.0000002397	   155896.7900390625	   155896.0000000000	809	251	23	49.250000	 21185219.5391648076
   417252.0000001886	   150918.0302734375	   150918.0000000000	31	250	23	49.250000	 21184872.5307985917
   417253.0000001360	   145939.6347656250	   145939.0000000000	650	250	23	49.250000	 21184525.4980025068
   417254.0000002599	   140961.7939453125	   140961.0000000000	813	251	23	49.250000	 21184178.3046137802
   417255.0000002096	   135984.1083984375	   135984.0000000000	111	250	23	49.250000	 21183831.8267344758
   417256.0000001587	   131006.7636718750	   131006.0000000000	782	250	23	49.250000	 21183485.4430866018
   417257.0000001085	   126029.7900390625	   126029.0000000000	809	250	23	49.500000	 21183139.7155673243
   417258.0000002327	   121053.3925781250	   121053.0000000000	402	251	23	49.750000	 21182793.5936229266
   417259.0000001825	   116077.0976562500	   116077.0000000000	100	250	23	49.750000	 21182448.1522874795
   417260.0000001328	   111101.1171875000	   111101.0000000000	120	250	23	49.750000	 21182102.5643699765
   417261.0000002576	   106125.7880859375	   106125.0000000000	807	251	23	49.750000	 21181756.3481941111
   417262.0000002087	   101150.5253906250	   101150.0000000000	538	250	23	49.500000	 21181410.4322119281
   417263.0000001610	    96175.6376953125	    96175.0000000000	653	250	23	49.500000	 21181065.3119601160
   417264.0000001123	    91201.1191406250	    91201.0000000000	122	250	23	49.750000	 21180719.8776043840
   417265.0000002382	    86227.1601562500	    86227.0000000000	164	251	23	50.000000	 21180375.0120763294
   417266.0000001895	    81253.3339843750	    81253.0000000000	342	250	23	50.000000	 21180030.5619137995
   417267.0000001411	    76279.8320312500	    76279.0000000000	852	250	23	50.000000	 21179685.5184432045
   417268.0000000936	    71306.6962890625	    71306.0000000000	713	250	23	49.750000	 21179340.7367258742
   417269.0000002200	    66334.1630859375	    66334.0000000000	167	251	23	49.750000	 21178995.8502574451
   417270.0000001717	    61361.7226562500	    61361.0000000000	740	250	23	49.750000	 21178650.4124115221
   417271.0000001242	    56389.6748046875	    56389.0000000000	691	250	23	49.500000	 21178305.4701520428
   417272.0000002512	    51418.2109375000	    51418.0000000000	216	251	23	49.250000	 21177960.2032683156
   417273.0000002040	    46446.9042968750	    46446.0000000000	926	250	23	49.250000	 21177615.2226182111
   417274.0000001566	    41475.9609375000	    41475.0000000000	984	250	23	49.250000	 21177270.6188932471
   417275.0000001093	    36505.4580078125	    36505.0000000000	469	250	23	49.000000	 21176925.9069767892
   417276.0000002367	    31535.5322265625	    31535.0000000000	545	251	23	49.000000	 21176580.6191526540
   417277.0000001900	    26565.7636718750	    26565.0000000000	782	250	23	48.750000	 21176235.7781043239
   417278.0000001442	    21596.2773437500	    21596.0000000000	284	250	23	48.750000	 21175891.6629854254
   417279.0000000987	    16627.1669921875	    16627.0000000000	171	250	23	49.000000	 21175547.4745754972
   417280.0000002273	    11658.6621093750	    11658.0000000000	678	251	23	49.000000	 21175202.8219395801
   417281.0000001814	     6690.2539062500	     6690.0000000000	260	250	23	49.250000	 21174859.0837457888
   417282.0000001358	     1722.2099609375	     1722.0000000000	215	250	23	49.250000	 21174515.8795291036
   417283.0000000905	    -3245.3916015625	  1045330.0000000000	623	250	23	49.250000	 21174172.7451132871
   417284.0000002201	    -8212.4462890625	  1040363.0000000000	567	251	23	49.500000	 21173829.6944085732
   417285.0000001750	   -13179.3837890625	  1035396.0000000000	631	250	23	49.250000	 21173486.4867016971
   417286.0000001307	   -18145.9013671875	  1030430.0000000000	101	250	23	49.750000	 21173144.1131157801
   417287.0000002601	   -23111.7597656250	  1025464.0000000000	246	251	23	49.750000	 21172801.5475276746
   417288.0000002150	   -28077.5380859375	  1020498.0000000000	473	250	23	49.750000	 21172458.7865467779
   417289.0000001707	   -33042.9677734375	  1015533.0000000000	33	250	23	49.500000	 21172116.0918765590
   417290.0000001263	   -38008.0000000000	  1010568.0000000000	0	250	23	49.500000	 21171774.0952157862
   417291.0000002569	   -42972.4521484375	  1005603.0000000000	561	251	23	49.750000	 21171431.4842566773
   417292.0000002126	   -47936.7763671875	  1000639.0000000000	229	250	23	49.500000	 21171088.6639447771
   417293.0000001685	   -52900.7031250000	   995675.0000000000	304	250	23	49.500000	 21170747.1838108227
   417294.0000001247	   -57864.2294921875	   990711.0000000000	789	250	23	49.500000	 21170405.9514701031
   417295.0000002557	   -62827.1884765625	   985748.0000000000	831	251	23	49.750000	 21170063.8919382803
   417296.0000002122	   -67789.9990234375	   980786.0000000000	1	250	23	49.500000	 21169721.7452051938
   417297.0000001696	   -72752.4140625000	   975823.0000000000	600	250	23	49.500000	 21169379.8427751549
   417298.0000001270	   -77714.4472656250	   970861.0000000000	566	250	23	49.750000	 21169038.9594387896
   417299.0000002600	   -82675.9228515625	   965900.0000000000	79	251	23	49.750000	 21168698.0655820966
   417300.0000002189	   -87637.3076171875	   960938.0000000000	709	250	23	49.500000	 21168357.6534015797
   417301.0000001780	   -92598.3115234375	   955977.0000000000	705	250	23	49.500000	 21168016.9899377003
   417302.0000001366	   -97558.9765625000	   951017.0000000000	24	250	23	49.500000	 21167676.4556056894
   417303.0000000947	  -102519.2109375000	   946056.0000000000	808	250	23	49.500000	 21167335.6560302265
   417304.0000002285	  -107478.8291015625	   941097.0000000000	175	251	23	49.500000	 21166995.4183020927
   417305.0000001876	  -112438.2441406250	   936137.0000000000	774	250	23	49.750000	 21166655.4877480231
   417306.0000001470	  -117397.3066406250	   931178.0000000000	710	250	23	49.750000	 21166315.9306289069
   417307.0000001049	  -122355.9580078125	   926220.0000000000	43	250	23	49.500000	 21165975.6161700487
   417308.0000002381	  -127313.9775390625	   921262.0000000000	23	251	23	49.500000	 21165635.4901235998
   417309.0000001963	  -132271.9111328125	   916304.0000000000	91	250	23	49.500000	 21165295.2803660482
   417310.0000001552	  -137229.4785156250	   911346.0000000000	534	250	23	49.250000	 21164954.2958178669
   417311.0000001143	  -142186.7226562500	   906389.0000000000	284	250	23	49.250000	 21164613.9010876007
   417312.0000002481	  -147143.3740234375	   901432.0000000000	641	251	23	49.250000	 21164274.1275356673
   417313.0000002082	  -152099.8662109375	   896476.0000000000	137	250	23	49.000000	 21163934.4587348625
   417314.0000001679	  -157055.9638671875	   891520.0000000000	37	250	23	49.250000	 21163595.4355928153
   417315.0000001281	  -162011.6533203125	   886564.0000000000	355	250	23	49.250000	 21163256.8033358715
   417316.0000000887	  -166967.0205078125	   881608.0000000000	1003	250	23	49.500000	 21162918.1850390211
   417317.0000002229	  -171921.7714843750	   876654.0000000000	234	251	23	49.500000	 21162579.0885560885
   417318.0000001831	  -176876.4287109375	   871699.0000000000	585	250	23	49.250000	 21162240.7424830087
   417319.0000001433	  -181830.7021484375	   866745.0000000000	305	250	23	49.250000	 21161901.8589427024
   417320.0000001038	  -186784.5917968750	   861791.0000000000	418	250	23	49.250000	 21161562.4728355408
   417321.0000002390	  -191737.8759765625	   856838.0000000000	127	251	23	49.250000	 21161223.8160982393
   417322.0000001999	  -196690.9667968750	   851885.0000000000	34	250	23	49.500000	 21160885.7143282406
   417323.0000001617	  -201643.7158203125	   846932.0000000000	291	250	23	49.250000	 21160547.5706774257
   417324.0000001233	  -206596.0927734375	   841979.0000000000	929	250	23	49.500000	 21160209.0884920955
   417325.0000002598	  -211547.7988281250	   837028.0000000000	206	251	23	49.500000	 21159871.2623855658
   417326.0000002202	  -216499.3730468750	   832076.0000000000	642	250	23	49.750000	 21159532.8430214562
   417327.0000001806	  -221450.4726562500	   827125.0000000000	540	250	23	49.500000	 21159194.5841994658
   417328.0000001421	  -226401.2939453125	   822174.0000000000	723	250	23	49.500000	 21158856.2102056295
   417329.0000001049	  -231351.6484375000	   817224.0000000000	360	250	23	49.500000	 21158518.0944749042
   417330.0000002410	  -236301.3515625000	   812274.0000000000	664	251	23	49.500000	 21158179.5738491565
   417331.0000002036	  -241250.9609375000	   807325.0000000000	40	250	23	49.250000	 21157841.5314094573
   417332.0000001675	  -246200.1894531250	   802375.0000000000	830	250	23	49.250000	 21157504.4626924656
   417333.0000001311	  -251148.9521484375	   797427.0000000000	49	250	23	49.250000	 21157167.7360001430
   417334.0000000942	  -256097.3710937500	   792478.0000000000	644	250	23	49.000000	 21156830.5486218147
   417335.0000002328	  -261045.1894531250	   787530.0000000000	830	251	23	49.000000	 21156493.9230908155
   417336.0000001954	  -265992.8750000000	   782583.0000000000	128	250	23	49.000000	 21156157.1684784070
   417337.0000001583	  -270940.0839843750	   777635.0000000000	938	250	23	49.250000	 21155820.0718413554
   417338.0000001217	  -275886.9082031250	   772689.0000000000	94	250	23	49.500000	 21155483.5615319945
   417339.0000002606	  -280833.1201171875	   767742.0000000000	901	251	23	49.500000	 21155147.1663440168
   417340.0000002245	  -285779.2021484375	   762796.0000000000	817	250	23	49.500000	 21154810.5269027837
   417341.0000001887	  -290724.8740234375	   757851.0000000000	129	250	23	49.500000	 21154473.6710785925
   417342.0000001521	  -295670.2275390625	   752905.0000000000	791	250	23	49.500000	 21154137.4644032791
   417343.0000001167	  -300615.1767578125	   747960.0000000000	843	250	23	49.500000	 21153802.0360081159
   417344.0000002561	  -305559.4804687500	   743016.0000000000	532	251	23	49.500000	 21153466.4958815053
   417345.0000002199	  -310503.6562500000	   738072.0000000000	352	250	23	49.500000	 21153129.9471815191
   417346.0000001850	  -315447.3486328125	   733128.0000000000	667	250	23	49.500000	 21152794.1034706533
   417347.0000001510	  -320390.7001953125	   728185.0000000000	307	250	23	49.500000	 21152459.0938807167
   417348.0000001174	  -325333.5742187500	   723242.0000000000	436	250	23	49.500000	 21152123.3478907458
   417349.0000002590	  -330275.8662109375	   718300.0000000000	137	251	23	49.500000	 21151788.4534221590
   417350.0000002263	  -335218.0156250000	   713357.0000000000	1008	250	23	49.500000	 21151454.4001047090
   417351.0000001922	  -340159.8066406250	   708416.0000000000	198	250	23	49.750000	 21151120.0885241777
   417352.0000001577	  -345101.1748046875	   703474.0000000000	845	250	23	49.500000	 21150785.5117001608
   417353.0000001231	  -350042.1142578125	   698533.0000000000	907	250	23	49.750000	 21150451.2943510674
   417354.0000000898	  -354982.6435546875	   693593.0000000000	365	250	23	50.000000	 21150117.0839816555
   417355.0000002314	  -359922.4970703125	   688653.0000000000	515	251	23	49.750000	 21149783.3342484571
   417356.0000001971	  -364862.2246093750	   683713.0000000000	794	250	23	49.750000	 21149448.8097751252
   417357.0000001642	  -369801.5810546875	   678774.0000000000	429	250	23	49.750000	 21149114.8471989185
   417358.0000001299	  -374740.4960937500	   673835.0000000000	516	250	23	50.000000	 21148780.4483673014
   417359.0000000951	  -379679.0380859375	   668896.0000000000	985	250	23	49.500000	 21148446.0704760589
   417360.0000002366	  -384616.8906250000	   663959.0000000000	112	251	23	49.750000	 21148111.5878330171
   417361.0000002025	  -389554.6162109375	   659021.0000000000	393	250	23	49.500000	 21147777.1157103404
   417362.0000001679	  -394491.8701171875	   654084.0000000000	133	250	23	49.500000	 21147443.2194455117
   417363.0000001339	  -399428.7236328125	   649147.0000000000	283	250	23	49.500000	 21147109.0684070997
   417364.0000001002	  -404365.1386718750	   644210.0000000000	882	250	23	49.500000	 21146775.4338955730
   417365.0000002427	  -409300.9082031250	   639275.0000000000	94	251	23	49.500000	 21146442.0890075415
   417366.0000002104	  -414236.5302734375	   634339.0000000000	481	250	23	49.750000	 21146108.8907514215
   417367.0000001774	  -419171.7529296875	   629404.0000000000	253	250	23	49.750000	 21145775.6087344065
   417368.0000001446	  -424106.5732421875	   624469.0000000000	437	250	23	49.500000	 21145442.5221599750
   417369.0000001122	  -429040.9326171875	   619535.0000000000	69	250	23	49.500000	 21145110.0044630468
   417370.0000002549	  -433974.6132812500	   614601.0000000000	396	251	23	49.750000	 21144777.1761018671
   417371.0000002226	  -438908.1503906250	   609667.0000000000	870	250	23	49.750000	 21144444.9445887730
   417372.0000001907	  -443841.2500000000	   604734.0000000000	768	250	23	49.750000	 21144113.1563114971
   417373.0000001592	  -448773.9257812500	   599802.0000000000	76	250	23	49.750000	 21143780.5967337564
   417374.0000001278	  -453706.2460937500	   594869.0000000000	772	250	23	50.000000	 21143448.2325985990
   417375.0000000968	  -458638.1015625000	   589937.0000000000	920	250	23	49.750000	 21143115.4007970877
   417376.0000002410	  -463569.3144531250	   585006.0000000000	702	251	23	49.750000	 21142783.2948752120
   417377.0000002101	  -468500.3623046875	   580075.0000000000	653	250	23	49.750000	 21142450.9272498675
   417378.0000001796	  -473431.0175781250	   575144.0000000000	1006	250	23	49.750000	 21142119.1285020560
   417379.0000001495	  -478361.3212890625	   570214.0000000000	695	250	23	50.000000	 21141787.5600972325
   417380.0000001194	  -483291.1406250000	   565284.0000000000	880	250	23	50.250000	 21141457.0282363035
   417381.0000000887	  -488220.5712890625	   560355.0000000000	439	250	23	50.250000	 21141125.8576969989
   417382.0000002346	  -493149.3339843750	   555426.0000000000	682	251	23	50.250000	 21140794.8301991001
   417383.0000002041	  -498077.9443359375	   550498.0000000000	57	250	23	50.250000	 21140463.0140010752
   417384.0000001745	  -503006.1035156250	   545569.0000000000	918	250	23	50.250000	 21140132.1924661249
   417385.0000001458	  -507933.8300781250	   540642.0000000000	174	250	23	50.500000	 21139802.0445099846
   417386.0000001169	  -512861.1621093750	   535714.0000000000	858	250	23	50.500000	 21139471.7360116951
   417387.0000000881	  -517788.0361328125	   530787.0000000000	987	250	23	50.500000	 21139141.1413295753
   417388.0000002342	  -522714.1972656250	   525861.0000000000	822	251	23	50.250000	 21138810.7385500558
   417389.0000002043	  -527640.1591796875	   520935.0000000000	861	250	23	50.250000	 21138480.1159478500
   417390.0000001752	  -532565.6494140625	   516010.0000000000	359	250	23	50.250000	 21138149.4340146407
   417391.0000001456	  -537490.7021484375	   511085.0000000000	305	250	23	50.000000	 21137819.3104890995
   417392.0000001155	  -542415.3222656250	   506160.0000000000	694	250	23	50.000000	 21137488.9217200987
   417393.0000002614	  -547339.2744140625	   501236.0000000000	743	251	23	50.000000	 21137159.3251414225
   417394.0000002327	  -552263.0312500000	   496312.0000000000	992	250	23	50.000000	 21136829.4633691460
   417395.0000002047	  -557186.3027343750	   491389.0000000000	714	250	23	49.750000	 21136499.8458998837
   417396.0000001753	  -562109.1318359375	   486466.0000000000	889	250	23	49.750000	 21136170.0609088279
   417397.0000001464	  -567031.5615234375	   481544.0000000000	449	250	23	49.750000	 21135840.4504199438
   417398.0000001195	  -571953.5625000000	   476622.0000000000	448	250	23	49.750000	 21135511.4332384691
   417399.0000000924	  -576875.1269531250	   471700.0000000000	894	250	23	49.750000	 21135182.0600722544
   417400.0000002406	  -581796.0205078125	   466779.0000000000	1003	251	23	49.500000	 21134853.6082282998
   417401.0000002137	  -586716.7353515625	   461859.0000000000	271	250	23	49.750000	 21134524.7341387533
   417402.0000001874	  -591636.9902343750	   456939.0000000000	10	250	23	49.500000	 21134195.7309173048
   417403.0000001609	  -596556.7607421875	   452019.0000000000	245	250	23	49.250000	 21133866.4066115879
   417404.0000001341	  -601476.0429687500	   447099.0000000000	980	250	23	49.250000	 21133537.4243305475
   417405.0000001058	  -606394.8662109375	   442181.0000000000	137	250	23	49.500000	 21133207.7021599784
   417406.0000002537	  -611313.0644531250	   437262.0000000000	958	251	23	49.000000	 21132879.1281645000
   417407.0000002275	  -616231.0185546875	   432344.0000000000	1005	250	23	49.250000	 21132550.3378358521
   417408.0000002019	  -621148.5000000000	   427427.0000000000	512	250	23	49.250000	 21132222.7062026225
   417409.0000001758	  -626065.5791015625	   422510.0000000000	431	250	23	49.500000	 21131895.0606093295
   417410.0000001498	  -630982.1152343750	   417593.0000000000	906	250	23	49.500000	 21131567.7361003384
   417411.0000001242	  -635898.1904296875	   412677.0000000000	829	250	23	49.500000	 21131240.8373769186
   417412.0000000985	  -640813.7441406250	   407762.0000000000	262	250	23	49.750000	 21130913.8863028772
   417413.0000002469	  -645728.6455078125	   402847.0000000000	363	251	23	49.750000	 21130586.6315449327
   417414.0000002214	  -650643.3339843750	   397932.0000000000	682	250	23	49.750000	 21130259.8933636621
   417415.0000001954	  -655557.5439453125	   393018.0000000000	467	250	23	49.750000	 21129932.8550384976
   417416.0000001692	  -660471.3261718750	   388104.0000000000	690	250	23	49.750000	 21129605.3350869231
   417417.0000001424	  -665384.6904296875	   383191.0000000000	317	250	23	49.500000	 21129278.0524587445
   417418.0000001169	  -670297.5654296875	   378278.0000000000	445	250	23	49.750000	 21128951.1886357628
   417419.0000000912	  -675209.9804687500	   373366.0000000000	20	250	23	49.500000	 21128624.5237455517
   417420.0000002415	  -680121.4638671875	   368454.0000000000	549	251	23	49.750000	 21128298.1135784350
   417421.0000002165	  -685033.1318359375	   363542.0000000000	889	250	23	50.250000	 21127971.8186329566
   417422.0000001924	  -689944.6025390625	   358631.0000000000	407	250	23	49.500000	 21127645.9285326749
   417423.0000001672	  -694855.8710937500	   353720.0000000000	132	250	23	49.250000	 21127319.4032442085
   417424.0000001430	  -699766.6679687500	   348809.0000000000	340	250	23	49.250000	 21126993.7644273192
   417425.0000001196	  -704677.2304687500	   343898.0000000000	788	250	23	49.250000	 21126668.3873637319
   417426.0000000963	  -709587.8056640625	   338988.0000000000	199	250	23	49.000000	 21126342.2948405184
   417427.0000002496	  -714497.7880859375	   334078.0000000000	217	251	23	48.750000	 21126017.7937281504
   417428.0000002254	  -719407.5058593750	   329168.0000000000	506	250	23	50.000000	 21125692.6016372778
   417429.0000002020	  -724317.2880859375	   324258.0000000000	729	250	23	49.500000	 21125366.6347557753
   417430.0000001798	  -729227.5009765625	   319348.0000000000	511	250	23	49.250000	 21125039.5859593786
   417431.0000001577	  -734137.6640625000	   314438.0000000000	344	250	23	48.000000	 21124713.3049732931
   417432.0000001349	  -739047.8935546875	   309528.0000000000	109	250	23	49.250000	 21124387.9418697022
   417433.0000001132	  -743957.4443359375	   304618.0000000000	569	250	23	49.500000	 21124063.1790539250
   417434.0000000907	  -748865.9589843750	   299710.0000000000	42	250	23	49.000000	 21123737.9381018579
   417435.0000002451	  -753774.7919921875	   294801.0000000000	213	251	23	48.750000	 21123413.0356338471
   417436.0000002244	  -758683.3994140625	   289892.0000000000	615	250	23	48.000000	 21123089.0336479358
   417437.0000002034	  -763591.1464843750	   284984.0000000000	874	250	23	48.000000	 21122765.0700526498
   417438.0000001817	  -768498.6259765625	   280077.0000000000	383	250	23	48.000000	 21122439.4486853145
   417439.0000001621	  -773406.9140625000	   275169.0000000000	88	250	23	47.000000	 21122114.0611504912
   417440.0000001440	  -778313.9765625000	   270262.0000000000	24	250	23	47.750000	 21121790.8269741647
   417441.0000001220	  -783219.9599609375	   265356.0000000000	41	250	23	48.250000	 21121467.2821847685
   417442.0000000998	  -788125.7294921875	   260450.0000000000	277	250	23	48.500000	 21121142.3797672503
   417443.0000002547	  -793030.7412109375	   255545.0000000000	265	251	23	48.000000	 21120818.0810771473
   417444.0000002343	  -797934.6279296875	   250641.0000000000	381	250	23	48.000000	 21120494.4525261894
   417445.0000002146	  -802836.2841796875	   245739.0000000000	733	250	23	48.500000	 21120172.1432127655
   417446.0000001946	  -807737.3466796875	   240838.0000000000	669	250	23	48.750000	 21119849.5128150731
   417447.0000001749	  -812637.5126953125	   235938.0000000000	499	250	23	48.500000	 21119527.6327774115
   417448.0000001548	  -817537.2958984375	   231038.0000000000	721	250	23	48.250000	 21119204.8069371358
   417449.0000001345	  -822436.4677734375	   226139.0000000000	545	250	23	48.250000	 21118882.5011138991
   417450.0000001146	  -827336.6464843750	   221239.0000000000	362	250	23	48.750000	 21118559.1552566178
   417451.0000000959	  -832236.8076171875	   216339.0000000000	197	250	23	48.500000	 21118236.5876794159
   417452.0000002506	  -837136.3134765625	   211439.0000000000	703	251	23	49.000000	 21117914.3830175065
   417453.0000002308	  -842036.1640625000	   206539.0000000000	856	250	23	49.500000	 21117592.0562538616
   417454.0000002119	  -846935.5683593750	   201640.0000000000	442	250	23	49.250000	 21117270.3123277836
   417455.0000001923	  -851834.1367187500	   196741.0000000000	884	250	23	49.750000	 21116948.9139165729
   417456.0000001714	  -856731.8398437500	   191844.0000000000	164	250	23	49.750000	 21116627.7039682269
   417457.0000001512	  -861628.8203125000	   186947.0000000000	184	250	23	49.500000	 21116305.1294113472
   417458.0000001317	  -866526.0019531250	   182049.0000000000	1022	250	23	49.000000	 21115982.3175311312
   417459.0000001129	  -871423.5390625000	   177152.0000000000	472	250	23	48.750000	 21115660.0186875798
   417460.0000000937	  -876320.7656250000	   172255.0000000000	240	250	23	48.750000	 21115337.7582346164
   417461.0000002496	  -881217.2216796875	   167358.0000000000	797	251	23	49.250000	 21115015.7420349121
   417462.0000002303	  -886113.2470703125	   162462.0000000000	771	250	23	48.500000	 21114693.3035896160
   417463.0000002115	  -891008.7656250000	   157567.0000000000	240	250	23	48.750000	 21114371.9889393002
   417464.0000001926	  -895904.1328125000	   152671.0000000000	888	250	23	48.250000	 21114050.0844710730
   417465.0000001736	  -900799.3193359375	   147776.0000000000	697	250	23	48.250000	 21113728.1625526287
   417466.0000001561	  -905694.4179687500	   142881.0000000000	596	250	23	48.500000	 21113406.6768896282
   417467.0000001381	  -910587.6953125000	   137988.0000000000	312	250	23	48.500000	 21113085.7670845091
   417468.0000001207	  -915481.1855468750	   133094.0000000000	834	250	23	49.000000	 21112765.0492317565
   417469.0000001037	  -920373.5039062500	   128202.0000000000	508	250	23	48.250000	 21112444.7048139535
   417470.0000002594	  -925264.4150390625	   123311.0000000000	599	251	23	48.500000	 21112124.0846330300
   417471.0000002411	  -930155.3730468750	   118420.0000000000	642	250	23	48.500000	 21111803.6424942687
   417472.0000002232	  -935045.9912109375	   113530.0000000000	9	250	23	48.250000	 21111484.1985088065
   417473.0000002052	  -939936.2832031250	   108639.0000000000	734	250	23	48.500000	 21111164.9883565232
   417474.0000001872	  -944825.8759765625	   103750.0000000000	127	250	23	48.750000	 21110844.7940109968
   417475.0000001695	  -949714.1523437500	    98861.0000000000	868	250	23	48.250000	 21110524.6869165637
   417476.0000001530	  -954600.6220703125	    93975.0000000000	387	250	23	48.750000	 21110205.5186443925
   417477.0000001377	  -959486.3037109375	    89089.0000000000	713	250	23	48.750000	 21109886.2526505664
   417478.0000001211	  -964371.4355468750	    84204.0000000000	578	250	23	49.000000	 21109567.1925698966
   417479.0000001041	  -969256.0283203125	    79319.0000000000	995	250	23	49.000000	 21109248.6001555771
   417480.0000002620	  -974139.7636718750	    74436.0000000000	242	251	23	49.000000	 21108929.3236421198
   417481.0000002454	  -979023.6103515625	    69552.0000000000	399	250	23	48.750000	 21108611.2652048729
   417482.0000002295	  -983906.9082031250	    64669.0000000000	94	250	23	49.000000	 21108292.7007106431
   417483.0000002135	  -988789.9912109375	    59786.0000000000	9	250	23	48.750000	 21107974.5305917449
   417484.0000001967	  -993673.2265625000	    54902.0000000000	792	250	23	48.750000	 21107655.5612523183
   417485.0000001814	  -998558.1533203125	    50017.0000000000	867	250	23	49.000000	 21107337.3143521957
   417486.0000001652	 -1003442.7070312500	    45133.0000000000	300	250	23	49.500000	 21107019.6468000859
   417487.0000001499	 -1008326.2460937500	    40249.0000000000	772	250	23	49.500000	 21106702.4189936407
   417488.0000001336	 -1013209.2128906250	    35366.0000000000	806	250	23	49.750000	 21106384.3047155850
   417489.0000001193	 -1018091.7060546875	    30484.0000000000	301	250	23	49.250000	 21106065.4959176071
   417490.0000001041	 -1022973.4208984375	    25602.0000000000	593	250	23	49.000000	 21105746.9977340586
   417491.0000000885	 -1027854.3134765625	    20721.0000000000	703	250	23	49.250000	 21105428.8066747859
   417492.0000002480	 -1032734.1455078125	    15841.0000000000	875	251	23	49.500000	 21105110.4480431527
   417493.0000002329	 -1037612.9375000000	    10963.0000000000	64	250	23	49.250000	 21104793.5587711930
   417494.0000002168	 -1042490.4697265625	     6085.0000000000	543	250	23	49.750000	 21104476.3379450962
   417495.0000002001	 -1047367.0830078125	     1208.0000000000	939	250	23	49.250000	 21104158.8344253227
   417496.0000001846	 -1052243.2275390625	  1044908.0000000000	791	250	23	49.250000	 21103842.1091856696
   417497.0000001686	 -1057119.2392578125	  1040032.0000000000	779	250	23	49.500000	 21103525.3525357693
   417498.0000001528	 -1061995.0371093750	  1035156.0000000000	986	250	23	49.750000	 21103208.5400450602
   417499.0000001375	 -1066870.2724609375	  1030281.0000000000	745	250	23	49.750000	 21102891.5809722282
   417500.0000001229	 -1071745.2167968750	  1025406.0000000000	802	250	23	49.750000	 21102575.4211198874
   417501.0000001082	 -1076619.8623046875	  1020532.0000000000	141	250	23	49.750000	 21102259.6381926909
   417502.0000000933	 -1081495.5390625000	  1015656.0000000000	472	250	23	49.750000	 21101942.3719956204
   417503.0000002538	 -1086370.5175781250	  1010781.0000000000	494	251	23	50.000000	 21101626.4738467522
   417504.0000002399	 -1091245.1533203125	  1005906.0000000000	867	250	23	49.000000	 21101311.0783145353
   417505.0000002247	 -1096118.7236328125	  1001033.0000000000	283	250	23	49.000000	 21100995.9968869053
   417506.0000002081	 -1100992.1894531250	   996159.0000000000	830	250	23	48.750000	 21100679.5124608055
   417507.0000001930	 -1105865.5322265625	   991286.0000000000	479	250	23	48.250000	 21100363.3386484385
   417508.0000001788	 -1110738.5839843750	   986413.0000000000	426	250	23	48.250000	 21100047.8558651321
   417509.0000001646	 -1115611.2333984375	   981540.0000000000	785	250	23	48.000000	 21099732.2125396430
   417510.0000001506	 -1120483.3867187500	   976668.0000000000	628	250	23	48.250000	 21099416.9426491410
   417511.0000001369	 -1125355.8740234375	   971796.0000000000	129	250	23	48.500000	 21099100.1859985404
   417512.0000001243	 -1130229.5605468750	   966922.0000000000	450	250	23	49.250000	 21098783.9039940126
   417513.0000001123	 -1135102.9355468750	   962049.0000000000	66	250	23	50.000000	 21098468.9237768315
   417514.0000000995	 -1139975.5400390625	   957176.0000000000	471	250	23	49.750000	 21098153.7167068198
   417515.0000002607	 -1144847.1132812500	   952304.0000000000	908	251	23	49.750000	 21097837.5986848027
   417516.0000002476	 -1149718.8349609375	   947433.0000000000	169	250	23	49.250000	 21097522.4300053827
   417517.0000002345	 -1154590.0781250000	   942561.0000000000	944	250	23	49.750000	 21097207.2962264307
   417518.0000002214	 -1159460.5566406250	   937691.0000000000	454	250	23	49.500000	 21096892.4311810918
   417519.0000002083	 -1164329.9873046875	   932822.0000000000	13	250	23	49.500000	 21096577.5486855358
   417520.0000001951	 -1169198.0449218750	   927953.0000000000	978	250	23	49.500000	 21096263.5247415043
   417521.0000001824	 -1174064.1875000000	   923087.0000000000	832	250	23	50.250000	 21095949.4798570685
   417522.0000001678	 -1178929.3652343750	   918222.0000000000	650	250	23	49.500000	 21095636.0387512669
   417523.0000001548	 -1183793.9365234375	   913358.0000000000	65	250	23	48.750000	 21095323.0513511263
   417524.0000001420	 -1188658.1621093750	   908493.0000000000	858	250	23	48.500000	 21095008.9890165031
   417525.0000001292	 -1193522.2792968750	   903629.0000000000	738	250	23	48.250000	 21094694.6579482332
   417526.0000001181	 -1198386.1435546875	   898765.0000000000	877	250	23	48.500000	 21094381.9602214172
   417527.0000001076	 -1203249.3574218750	   893902.0000000000	658	250	23	48.750000	 21094069.1508129463
   417528.0000000947	 -1208113.1445312500	   889038.0000000000	876	250	23	48.750000	 21093754.2124765478
   417529.0000002587	 -1212976.4580078125	   884175.0000000000	555	251	23	49.000000	 21093440.4886259176
   417530.0000002469	 -1217839.8447265625	   879312.0000000000	159	250	23	48.750000	 21093126.8834871128
   417531.0000002352	 -1222702.7343750000	   874449.0000000000	272	250	23	48.750000	 21092813.2783483081
   417532.0000002233	 -1227565.2001953125	   869586.0000000000	819	250	23	48.750000	 21092500.3712189086
   417533.0000002118	 -1232427.2958984375	   864724.0000000000	721	250	23	48.750000	 21092187.2651567385
   417534.0000002002	 -1237288.5478515625	   859863.0000000000	463	250	23	48.750000	 21091874.7140120417
   417535.0000001885	 -1242149.3613281250	   855002.0000000000	654	250	23	49.000000	 21091561.5381489992
   417536.0000001770	 -1247008.6347656250	   850143.0000000000	374	250	23	49.250000	 21091249.5942724347
   417537.0000001654	 -1251867.3935546875	   845284.0000000000	621	250	23	49.000000	 21090936.9000358395
   417538.0000001542	 -1256725.3144531250	   840426.0000000000	702	250	23	48.750000	 21090625.8845116682
   417539.0000001440	 -1261582.5810546875	   835569.0000000000	429	250	23	49.000000	 21090314.6107237265
   417540.0000001334	 -1266439.4648437500	   830712.0000000000	548	250	23	49.000000	 21090003.2147842571
   417541.0000001224	 -1271295.8750000000	   825856.0000000000	128	250	23	49.000000	 21089691.3930592164
   417542.0000001112	 -1276151.5009765625	   821000.0000000000	511	250	23	49.000000	 21089379.8226175681
   417543.0000001007	 -1281005.8300781250	   816146.0000000000	174	250	23	49.000000	 21089067.6030270085
   417544.0000000896	 -1285857.5273437500	   811294.0000000000	484	250	23	49.000000	 21088756.4793113433
   417545.0000002542	 -1290707.9228515625	   806444.0000000000	79	251	23	49.000000	 21088445.8092515469
   417546.0000002432	 -1295557.9560546875	   801594.0000000000	45	250	23	49.000000	 21088135.3102542274
   417547.0000002328	 -1300407.5566406250	   796744.0000000000	454	250	23	48.750000	 21087825.3975846320
   417548.0000002224	 -1305256.8769531250	   791895.0000000000	126	250	23	48.750000	 21087515.0556392744
   417549.0000002120	 -1310105.6113281250	   787046.0000000000	398	250	23	48.750000	 21087204.5706020147
   417550.0000002015	 -1314953.9511718750	   782198.0000000000	50	250	23	48.500000	 21086894.3542983718
   417551.0000001915	 -1319802.6328125000	   777349.0000000000	376	250	23	48.500000	 21086584.8499641307
   417552.0000001815	 -1324653.4423828125	   772498.0000000000	571	250	23	49.000000	 21086274.9163541570
   417553.0000001725	 -1329503.4150390625	   767648.0000000000	599	250	23	50.000000	 21085964.9932140261
   417554.0000001624	 -1334352.5605468750	   762799.0000000000	450	250	23	49.500000	 21085654.8990618698
   417555.0000001515	 -1339201.6230468750	   757950.0000000000	386	250	23	49.500000	 21085345.1329743974
   417556.0000001422	 -1344050.3974609375	   753101.0000000000	617	250	23	49.250000	 21085035.6949508712
   417557.0000001319	 -1348898.8007812500	   748253.0000000000	204	250	23	49.000000	 21084726.5326413363
   417558.0000001223	 -1353746.0917968750	   743405.0000000000	930	250	23	49.000000	 21084416.8642747886
   417559.0000001136	 -1358592.2548828125	   738559.0000000000	763	250	23	49.750000	 21084106.8852938116
   417560.0000001052	 -1363437.2832031250	   733714.0000000000	734	250	23	49.500000	 21083797.8695656992
   417561.0000000959	 -1368281.9179687500	   728870.0000000000	84	250	23	49.750000	 21083489.1470017657
   417562.0000002615	 -1373125.8505859375	   724026.0000000000	153	251	23	49.500000	 21083180.0788731724
   417563.0000002536	 -1377969.5810546875	   719182.0000000000	429	250	23	49.500000	 21082871.3458387367
   417564.0000002456	 -1382812.4863281250	   714339.0000000000	526	250	23	50.250000	 21082562.7209957615
   417565.0000002367	 -1387654.8457031250	   709497.0000000000	158	250	23	49.750000	 21082254.2811255008
   417566.0000002293	 -1392497.0595703125	   704654.0000000000	963	250	23	49.750000	 21081946.5462442972
   417567.0000002199	 -1397340.5185546875	   699811.0000000000	493	250	23	50.000000	 21081637.9318718575
   417568.0000002130	 -1402183.0664062500	   694968.0000000000	956	250	23	50.250000	 21081329.6734834574
   417569.0000002051	 -1407025.0332031250	   690126.0000000000	990	250	23	49.250000	 21081021.5128166787
   417570.0000001958	 -1411866.3339843750	   685285.0000000000	682	250	23	49.500000	 21080713.3451702558
   417571.0000001876	 -1416707.3037109375	   680444.0000000000	713	250	23	49.500000	 21080405.2577945068
   417572.0000001811	 -1421547.9101562500	   675604.0000000000	92	250	23	49.250000	 21080098.5350266285
   417573.0000001735	 -1426388.3037109375	   670763.0000000000	713	250	23	49.250000	 21079791.0339786373
   417574.0000001643	 -1431229.6533203125	   665922.0000000000	355	250	23	49.500000	 21079482.2032232396
   417575.0000001568	 -1436071.5615234375	   661080.0000000000	449	250	23	50.250000	 21079174.3077999167
   417576.0000001488	 -1440913.3300781250	   656238.0000000000	686	250	23	50.000000	 21078866.5589586869
   417577.0000001412	 -1445754.1865234375	   651397.0000000000	833	250	23	49.750000	 21078559.2010025904
   417578.0000001337	 -1450594.3203125000	   646557.0000000000	696	250	23	49.500000	 21078251.3055792712
   417579.0000001263	 -1455434.1240234375	   641717.0000000000	897	250	23	49.500000	 21077943.1414223351
   417580.0000001186	 -1460273.1357421875	   636878.0000000000	885	250	23	49.500000	 21077636.0521998890
   417581.0000001110	 -1465111.5800781250	   632040.0000000000	430	250	23	49.750000	 21077329.1409697719
   417582.0000001038	 -1469948.4853515625	   627203.0000000000	527	250	23	49.750000	 21077022.2087992840
   417583.0000000964	 -1474783.3320312500	   622368.0000000000	684	250	23	49.750000	 21076715.6186534688
   417584.0000000902	 -1479617.2949218750	   617534.0000000000	722	250	23	50.500000	 21076409.6985963061
   417585.0000002563	 -1484450.5283203125	   612701.0000000000	483	251	23	50.250000	 21076103.3282738477
   417586.0000002474	 -1489283.7255859375	   607868.0000000000	281	250	23	50.000000	 21075796.8742402829
   417587.0000002417	 -1494116.6386718750	   603035.0000000000	370	250	23	49.750000	 21075490.9506928995
   417588.0000002359	 -1498949.1992187500	   598202.0000000000	820	250	23	49.750000	 21075185.8507966362
   417589.0000002298	 -1503781.2304687500	   593370.0000000000	788	250	23	49.750000	 21074880.3949156739
   417590.0000002231	 -1508613.9882812500	   588538.0000000000	12	250	23	49.750000	 21074574.0141724721
   417591.0000002170	 -1513447.5449218750	   583704.0000000000	466	250	23	49.500000	 21074267.6997399479
   417592.0000002111	 -1518281.0009765625	   578870.0000000000	1023	250	23	49.750000	 21073962.1531177051
   417593.0000002050	 -1523113.3623046875	   574038.0000000000	653	250	23	49.750000	 21073656.3936026618
   417594.0000001984	 -1527944.9863281250	   569207.0000000000	14	250	23	49.750000	 21073350.9063114524
   417595.0000001928	 -1532775.2148437500	   564376.0000000000	804	250	23	50.000000	 21073045.8762160614
   417596.0000001863	 -1537603.7802734375	   559548.0000000000	225	250	23	49.750000	 21072740.7100090832
   417597.0000001799	 -1542430.6289062500	   554721.0000000000	380	250	23	50.000000	 21072435.8823366575
   417598.0000001734	 -1547257.1601562500	   549894.0000000000	860	250	23	50.250000	 21072131.0023135468
   417599.0000001675	 -1552083.3085937500	   545068.0000000000	708	250	23	49.750000	 21071827.1553441361
   417600.0000001629	 -1556909.0322265625	   540242.0000000000	991	250	23	50.250000	 21071523.8702718839
   417601.0000001572	 -1561734.2685546875	   535417.0000000000	749	250	23	50.000000	 21071219.5207356513
   417602.0000001513	 -1566559.0458984375	   530592.0000000000	977	250	23	50.000000	 21070915.2619407289
   417603.0000001454	 -1571384.3056640625	   525767.0000000000	711	250	23	50.250000	 21070610.6995116919
   417604.0000001406	 -1576208.5869140625	   520943.0000000000	423	250	23	49.500000	 21070306.7548206896
   417605.0000001357	 -1581031.6894531250	   516120.0000000000	318	250	23	50.250000	 21070003.3824973479
   417606.0000001299	 -1585854.2451171875	   511297.0000000000	773	250	23	50.250000	 21069699.5529781580
   417607.0000001244	 -1590676.3310546875	   506475.0000000000	685	250	23	50.000000	 21069395.8456104882
   417608.0000001205	 -1595497.7060546875	   501654.0000000000	301	250	23	49.750000	 21069092.9130327813
   417609.0000001145	 -1600318.3242187500	   496833.0000000000	692	250	23	50.000000	 21068789.3173468001
   417610.0000001083	 -1605138.1367187500	   492013.0000000000	884	250	23	49.750000	 21068486.6709535867
   417611.0000001008	 -1609957.0976562500	   487194.0000000000	924	250	23	49.750000	 21068183.4975636862
   417612.0000000937	 -1614775.3613281250	   482376.0000000000	654	250	23	49.750000	 21067880.1601414457
   417613.0000000881	 -1619593.1923828125	   477558.0000000000	827	250	23	49.750000	 21067577.2764248997
   417614.0000002607	 -1624410.3183593750	   472741.0000000000	698	251	23	50.000000	 21067275.7398154847
   417615.0000002574	 -1629227.3671875000	   467924.0000000000	648	250	23	49.250000	 21066973.3935654685
   417616.0000002540	 -1634044.1962890625	   463107.0000000000	823	250	23	49.000000	 21066671.1729571968
   417617.0000002501	 -1638860.7109375000	   458291.0000000000	296	250	23	48.500000	 21066369.5107565597
   417618.0000002454	 -1643676.6660156250	   453475.0000000000	342	250	23	48.250000	 21066067.1749771088
   417619.0000002409	 -1648492.1113281250	   448659.0000000000	910	250	23	49.000000	 21065764.6053644493
   417620.0000002360	 -1653306.7011718750	   443845.0000000000	306	250	23	49.500000	 21065463.0757858716
   417621.0000002318	 -1658120.7275390625	   439031.0000000000	279	250	23	49.500000	 21065162.0592439882
   417622.0000002288	 -1662934.9570312500	   434217.0000000000	44	250	23	49.000000	 21064860.9275302291
   417623.0000002254	 -1667748.7509765625	   429403.0000000000	255	250	23	49.500000	 21064559.8516573161
   417624.0000002202	 -1672562.1523437500	   424589.0000000000	868	250	23	49.750000	 21064258.6641034447
   417625.0000002153	 -1677374.6582031250	   419777.0000000000	350	250	23	50.250000	 21063957.2601665482
   417626.0000002112	 -1682186.1835937500	   414965.0000000000	836	250	23	50.250000	 21063655.8492493369
   417627.0000002070	 -1686997.1474609375	   410154.0000000000	873	250	23	50.000000	 21063354.8152572066
   417628.0000002025	 -1691807.9511718750	   405344.0000000000	50	250	23	49.750000	 21063053.6765637994
   417629.0000002003	 -1696618.5244140625	   400533.0000000000	487	250	23	49.750000	 21062753.2358790673
   417630.0000001981	 -1701428.6875000000	   395723.0000000000	320	250	23	50.000000	 21062453.3675620630
   417631.0000001951	 -1706238.3193359375	   390913.0000000000	697	250	23	49.750000	 21062153.3980339132
   417632.0000001914	 -1711047.3632812500	   386104.0000000000	652	250	23	49.500000	 21061852.5385439545
   417633.0000001886	 -1715855.7470703125	   381296.0000000000	259	250	23	49.500000	 21061551.9059068635
   417634.0000001852	 -1720663.3593750000	   376488.0000000000	656	250	23	49.500000	 21061251.0987675600
   417635.0000001816	 -1725470.1640625000	   371681.0000000000	856	250	23	49.250000	 21060950.9721874483
   417636.0000001785	 -1730276.1728515625	   366875.0000000000	847	250	23	49.500000	 21060651.1108507924
   417637.0000001754	 -1735081.4160156250	   362070.0000000000	598	250	23	49.250000	 21060351.1413226388
   417638.0000001729	 -1739885.9150390625	   357266.0000000000	87	250	23	49.250000	 21060051.7581222095
   417639.0000001702	 -1744689.6689453125	   352462.0000000000	339	250	23	49.250000	 21059751.5896612816
   417640.0000001676	 -1749492.7431640625	   347659.0000000000	263	250	23	49.000000	 21059452.4577442780
   417641.0000001640	 -1754295.1220703125	   342856.0000000000	899	250	23	49.000000	 21059153.6015412360
   417642.0000001598	 -1759096.8271484375	   338055.0000000000	177	250	23	49.250000	 21058854.8744700961
   417643.0000001554	 -1763897.8466796875	   333254.0000000000	157	250	23	49.000000	 21058556.0426976532
   417644.0000001517	 -1768698.1650390625	   328453.0000000000	855	250	23	49.250000	 21058257.7588623054
   417645.0000001479	 -1773497.8046875000	   323654.0000000000	200	250	23	49.000000	 21057958.4035826288
   417646.0000001448	 -1778296.6914062500	   318855.0000000000	316	250	23	49.000000	 21057660.4024409540
   417647.0000001412	 -1783094.9521484375	   314057.0000000000	49	250	23	49.250000	 21057362.2791477218
   417648.0000001381	 -1787892.5869140625	   309259.0000000000	423	250	23	49.000000	 21057063.9918222167
   417649.0000001350	 -1792689.5283203125	   304462.0000000000	483	250	23	49.000000	 21056765.8824890442
   417650.0000001318	 -1797485.8212890625	   299666.0000000000	183	250	23	49.000000	 21056467.7033550031
   417651.0000001278	 -1802281.4912109375	   294870.0000000000	521	250	23	48.750000	 21056169.8871860430
   417652.0000001239	 -1807076.4902343750	   290075.0000000000	522	250	23	49.000000	 21055872.0710170828
   417653.0000001197	 -1811870.8994140625	   285281.0000000000	103	250	23	48.750000	 21055574.4712310806
   417654.0000001161	 -1816664.6425781250	   280487.0000000000	366	250	23	48.750000	 21055276.2048459500
   417655.0000001130	 -1821457.7753906250	   275694.0000000000	230	250	23	48.500000	 21054978.2211544961
   417656.0000001104	 -1826250.2314453125	   270901.0000000000	787	250	23	48.750000	 21054680.6457983926
   417657.0000001083	 -1831041.9570312500	   266110.0000000000	44	250	23	48.750000	 21054383.6742202304
   417658.0000001055	 -1835833.1679687500	   261318.0000000000	852	250	23	49.000000	 21054087.2261492983
   417659.0000001034	 -1840623.7460937500	   256528.0000000000	260	250	23	49.250000	 21053790.5407550000
   417660.0000001011	 -1845413.6142578125	   251738.0000000000	395	250	23	49.000000	 21053493.6424679011
   417661.0000000981	 -1850202.8271484375	   246949.0000000000	177	250	23	49.250000	 21053196.5347781852
   417662.0000000945	 -1854991.4306640625	   242160.0000000000	583	250	23	49.000000	 21052899.1269445792
   417663.0000000923	 -1859779.3779296875	   237372.0000000000	637	250	23	49.250000	 21052602.8359256089
   417664.0000000895	 -1864566.7324218750	   232585.0000000000	274	250	23	49.250000	 21052306.7996802218
   417665.0000002620	 -1869353.2431640625	   227798.0000000000	775	251	23	49.250000	 21052010.7913050987
   417666.0000002591	 -1874139.3583984375	   223012.0000000000	657	250	23	49.250000	 21051715.1494350396
   417667.0000002547	 -1878924.8310546875	   218227.0000000000	173	250	23	49.250000	 21051419.0713095367
   417668.0000002501	 -1883709.7167968750	   213442.0000000000	290	250	23	49.500000	 21051122.9233831614
   417669.0000002460	 -1888493.8964843750	   208658.0000000000	106	250	23	49.500000	 21050827.0756006800
   417670.0000002415	 -1893277.3564453125	   203874.0000000000	659	250	23	49.500000	 21050531.5174921863
   417671.0000002378	 -1898060.1005859375	   199091.0000000000	921	250	23	49.500000	 21050235.6313190795
   417672.0000002338	 -1902842.2578125000	   194309.0000000000	760	250	23	49.500000	 21049940.3733545095
   417673.0000002310	 -1907623.7294921875	   189528.0000000000	277	250	23	49.250000	 21049645.4992946945
   417674.0000002276	 -1912404.5419921875	   184747.0000000000	469	250	23	49.500000	 21049350.4158323035
   417675.0000002242	 -1917184.6005859375	   179967.0000000000	409	250	23	49.500000	 21049055.4754618071
   417676.0000002214	 -1921963.9814453125	   175188.0000000000	19	250	23	49.500000	 21048761.1737696901
   417677.0000002188	 -1926742.6699218750	   170409.0000000000	338	250	23	49.500000	 21048467.0500699393
   417678.0000002158	 -1931520.6435546875	   165631.0000000000	365	250	23	49.750000	 21048173.0904025249
   417679.0000002120	 -1936297.9980468750	   160854.0000000000	2	250	23	50.000000	 21047879.9055257067
   417680.0000002082	 -1941074.7265625000	   156077.0000000000	280	250	23	50.000000	 21047586.1308309771
   417681.0000002042	 -1945850.8193359375	   151301.0000000000	185	250	23	50.250000	 21047291.8919600807
   417682.0000002002	 -1950626.2099609375	   146525.0000000000	809	250	23	50.250000	 21046998.3685487770
   417683.0000001965	 -1955400.8701171875	   141751.0000000000	133	250	23	50.250000	 21046704.7718464136
   417684.0000001923	 -1960174.8505859375	   136977.0000000000	153	250	23	50.500000	 21046411.4648180716
   417685.0000001891	 -1964948.1953125000	   132203.0000000000	824	250	23	50.500000	 21046118.1508093812
   417686.0000001864	 -1969720.8447265625	   127431.0000000000	159	250	23	50.500000	 21045825.4580288492
   417687.0000001831	 -1974492.8369140625	   122659.0000000000	167	250	23	50.500000	 21045531.8229358941
   417688.0000001793	 -1979264.1972656250	   117887.0000000000	822	250	23	50.250000	 21045238.6555092931
   417689.0000001761	 -1984034.9052734375	   113117.0000000000	97	250	23	50.500000	 21044945.7707763650
   417690.0000001726	 -1988804.9658203125	   108347.0000000000	35	250	23	50.250000	 21044652.6906008534
   417691.0000001697	 -1993574.3857421875	   103577.0000000000	629	250	23	50.250000	 21044359.6069351844
   417692.0000001664	 -1998343.1113281250	    98808.0000000000	910	250	23	50.250000	 21044066.5791103244
   417693.0000001633	 -2003111.1884765625	    94040.0000000000	831	250	23	50.500000	 21043774.4447374605
   417694.0000001608	 -2007878.6279296875	    89273.0000000000	381	250	23	50.500000	 21043482.3592250235
   417695.0000001581	 -2012645.4208984375	    84506.0000000000	593	250	23	50.500000	 21043190.5075458325
   417696.0000001554	 -2017411.5546875000	    79740.0000000000	456	250	23	50.250000	 21042897.9229567647
   417697.0000001524	 -2022177.0732421875	    74974.0000000000	949	250	23	50.250000	 21042604.9998332113
   417698.0000001490	 -2026941.9326171875	    70210.0000000000	69	250	23	50.250000	 21042312.6176671088
   417699.0000001455	 -2031706.1054687500	    65445.0000000000	916	250	23	50.250000	 21042020.6647767648
   417700.0000001414	 -2036469.5781250000	    60682.0000000000	432	250	23	50.250000	 21041728.3942923173
   417701.0000001373	 -2041232.3808593750	    55919.0000000000	634	250	23	50.250000	 21041436.5356334448
   417702.0000001334	 -2045994.5410156250	    51157.0000000000	470	250	23	50.250000	 21041145.0504094549
   417703.0000001299	 -2050756.1005859375	    46395.0000000000	921	250	23	50.250000	 21040853.2406110466
   417704.0000001267	 -2055517.0292968750	    41634.0000000000	994	250	23	50.000000	 21040561.2144296430
   417705.0000001235	 -2060277.3613281250	    36874.0000000000	654	250	23	50.000000	 21040269.7955163717
   417706.0000001204	 -2065037.0302734375	    32114.0000000000	993	250	23	49.750000	 21039977.6785937250
   417707.0000001171	 -2069796.0673828125	    27355.0000000000	955	250	23	49.500000	 21039686.0642378666
   417708.0000001134	 -2074554.4199218750	    22597.0000000000	594	250	23	49.500000	 21039395.3293739408
   417709.0000001097	 -2079312.1767578125	    17839.0000000000	843	250	23	49.500000	 21039104.7376019508
   417710.0000001069	 -2084069.2998046875	    13082.0000000000	717	250	23	49.500000	 21038814.7286674865
   417711.0000001038	 -2088825.7890625000	     8326.0000000000	216	250	23	49.750000	 21038524.7581236511
   417712.0000001015	 -2093581.6054687500	     3570.0000000000	404	250	23	49.750000	 21038235.0144326463
   417713.0000000994	 -2098336.7402343750	  1047391.0000000000	266	250	23	50.000000	 21037945.3230922967
   417714.0000000957	 -2103091.2431640625	  1042636.0000000000	775	250	23	49.750000	 21037655.1780462824
   417715.0000000928	 -2107845.0976562500	  1037882.0000000000	924	250	23	49.750000	 21037366.1184046268
   417716.0000000894	 -2112598.3779296875	  1033129.0000000000	637	250	23	49.750000	 21037076.2037016340
   417717.0000002615	 -2117350.7607421875	  1028377.0000000000	245	251	23	49.500000	 21036786.5297617093
   417718.0000002582	 -2122102.7998046875	  1023625.0000000000	205	250	23	49.750000	 21036497.0617846623
   417719.0000002559	 -2126854.1982421875	  1018873.0000000000	821	250	23	49.750000	 21036207.8904613517
   417720.0000002530	 -2131604.9375000000	  1014123.0000000000	64	250	23	49.750000	 21035918.6877277978
   417721.0000002506	 -2136355.0595703125	  1009372.0000000000	963	250	23	49.750000	 21035629.9282300286
   417722.0000002484	 -2141104.6123046875	  1004623.0000000000	397	250	23	49.500000	 21035341.3816250339
   417723.0000002468	 -2145853.4589843750	   999874.0000000000	554	250	23	49.500000	 21035052.5627962686
   417724.0000002443	 -2150601.6406250000	   995126.0000000000	368	250	23	49.500000	 21034764.0545818992
   417725.0000002424	 -2155349.2099609375	   990378.0000000000	809	250	23	49.500000	 21034475.5777778067
   417726.0000002400	 -2160096.2001953125	   985631.0000000000	819	250	23	49.500000	 21034187.2650060207
   417727.0000002374	 -2164842.6005859375	   980885.0000000000	409	250	23	49.500000	 21033899.2942589074
   417728.0000002343	 -2169588.4072265625	   976139.0000000000	607	250	23	49.500000	 21033611.3270019554
   417729.0000002306	 -2174333.6181640625	   971394.0000000000	391	250	23	49.500000	 21033322.7210666575
   417730.0000002279	 -2179078.2207031250	   966649.0000000000	798	250	23	49.500000	 21033034.4466854967
   417731.0000002251	 -2183822.1679687500	   961905.0000000000	852	250	23	49.500000	 21032746.5841298811
   417732.0000002231	 -2188565.4609375000	   957162.0000000000	552	250	23	49.500000	 21032458.6447930150
   417733.0000002215	 -2193308.1298828125	   952419.0000000000	891	250	23	49.500000	 21032171.3999753669
   417734.0000002190	 -2198050.2460937500	   947677.0000000000	772	250	23	49.750000	 21031884.4832223654
   417735.0000002172	 -2202791.7246093750	   942936.0000000000	282	250	23	49.750000	 21031597.5978796110
   417736.0000002146	 -2207532.5820312500	   938195.0000000000	428	250	23	50.000000	 21031311.0755019672
   417737.0000002122	 -2212272.8076171875	   933455.0000000000	197	250	23	50.000000	 21031024.8742085584
   417738.0000002090	 -2217012.4091796875	   928715.0000000000	605	250	23	50.000000	 21030738.0167865567
   417739.0000002062	 -2221751.4208984375	   923976.0000000000	593	250	23	50.000000	 21030451.7282420918
   417740.0000002036	 -2226489.8505859375	   919238.0000000000	153	250	23	50.000000	 21030165.3315061331
   417741.0000002008	 -2231227.6396484375	   914500.0000000000	369	250	23	50.000000	 21029879.0255114175
   417742.0000001976	 -2235964.8261718750	   909763.0000000000	178	250	23	50.250000	 21029592.0075473003
   417743.0000001956	 -2240701.4306640625	   905026.0000000000	583	250	23	50.000000	 21029305.9458556324
   417744.0000001939	 -2245437.4433593750	   900290.0000000000	570	250	23	50.000000	 21029019.5421393253
   417745.0000001926	 -2250172.8632812500	   895555.0000000000	140	250	23	50.000000	 21028733.6898502707
   417746.0000001899	 -2254907.6464843750	   890820.0000000000	362	250	23	50.000000	 21028447.1151219420
   417747.0000001877	 -2259641.8535156250	   886086.0000000000	150	250	23	50.000000	 21028161.1267213710
   417748.0000001862	 -2264375.4570312500	   881352.0000000000	556	250	23	49.750000	 21027875.2220816649
   417749.0000001856	 -2269108.4394531250	   876619.0000000000	574	250	23	49.750000	 21027589.5791952573
   417750.0000001841	 -2273840.8105468750	   871887.0000000000	194	250	23	49.750000	 21027303.7827470452
   417751.0000001827	 -2278572.5507812500	   867155.0000000000	460	250	23	49.750000	 21027018.3248333186
   417752.0000001808	 -2283303.6767578125	   862424.0000000000	331	250	23	49.750000	 21026732.4411340505
   417753.0000001796	 -2288034.2070312500	   857693.0000000000	812	250	23	49.500000	 21026447.1786629111
   417754.0000001781	 -2292764.1054687500	   852963.0000000000	916	250	23	49.750000	 21026162.1325747594
   417755.0000001764	 -2297493.4023437500	   848234.0000000000	612	250	23	49.750000	 21025877.8577870168
   417756.0000001745	 -2302222.0917968750	   843505.0000000000	930	250	23	50.000000	 21025593.5480988659
   417757.0000001730	 -2306950.1513671875	   838777.0000000000	869	250	23	50.000000	 21025309.4862039573
   417758.0000001709	 -2311677.5585937500	   834050.0000000000	452	250	23	50.000000	 21025025.1067149378
   417759.0000001687	 -2316404.4394531250	   829323.0000000000	574	250	23	50.000000	 21024740.5666837692
   417760.0000001665	 -2321130.7412109375	   824597.0000000000	265	250	23	50.000000	 21024456.4210279286
   417761.0000001641	 -2325856.4697265625	   819871.0000000000	543	250	23	50.000000	 21024172.6697474457
   417762.0000001612	 -2330581.5410156250	   815146.0000000000	470	250	23	50.250000	 21023888.9045069031
   417763.0000001591	 -2335306.0097656250	   810421.0000000000	1014	250	23	50.250000	 21023605.2404774763
   417764.0000001578	 -2340029.8662109375	   805698.0000000000	137	250	23	50.250000	 21023321.9638430327
   417765.0000001572	 -2344753.1396484375	   800974.0000000000	881	250	23	50.250000	 21023038.7360690832
   417766.0000001566	 -2349475.8701171875	   796252.0000000000	133	250	23	50.250000	 21022755.9550210796
   417767.0000001559	 -2354198.0185546875	   791529.0000000000	1005	250	23	50.250000	 21022472.7272471301
   417768.0000001549	 -2358919.5322265625	   786808.0000000000	479	250	23	50.250000	 21022189.6809556708
   417769.0000001536	 -2363640.4951171875	   782087.0000000000	517	250	23	50.250000	 21021906.6730548702
   417770.0000001524	 -2368360.8515625000	   777367.0000000000	152	250	23	50.250000	 21021623.8605966233
   417771.0000001510	 -2373080.6123046875	   772647.0000000000	397	250	23	50.000000	 21021341.1214294359
   417772.0000001499	 -2377799.7714843750	   767928.0000000000	234	250	23	50.000000	 21021058.4520631209
   417773.0000001491	 -2382518.3574218750	   763209.0000000000	658	250	23	50.250000	 21020776.1735819429
   417774.0000001488	 -2387236.3535156250	   758491.0000000000	662	250	23	50.000000	 21020494.2126948722
   417775.0000001480	 -2391953.7753906250	   753774.0000000000	230	250	23	50.000000	 21020211.9167634733
   417776.0000001473	 -2396670.5810546875	   749057.0000000000	429	250	23	50.000000	 21019929.5300908312
   417777.0000001465	 -2401386.8115234375	   744341.0000000000	193	250	23	50.000000	 21019647.2690598704
   417778.0000001459	 -2406102.5126953125	   739625.0000000000	499	250	23	50.000000	 21019365.2034714930
   417779.0000001446	 -2410817.5771484375	   734910.0000000000	433	250	23	50.000000	 21019083.6264899150
   417780.0000001434	 -2415532.0791015625	   730195.0000000000	943	250	23	50.000000	 21018802.1018589549
   417781.0000001438	 -2420246.0751953125	   725481.0000000000	947	250	23	49.750000	 21018520.4760162123
   417782.0000001446	 -2424959.4501953125	   720768.0000000000	563	250	23	49.500000	 21018239.3841505386
   417783.0000001434	 -2429672.2050781250	   716055.0000000000	814	250	23	49.500000	 21017957.8420693576
   417784.0000001424	 -2434384.3857421875	   711343.0000000000	629	250	23	49.500000	 21017676.3872393034
   417785.0000001412	 -2439095.9345703125	   706632.0000000000	67	250	23	49.750000	 21017395.5431675315
   417786.0000001405	 -2443806.8876953125	   701921.0000000000	115	250	23	50.000000	 21017114.3012302443
   417787.0000001409	 -2448517.2480468750	   697210.0000000000	770	250	23	49.750000	 21016833.2477551624
   417788.0000001406	 -2453227.0625000000	   692500.0000000000	960	250	23	49.500000	 21016552.0023277216
   417789.0000001406	 -2457936.3105468750	   687791.0000000000	706	250	23	49.500000	 21016271.9539862871
   417790.0000001403	 -2462644.9287109375	   683083.0000000000	73	250	23	49.750000	 21015991.7102022655
   417791.0000001407	 -2467353.0302734375	   678374.0000000000	993	250	23	50.000000	 21015712.0701962188
   417792.0000001398	 -2472060.5957031250	   673667.0000000000	414	250	23	49.750000	 21015432.0637355670
   417793.0000001398	 -2476767.5488281250	   668960.0000000000	462	250	23	50.000000	 21015152.1584860645
   417794.0000001401	 -2481473.9296875000	   664254.0000000000	72	250	23	49.750000	 21014871.5168365613
   417795.0000001409	 -2486179.6972656250	   659548.0000000000	310	250	23	49.750000	 21014591.8733403236
   417796.0000001416	 -2490884.9482421875	   654843.0000000000	53	250	23	49.750000	 21014312.4811274819
   417797.0000001423	 -2495589.6455078125	   650138.0000000000	363	250	23	49.750000	 21014033.3576482534
   417798.0000001419	 -2500293.7343750000	   645434.0000000000	272	250	23	49.750000	 21013753.6513315253
   417799.0000001417	 -2504997.2783203125	   640730.0000000000	739	250	23	49.500000	 21013474.5522828922
   417800.0000001417	 -2509700.2314453125	   636027.0000000000	787	250	23	49.500000	 21013194.9681176580
   417801.0000001426	 -2514402.5488281250	   631325.0000000000	462	250	23	49.500000	 21012915.7713473998
   417802.0000001439	 -2519104.3203125000	   626623.0000000000	696	250	23	49.500000	 21012637.4296384789
   417803.0000001451	 -2523805.5234375000	   621922.0000000000	488	250	23	49.500000	 21012359.4648546651
   417804.0000001461	 -2528506.1542968750	   617221.0000000000	866	250	23	49.500000	 21012081.4477202334
   417805.0000001467	 -2533206.2392578125	   612521.0000000000	779	250	23	49.500000	 21011803.4689763933
   417806.0000001474	 -2537905.7285156250	   607822.0000000000	278	250	23	49.500000	 21011525.3471406549
   417807.0000001485	 -2542604.7001953125	   603123.0000000000	307	250	23	49.500000	 21011247.3649066240
   417808.0000001502	 -2547303.0781250000	   598424.0000000000	944	250	23	49.750000	 21010969.9864505678
   417809.0000001508	 -2552000.8935546875	   593727.0000000000	109	250	23	49.750000	 21010692.0077067278
   417810.0000001526	 -2556698.1015625000	   589029.0000000000	920	250	23	50.000000	 21010414.3605170250
   417811.0000001547	 -2561394.7236328125	   584333.0000000000	283	250	23	49.750000	 21010136.8180286288
   417812.0000001572	 -2566090.7939453125	   579637.0000000000	211	250	23	50.000000	 21009859.6838756204
   417813.0000001597	 -2570786.2958984375	   574941.0000000000	721	250	23	50.000000	 21009582.2809889652
   417814.0000001622	 -2575481.1601562500	   570246.0000000000	860	250	23	50.000000	 21009305.4155695662
   417815.0000001641	 -2580175.4882812500	   565552.0000000000	524	250	23	49.750000	 21009029.1085578389
   417816.0000001660	 -2584869.2431640625	   560858.0000000000	775	250	23	49.750000	 21008752.6584541425
   417817.0000001675	 -2589562.4130859375	   556165.0000000000	601	250	23	49.750000	 21008475.3532891497
   417818.0000001689	 -2594254.9892578125	   551473.0000000000	11	250	23	49.750000	 21008197.7619402893
   417819.0000001706	 -2598946.9863281250	   546781.0000000000	14	250	23	49.750000	 21007921.0989438258
   417820.0000001722	 -2603638.4550781250	   542089.0000000000	558	250	23	49.500000	 21007643.8286792301
   417821.0000001739	 -2608329.3242187500	   537398.0000000000	692	250	23	49.250000	 21007367.1831329837
   417822.0000001770	 -2613019.6103515625	   532708.0000000000	399	250	23	49.250000	 21007090.4922157638
   417823.0000001813	 -2617709.3330078125	   528018.0000000000	683	250	23	49.250000	 21006814.4713871665
   417824.0000001840	 -2622398.4990234375	   523329.0000000000	513	250	23	49.250000	 21006538.4086784869
   417825.0000001865	 -2627087.1250000000	   518640.0000000000	896	250	23	49.250000	 21006262.2761689015
   417826.0000001877	 -2631775.2021484375	   513952.0000000000	817	250	23	49.000000	 21005986.3146720380
   417827.0000001886	 -2636462.7392578125	   509265.0000000000	267	250	23	49.000000	 21005710.4264661968
   417828.0000001894	 -2641149.6669921875	   504578.0000000000	341	250	23	49.000000	 21005434.5033599250
   417829.0000001906	 -2645835.9609375000	   499892.0000000000	40	250	23	49.000000	 21005159.2747728378
   417830.0000001919	 -2650521.6552734375	   495206.0000000000	353	250	23	49.000000	 21004883.0619925447
   417831.0000001932	 -2655206.7919921875	   490521.0000000000	213	250	23	48.750000	 21004607.1353961118
   417832.0000001952	 -2659891.4052734375	   485836.0000000000	609	250	23	48.750000	 21004331.0063767172
   417833.0000001978	 -2664575.4091796875	   481152.0000000000	605	250	23	48.750000	 21004055.3205931149
   417834.0000002002	 -2669258.8798828125	   476469.0000000000	123	250	23	48.750000	 21003780.0117346495
   417835.0000002037	 -2673941.8359375000	   471786.0000000000	168	250	23	48.750000	 21003505.6242482364
   417836.0000002069	 -2678624.1923828125	   467103.0000000000	827	250	23	48.750000	 21003231.2751524150
   417837.0000002098	 -2683305.9882812500	   462422.0000000000	12	250	23	49.000000	 21002956.8213552870
   417838.0000002120	 -2687987.2441406250	   457740.0000000000	774	250	23	49.000000	 21002683.0341572911
   417839.0000002144	 -2692667.8857421875	   453060.0000000000	117	250	23	49.250000	 21002409.0305763334
   417840.0000002172	 -2697347.9804687500	   448380.0000000000	20	250	23	49.250000	 21002135.5609724447
   417841.0000002206	 -2702027.5244140625	   443700.0000000000	487	250	23	49.250000	 21001862.9813303612
   417842.0000002244	 -2706706.5244140625	   439021.0000000000	487	250	23	49.250000	 21001589.9514721073
   417843.0000002285	 -2711384.9062500000	   434343.0000000000	96	250	23	49.250000	 21001316.7401312925
   417844.0000002321	 -2716062.7558593750	   429665.0000000000	250	250	23	49.500000	 21001043.8010143153
   417845.0000002359	 -2720740.0107421875	   424987.0000000000	1013	250	23	49.500000	 21000770.9142479599
   417846.0000002400	 -2725416.7343750000	   420311.0000000000	272	250	23	49.500000	 21000498.1321829446
   417847.0000002449	 -2730092.8935546875	   415635.0000000000	109	250	23	49.500000	 21000225.5595205054
   417848.0000002497	 -2734768.4648437500	   410959.0000000000	548	250	23	49.500000	 20999953.5417755805
   417849.0000002544	 -2739443.4394531250	   406284.0000000000	574	250	23	49.500000	 20999681.0773046389
   417850.0000002587	 -2744117.8701171875	   401610.0000000000	133	250	23	49.500000	 20999408.3650404625
   417851.0000000888	 -2748792.0019531250	   396935.0000000000	1022	249	23	49.500000	 20999136.2077435851
   417852.0000000942	 -2753465.3437500000	   392262.0000000000	672	250	23	49.500000	 20998863.9352250397
   417853.0000000987	 -2758138.1083984375	   387589.0000000000	913	250	23	49.500000	 20998591.8302289881
   417854.0000001027	 -2762810.3164062500	   382917.0000000000	700	250	23	49.750000	 20998320.0323572122
   417855.0000001062	 -2767482.0039062500	   378245.0000000000	1020	250	23	49.750000	 20998048.2030751556
   417856.0000001098	 -2772153.0976562500	   373574.0000000000	924	250	23	49.500000	 20997775.6932339408
   417857.0000001139	 -2776823.6425781250	   368904.0000000000	366	250	23	49.750000	 20997504.0384540632
   417858.0000001178	 -2781493.5869140625	   364234.0000000000	423	250	23	49.750000	 20997232.4744154289
   417859.0000001212	 -2786162.9785156250	   359565.0000000000	22	250	23	49.500000	 20996960.3414993249
   417860.0000001258	 -2790831.8291015625	   354896.0000000000	175	250	23	49.500000	 20996688.8263211884
   417861.0000001304	 -2795500.1406250000	   350227.0000000000	880	250	23	49.500000	 20996417.3285932690
   417862.0000001355	 -2800167.8798828125	   345560.0000000000	123	250	23	49.500000	 20996145.4155496471
   417863.0000001406	 -2804835.0839843750	   340892.0000000000	938	250	23	49.500000	 20995873.9317817576
   417864.0000001462	 -2809501.7246093750	   336226.0000000000	282	250	23	49.500000	 20995603.5718088448
   417865.0000001517	 -2814167.8662109375	   331560.0000000000	137	250	23	49.500000	 20995333.6585619487
   417866.0000001573	 -2818833.4345703125	   326894.0000000000	579	250	23	49.500000	 20995064.0140486658
   417867.0000001623	 -2823498.4736328125	   322229.0000000000	539	250	23	49.500000	 20994794.3555753194
   417868.0000001683	 -2828162.9394531250	   317565.0000000000	62	250	23	49.500000	 20994524.4213880152
   417869.0000001753	 -2832826.8847656250	   312901.0000000000	118	250	23	49.750000	 20994255.0874884613
   417870.0000001811	 -2837490.3085937500	   308237.0000000000	708	250	23	49.750000	 20993985.2440424003
   417871.0000001867	 -2842153.1875000000	   303574.0000000000	832	250	23	49.750000	 20993715.7600712664
   417872.0000001926	 -2846815.5087890625	   298912.0000000000	503	250	23	49.750000	 20993446.3633511886
   417873.0000001983	 -2851477.2343750000	   294250.0000000000	784	250	23	50.000000	 20993177.0399221703
   417874.0000002034	 -2856138.4443359375	   289589.0000000000	569	250	23	49.750000	 20992907.8630752712
   417875.0000002083	 -2860799.1054687500	   284928.0000000000	916	250	23	49.750000	 20992638.0266095921
   417876.0000002129	 -2865459.1962890625	   280268.0000000000	823	250	23	49.750000	 20992367.5305251330
   417877.0000002177	 -2870118.7343750000	   275609.0000000000	272	250	23	49.750000	 20992097.9453428462
   417878.0000002226	 -2874777.7343750000	   270950.0000000000	272	250	23	49.750000	 20991828.8417869769
   417879.0000002279	 -2879436.1816406250	   266291.0000000000	838	250	23	49.750000	 20991559.6823902987
   417880.0000002340	 -2884094.0703125000	   261633.0000000000	952	250	23	49.750000	 20991291.3571145497
   417881.0000002407	 -2888751.4179687500	   256976.0000000000	596	250	23	49.750000	 20991023.3668831252
   417882.0000002476	 -2893408.1923828125	   252319.0000000000	827	250	23	49.750000	 20990754.8217342570
   417883.0000002544	 -2898064.4882812500	   247663.0000000000	524	250	23	49.750000	 20990486.1334934235
   417884.0000002617	 -2902720.2324218750	   243007.0000000000	786	250	23	49.750000	 20990217.8884884156
   417885.0000000931	 -2907375.6123046875	   238352.0000000000	397	249	23	49.500000	 20989948.7082011551
   417886.0000001003	 -2912030.2568359375	   233697.0000000000	761	250	23	49.500000	 20989680.5539373904
   417887.0000001076	 -2916684.3583984375	   229043.0000000000	657	250	23	49.500000	 20989412.8813000731
   417888.0000001147	 -2921337.9316406250	   224390.0000000000	70	250	23	49.500000	 20989144.5490439758
   417889.0000001218	 -2925990.9804687500	   219737.0000000000	20	250	23	49.500000	 20988876.5204219259
   417890.0000001287	 -2930643.5136718750	   215084.0000000000	498	250	23	49.500000	 20988608.4394492581
   417891.0000001363	 -2935295.5107421875	   210432.0000000000	501	250	23	49.250000	 20988340.2642451189
   417892.0000001439	 -2939946.9531250000	   205781.0000000000	48	250	23	49.250000	 20988072.2495831288
   417893.0000001513	 -2944597.8261718750	   201130.0000000000	178	250	23	49.250000	 20987805.4703977741
   417894.0000001583	 -2949248.1699218750	   196479.0000000000	850	250	23	49.500000	 20987539.1065281220
   417895.0000001644	 -2953898.0156250000	   191829.0000000000	1008	250	23	49.500000	 20987272.2121716253
   417896.0000001713	 -2958547.3388671875	   187180.0000000000	677	250	23	49.500000	 20987005.9913939014
   417897.0000001783	 -2963196.1064453125	   182531.0000000000	915	250	23	49.500000	 20986739.7880664319
   417898.0000001857	 -2967844.3925781250	   177883.0000000000	622	250	23	49.500000	 20986473.1345227584
   417899.0000001939	 -2972492.1132812500	   173235.0000000000	908	250	23	49.250000	 20986206.4565485530
   417900.0000002021	 -2977139.3037109375	   168588.0000000000	713	250	23	49.250000	 20985940.6022254042
   417901.0000002101	 -2981785.9912109375	   163942.0000000000	9	250	23	49.250000	 20985674.8560937531
   417902.0000002178	 -2986432.1621093750	   159295.0000000000	858	250	23	49.250000	 20985408.5585348122
   417903.0000002258	 -2991077.8027343750	   154650.0000000000	202	250	23	49.500000	 20985142.3831274323
   417904.0000002343	 -2995722.9062500000	   150005.0000000000	96	250	23	49.500000	 20984876.9371396378
   417905.0000002432	 -3000367.4541015625	   145360.0000000000	559	250	23	49.750000	 20984611.5784029663
   417906.0000002516	 -3005011.4931640625	   140716.0000000000	519	250	23	49.750000	 20984346.9386160783
   417907.0000002595	 -3009654.9501953125	   136073.0000000000	51	250	23	49.500000	 20984081.8730436154
   417908.0000000914	 -3014298.1328125000	   131429.0000000000	888	249	23	49.500000	 20983816.2665641978
   417909.0000000999	 -3018940.5117187500	   126787.0000000000	500	250	23	49.500000	 20983550.9636683688
   417910.0000001090	 -3023582.3857421875	   122145.0000000000	629	250	23	49.250000	 20983285.8003742471
   417911.0000001188	 -3028223.7480468750	   117504.0000000000	258	250	23	49.250000	 20983020.3090155162
   417912.0000001296	 -3032864.5439453125	   112863.0000000000	467	250	23	49.000000	 20982755.2574024163
   417913.0000001400	 -3037504.8115234375	   108223.0000000000	193	250	23	49.000000	 20982490.7990973853
   417914.0000001505	 -3042144.5986328125	   103583.0000000000	411	250	23	49.000000	 20982227.0737021640
   417915.0000001604	 -3046783.8427734375	    98944.0000000000	161	250	23	49.250000	 20981962.6014371067
   417916.0000001708	 -3051422.5361328125	    94305.0000000000	475	250	23	49.250000	 20981699.2878674641
   417917.0000001803	 -3056060.6953125000	    89667.0000000000	312	250	23	49.500000	 20981435.3914602585
   417918.0000001895	 -3060698.2871093750	    85029.0000000000	730	250	23	49.250000	 20981170.8528844863
   417919.0000001998	 -3065335.4062500000	    80392.0000000000	608	250	23	49.500000	 20980907.8080484569
   417920.0000002105	 -3069971.9980468750	    75756.0000000000	2	250	23	49.500000	 20980644.8679137342
   417921.0000002201	 -3074608.1191406250	    71119.0000000000	902	250	23	49.500000	 20980381.8824087046
   417922.0000002309	 -3079243.6601562500	    66484.0000000000	348	250	23	49.750000	 20980118.3873565383
   417923.0000002420	 -3083878.7148437500	    61849.0000000000	292	250	23	49.750000	 20979855.4262814075
   417924.0000002526	 -3088513.2148437500	    57214.0000000000	804	250	23	49.750000	 20979592.0219704881
   417925.0000000875	 -3093147.4277343750	    52580.0000000000	586	249	23	49.750000	 20979328.6107296795
   417926.0000000981	 -3097780.8525390625	    47947.0000000000	151	250	23	49.750000	 20979066.3337039277
   417927.0000001084	 -3102413.8076171875	    43314.0000000000	197	250	23	49.750000	 20978804.7023368999
   417928.0000001193	 -3107046.2080078125	    38681.0000000000	811	250	23	49.750000	 20978542.6905545741
   417929.0000001298	 -3111678.0859375000	    34049.0000000000	936	250	23	49.750000	 20978280.9684462696
   417930.0000001401	 -3116309.4248046875	    29418.0000000000	589	250	23	50.000000	 20978018.6216196492
   417931.0000001515	 -3120940.2031250000	    24787.0000000000	816	250	23	49.750000	 20977756.0165292546
   417932.0000001623	 -3125570.4687500000	    20157.0000000000	544	250	23	49.500000	 20977492.9682030343
   417933.0000001733	 -3130200.1777343750	    15527.0000000000	842	250	23	49.500000	 20977230.6876870953
   417934.0000001842	 -3134829.4296875000	    10898.0000000000	584	250	23	49.250000	 20976968.6584545486
   417935.0000001964	 -3139458.1914062500	     6269.0000000000	828	250	23	49.250000	 20976706.7443931811
   417936.0000002083	 -3144086.4560546875	     1641.0000000000	557	250	23	49.250000	 20976444.8687224090
   417937.0000002199	 -3148714.1474609375	  1045589.0000000000	873	250	23	49.000000	 20976183.0488924757
   417938.0000002327	 -3153341.2792968750	  1040962.0000000000	738	250	23	49.250000	 20975921.3093332872
   417939.0000002463	 -3157967.8945312500	  1036336.0000000000	108	250	23	49.250000	 20975660.4038950577
   417940.0000002590	 -3162594.0283203125	  1031709.0000000000	995	250	23	49.250000	 20975399.3448950276
   417941.0000000975	 -3167219.8759765625	  1027084.0000000000	127	249	23	49.250000	 20975139.7168640383
   417942.0000001100	 -3171844.8652343750	  1022459.0000000000	138	250	23	49.500000	 20974879.1778810471
   417943.0000001230	 -3176469.3984375000	  1017834.0000000000	616	250	23	49.500000	 20974619.0646836273
   417944.0000001362	 -3181093.4150390625	  1013210.0000000000	599	250	23	49.500000	 20974358.3058274873
   417945.0000001491	 -3185716.8339843750	  1008587.0000000000	170	250	23	49.500000	 20974097.8715458028
   417946.0000001605	 -3190339.7822265625	  1003964.0000000000	223	250	23	49.250000	 20973837.3046427593
   417947.0000001735	 -3194962.1933593750	   999341.0000000000	826	250	23	49.250000	 20973577.3170870543
   417948.0000001877	 -3199584.0439453125	   994719.0000000000	979	250	23	49.250000	 20973317.4447025284
   417949.0000002031	 -3204205.3642578125	   990098.0000000000	651	250	23	49.250000	 20973058.3505981155
   417950.0000002164	 -3208826.1679687500	   985477.0000000000	852	250	23	49.250000	 20972798.8795692623
   417951.0000002305	 -3213446.4589843750	   980857.0000000000	554	250	23	49.000000	 20972538.5430085398
   417952.0000002447	 -3218066.2099609375	   976237.0000000000	809	250	23	49.000000	 20972278.6531737931
   417953.0000002584	 -3222685.4482421875	   971618.0000000000	565	250	23	48.750000	 20972019.3217466846
   417954.0000000963	 -3227304.4570312500	   966999.0000000000	556	249	23	49.000000	 20971759.5366637371
   417955.0000001098	 -3231922.7080078125	   962381.0000000000	299	250	23	49.000000	 20971500.7252536677
   417956.0000001232	 -3236540.4326171875	   957763.0000000000	581	250	23	49.000000	 20971242.0045848750
   417957.0000001365	 -3241157.5937500000	   953146.0000000000	416	250	23	49.000000	 20970983.4270079806
   417958.0000001496	 -3245774.3076171875	   948529.0000000000	709	250	23	49.000000	 20970724.7796302512
   417959.0000001632	 -3250390.4638671875	   943913.0000000000	549	250	23	49.000000	 20970466.2718542293
   417960.0000001769	 -3255006.1298828125	   939297.0000000000	891	250	23	49.250000	 20970208.3887965567
   417961.0000001907	 -3259621.3076171875	   934682.0000000000	709	250	23	49.250000	 20969950.8093729652
   417962.0000002037	 -3264235.9941406250	   930068.0000000000	6	250	23	49.250000	 20969692.2876369134
   417963.0000002175	 -3268850.1220703125	   925453.0000000000	899	250	23	49.250000	 20969434.4045792744
   417964.0000002304	 -3273463.6835937500	   920840.0000000000	324	250	23	49.250000	 20969176.4377606660
   417965.0000002427	 -3278076.7548828125	   916227.0000000000	251	250	23	49.250000	 20968918.2440892644
   417966.0000002555	 -3282689.3417968750	   911614.0000000000	674	250	23	49.500000	 20968659.0801846832
   417967.0000000950	 -3287301.6542968750	   907002.0000000000	354	249	23	49.250000	 20968401.3402687311
   417968.0000001099	 -3291913.1533203125	   902390.0000000000	867	250	23	49.500000	 20968143.9493073449
   417969.0000001243	 -3296524.0976562500	   897779.0000000000	924	250	23	49.500000	 20967887.5634796023
   417970.0000001385	 -3301134.5224609375	   893169.0000000000	489	250	23	49.750000	 20967631.5196765363
   417971.0000001529	 -3305744.4765625000	   888559.0000000000	536	250	23	49.750000	 20967374.2578470185
   417972.0000001678	 -3310353.9042968750	   883950.0000000000	98	250	23	49.750000	 20967117.4392533265
   417973.0000001815	 -3314962.8427734375	   879341.0000000000	161	250	23	49.750000	 20966860.1285633482
   417974.0000001962	 -3319571.1884765625	   874732.0000000000	831	250	23	49.750000	 20966603.0970768519
   417975.0000002109	 -3324179.0888671875	   870124.0000000000	933	250	23	49.750000	 20966345.6537648104
   417976.0000002267	 -3328786.4287109375	   865517.0000000000	585	250	23	49.500000	 20966088.9538324513
   417977.0000002423	 -3333393.2675781250	   860910.0000000000	750	250	23	49.500000	 20965832.6482754201
   417978.0000002576	 -3337999.5527343750	   856304.0000000000	458	250	23	49.250000	 20965575.9518332519
   417979.0000000992	 -3342605.5214843750	   851698.0000000000	490	249	23	49.250000	 20965319.6986766979
   417980.0000001155	 -3347210.7714843750	   847093.0000000000	234	250	23	49.250000	 20965064.1399895363
   417981.0000001317	 -3351815.5332031250	   842488.0000000000	478	250	23	49.500000	 20964807.9914844669
   417982.0000001483	 -3356419.8251953125	   837884.0000000000	179	250	23	49.250000	 20964552.4118568972
   417983.0000001650	 -3361023.5371093750	   833280.0000000000	474	250	23	49.250000	 20964297.1358634122
   417984.0000001808	 -3365626.7685546875	   828677.0000000000	237	250	23	49.250000	 20964041.4375745095
