   417098.0000000202	   942503.6298828125	   942503.0000000000	645	250	47	48.250000	 21271540.0447649918
   417098.9999999392	   937981.6318359375	   937981.0000000000	647	250	47	48.250000	 21271270.3688660078
   417100.0000000774	   933459.9072265625	   933459.0000000000	929	251	47	48.500000	 21271014.1470350772
   417101.0000001984	   928935.8056640625	   928935.0000000000	825	241	47	48.500000	 21271277.8165519461
   417102.0000001465	   924413.6503906250	   924413.0000000000	666	249	47	48.750000	 21271069.3455967307
   417103.0000002445	   919892.0957031250	   919892.0000000000	98	251	47	48.500000	 21270800.8318321817
   417104.0000001684	   915370.4208984375	   915370.0000000000	431	250	47	48.250000	 21270532.8904851191
   417105.0000000926	   910848.7919921875	   910848.0000000000	811	250	47	48.500000	 21270265.3225729726
   417106.0000001912	   906327.5224609375	   906327.0000000000	535	251	47	48.500000	 21269998.1280459575
   417107.0000001146	   901806.1162109375	   901806.0000000000	119	250	47	48.500000	 21269731.0487406068
   417108.0000002117	   897285.1191406250	   897285.0000000000	122	251	47	48.750000	 21269463.3830577098
   417109.0000001341	   892763.9707031250	   892763.0000000000	994	250	47	48.500000	 21269196.5794663541
   417110.0000002318	   888243.2109375000	   888243.0000000000	216	251	47	48.750000	 21268928.5159179419
   417111.0000001547	   883722.3818359375	   883722.0000000000	391	250	47	48.500000	 21268661.2970108502
   417112.0000002526	   879201.9433593750	   879201.0000000000	966	251	47	48.500000	 21268393.8756310046
   417113.0000001743	   874681.4189453125	   874681.0000000000	429	250	47	48.250000	 21268125.4142675996
   417114.0000000970	   870161.0273437500	   870161.0000000000	28	250	47	48.250000	 21267857.2670080774
   417115.0000001946	   865641.0253906250	   865641.0000000000	26	251	47	48.250000	 21267589.3465515971
   417116.0000001176	   861120.9648437500	   861120.0000000000	988	250	47	48.000000	 21267321.5552768111
   417117.0000002155	   856601.3935546875	   856601.0000000000	403	251	47	48.000000	 21267053.2927956581
   417118.0000001377	   852081.7470703125	   852081.0000000000	765	250	47	48.000000	 21266786.1157693490
   417119.0000002359	   847562.5000000000	   847562.0000000000	512	251	47	48.000000	 21266519.3540082835
   417120.0000001586	   843043.2246093750	   843043.0000000000	230	250	47	48.250000	 21266252.4945760854
   417121.0000002563	   838524.3906250000	   838524.0000000000	400	251	47	48.250000	 21265985.3070294484
   417122.0000001790	   834005.5507812500	   834005.0000000000	564	250	47	48.250000	 21265717.4634040110
   417123.0000001024	   829486.9130859375	   829486.0000000000	935	250	47	48.500000	 21265450.3840986602
   417124.0000002008	   824968.7646484375	   824968.0000000000	783	251	47	48.500000	 21265183.8003299311
   417125.0000001237	   820450.5742187500	   820450.0000000000	588	250	47	48.250000	 21264917.0281488225
   417126.0000002222	   815932.8427734375	   815932.0000000000	863	251	47	48.250000	 21264650.3361886255
   417127.0000001465	   811415.1123046875	   811415.0000000000	115	250	47	48.250000	 21264383.9653625265
   417128.0000002481	   806897.8525390625	   806897.0000000000	873	251	47	48.250000	 21264117.8038885444
   417129.0000001735	   802380.5224609375	   802380.0000000000	535	250	47	48.250000	 21263850.8711646199
   417130.0000000997	   797863.4121093750	   797863.0000000000	422	250	47	48.500000	 21263584.6469199397
   417131.0000001997	   793346.7832031250	   793346.0000000000	802	251	47	48.500000	 21263317.8537479304
   417132.0000001255	   788830.0820312500	   788830.0000000000	84	250	47	48.250000	 21263051.6329934075
   417133.0000002265	   784313.8730468750	   784313.0000000000	894	251	47	48.500000	 21262785.8693849444
   417134.0000001527	   779797.6474609375	   779797.0000000000	663	250	47	48.250000	 21262520.9155173339
   417135.0000002534	   775281.8994140625	   775281.0000000000	921	251	47	48.500000	 21262255.6021250412
   417136.0000001796	   770766.1474609375	   770766.0000000000	151	250	47	48.750000	 21261990.0933399536
   417137.0000001062	   766250.6708984375	   766250.0000000000	687	250	47	48.750000	 21261724.3856221251
   417138.0000002081	   761735.7363281250	   761735.0000000000	754	251	47	48.500000	 21261458.7406749986
   417139.0000001339	   757220.7802734375	   757220.0000000000	799	250	47	48.500000	 21261192.9666464552
   417140.0000002366	   752706.3037109375	   752706.0000000000	311	251	47	48.500000	 21260928.3896534629
   417141.0000001637	   748191.8642578125	   748191.0000000000	885	250	47	48.500000	 21260662.7133459151
   417142.0000000922	   743677.6523437500	   743677.0000000000	668	250	47	48.250000	 21260398.0282112509
   417143.0000001966	   739163.9218750000	   739163.0000000000	944	251	47	48.250000	 21260133.4198073149
   417144.0000001247	   734650.1718750000	   734650.0000000000	176	250	47	48.250000	 21259867.7365193851
   417145.0000002283	   730136.9453125000	   730136.0000000000	968	251	47	48.000000	 21259601.5959851146
   417146.0000001572	   725623.7207031250	   725623.0000000000	738	250	47	48.000000	 21259336.5862759948
   417147.0000002609	   721111.0820312500	   721111.0000000000	84	251	47	48.000000	 21259072.6270209700
   417148.0000001886	   716598.4550781250	   716598.0000000000	466	250	47	48.000000	 21258808.4130428880
   417149.0000001174	   712086.1064453125	   712086.0000000000	109	250	47	48.250000	 21258544.6737108380
   417150.0000002216	   707574.3007812500	   707574.0000000000	308	251	47	48.000000	 21258280.9971494898
   417151.0000001512	   703062.5253906250	   703062.0000000000	538	250	47	48.000000	 21258016.3399349153
   417152.0000002570	   698551.2744140625	   698551.0000000000	281	251	47	48.000000	 21257753.2950715944
   417153.0000001870	   694040.0458984375	   694040.0000000000	47	250	47	48.000000	 21257490.4945618100
   417154.0000001175	   689529.1787109375	   689529.0000000000	183	250	47	48.250000	 21257226.9576520287
   417155.0000002238	   685018.8359375000	   685018.0000000000	856	251	47	48.250000	 21256964.0698406659
   417156.0000001552	   680508.4970703125	   680508.0000000000	509	250	47	48.250000	 21256701.4019522443
   417157.0000002619	   675998.6708984375	   675998.0000000000	687	251	47	48.250000	 21256437.6171987355
   417158.0000001942	   671488.9052734375	   671488.0000000000	927	250	47	48.250000	 21256174.9074295647
   417159.0000001271	   666979.4208984375	   666979.0000000000	431	250	47	48.500000	 21255912.5327046886
   417160.0000002339	   662470.4306640625	   662470.0000000000	441	251	47	48.500000	 21255649.2295775935
   417161.0000001655	   657961.5009765625	   657961.0000000000	513	250	47	48.500000	 21255387.1689573042
   417162.0000000967	   653452.8681640625	   653452.0000000000	889	250	47	48.500000	 21255125.1467276365
   417163.0000002030	   648944.7236328125	   648944.0000000000	741	251	47	48.500000	 21254862.9743759036
   417164.0000001343	   644436.6445312500	   644436.0000000000	660	250	47	48.500000	 21254600.6834125929
   417165.0000002422	   639929.0908203125	   639929.0000000000	93	251	47	48.500000	 21254339.1253086664
   417166.0000001753	   635421.5566406250	   635421.0000000000	570	250	47	48.500000	 21254077.5358442552
   417167.0000001077	   630914.3623046875	   630914.0000000000	371	250	47	48.250000	 21253815.0215176381
   417168.0000002153	   626407.6337890625	   626407.0000000000	649	251	47	48.250000	 21253552.9119863920
   417169.0000001477	   621900.9892578125	   621900.0000000000	1013	250	47	48.250000	 21253290.2545678429
   417170.0000002552	   617394.8564453125	   617394.0000000000	877	251	47	48.000000	 21253027.0177514628
   417171.0000001886	   612888.7392578125	   612888.0000000000	757	250	47	48.000000	 21252765.3549959883
   417172.0000001223	   608382.9375000000	   608382.0000000000	960	250	47	48.250000	 21252502.3660226390
   417173.0000002318	   603877.6796875000	   603877.0000000000	696	251	47	48.000000	 21252239.5794217288
   417174.0000001671	   599372.4619140625	   599372.0000000000	473	250	47	48.000000	 21251977.0441540368
   417175.0000001020	   594867.5273437500	   594867.0000000000	540	250	47	47.750000	 21251714.2785433270
   417176.0000002132	   590363.1503906250	   590363.0000000000	154	251	47	48.000000	 21251453.4289179146
   417177.0000001484	   585858.7792968750	   585858.0000000000	798	250	47	48.000000	 21251193.0225788504
   417178.0000002583	   581354.9687500000	   581354.0000000000	992	251	47	48.000000	 21250932.5045082793
   417179.0000001933	   576851.2490234375	   576851.0000000000	255	250	47	48.000000	 21250672.0458185300
   417180.0000001278	   572347.8154296875	   572347.0000000000	835	250	47	48.000000	 21250411.0008010566
   417181.0000002395	   567844.9550781250	   567844.0000000000	978	251	47	48.000000	 21250150.7200531848
   417182.0000001748	   563342.0517578125	   563342.0000000000	53	250	47	48.000000	 21249890.3660647422
   417183.0000001110	   558839.4326171875	   558839.0000000000	443	250	47	48.250000	 21249631.8478407152
   417184.0000002211	   554337.3388671875	   554337.0000000000	347	251	47	48.500000	 21249372.5094059668
   417185.0000001575	   549835.3134765625	   549835.0000000000	321	250	47	48.500000	 21249113.7573487274
   417186.0000000946	   545333.6015625000	   545333.0000000000	616	250	47	48.750000	 21248855.2495945729
   417187.0000002065	   540832.3701171875	   540832.0000000000	379	251	47	48.750000	 21248596.4346663579
   417188.0000001430	   536331.1718750000	   536331.0000000000	176	250	47	48.750000	 21248337.3056840114
   417189.0000002559	   531830.4882812500	   531830.0000000000	500	251	47	49.000000	 21248078.1068503372
   417190.0000001924	   527329.7636718750	   527329.0000000000	782	250	47	49.000000	 21247818.7998756245
   417191.0000001307	   522829.3144531250	   522829.0000000000	322	250	47	49.000000	 21247558.9240227416
   417192.0000002450	   518329.3798828125	   518329.0000000000	389	251	47	49.000000	 21247300.6989117712
   417193.0000001821	   513829.5849609375	   513829.0000000000	599	250	47	48.750000	 21247040.7253379263
   417194.0000001199	   509330.0175781250	   509330.0000000000	18	250	47	48.500000	 21246781.4078927115
   417195.0000002331	   504831.0273437500	   504831.0000000000	28	251	47	48.750000	 21246521.5634002797
   417196.0000001731	   500332.0546875000	   500332.0000000000	56	250	47	48.500000	 21246261.7643279508
   417197.0000001127	   495833.3974609375	   495833.0000000000	407	250	47	48.250000	 21246001.5394700132
   417198.0000002282	   491335.2089843750	   491335.0000000000	214	251	47	48.250000	 21245742.3929862939
   417199.0000001676	   486837.0791015625	   486837.0000000000	81	250	47	48.500000	 21245483.8503310047
   417200.0000001077	   482339.2197265625	   482339.0000000000	225	250	47	48.500000	 21245226.1976375207
   417201.0000002211	   477841.9062500000	   477841.0000000000	928	251	47	48.500000	 21244968.5867749900
   417202.0000001603	   473344.6386718750	   473344.0000000000	654	250	47	48.500000	 21244710.2430524454
   417203.0000001009	   468847.7119140625	   468847.0000000000	729	250	47	48.500000	 21244452.8905028515
   417204.0000002158	   464351.3007812500	   464351.0000000000	308	251	47	48.250000	 21244195.0178863555
   417205.0000001575	   459854.9267578125	   459854.0000000000	949	250	47	48.250000	 21243938.8554424271
   417206.0000000985	   455358.8398437500	   455358.0000000000	860	250	47	48.500000	 21243681.9112281539
   417207.0000002139	   450863.2734375000	   450863.0000000000	280	251	47	48.750000	 21243425.3054986075
   417208.0000001543	   446367.7763671875	   446367.0000000000	795	250	47	48.750000	 21243167.6144144945
   417209.0000000960	   441872.5742187500	   441872.0000000000	588	250	47	48.500000	 21242910.1815934591
   417210.0000002127	   437377.8808593750	   437377.0000000000	902	251	47	48.250000	 21242652.8324835338
   417211.0000001537	   432883.2568359375	   432883.0000000000	263	250	47	48.500000	 21242396.0313611925
   417212.0000000946	   428388.8720703125	   428388.0000000000	893	250	47	48.500000	 21242138.7835128717
   417213.0000002105	   423895.0449218750	   423895.0000000000	46	251	47	48.500000	 21241880.7608241327
   417214.0000001526	   419401.2509765625	   419401.0000000000	257	250	47	48.500000	 21241623.8619801663
   417215.0000000949	   414907.7500000000	   414907.0000000000	768	250	47	48.250000	 21241366.7467532419
   417216.0000002114	   410414.8251953125	   410414.0000000000	845	251	47	48.250000	 21241109.1847505122
   417217.0000001537	   405921.9033203125	   405921.0000000000	925	250	47	48.000000	 21240851.5146061108
   417218.0000000974	   401429.2548828125	   401429.0000000000	261	250	47	48.000000	 21240594.9612763412
   417219.0000002147	   396937.2089843750	   396937.0000000000	214	251	47	48.000000	 21240338.0728524216
   417220.0000001574	   392445.2207031250	   392445.0000000000	226	250	47	48.000000	 21240080.7761429399
   417221.0000001009	   387953.5058593750	   387953.0000000000	518	250	47	47.750000	 21239824.1530123018
   417222.0000002194	   383462.2773437500	   383462.0000000000	284	251	47	48.000000	 21239568.3465025797
   417223.0000001628	   378971.1093750000	   378971.0000000000	112	250	47	48.000000	 21239312.2782893851
   417224.0000001055	   374480.2548828125	   374480.0000000000	261	250	47	47.750000	 21239055.8575816415
   417225.0000002236	   369989.8847656250	   369989.0000000000	906	251	47	47.750000	 21238799.2134608030
   417226.0000001674	   365499.5361328125	   365499.0000000000	549	250	47	47.500000	 21238542.6775812209
   417227.0000001115	   361009.4804687500	   361009.0000000000	492	250	47	47.500000	 21238286.2464029789
   417228.0000002309	   356520.0029296875	   356520.0000000000	3	251	47	47.250000	 21238030.1292788275
   417229.0000001757	   352030.5732421875	   352030.0000000000	587	250	47	47.000000	 21237774.6055125743
   417230.0000001217	   347541.4853515625	   347541.0000000000	497	250	47	47.250000	 21237520.4498443492
   417231.0000002424	   343052.9531250000	   343052.0000000000	976	251	47	47.500000	 21237266.7548123039
   417232.0000001880	   338564.4394531250	   338564.0000000000	450	250	47	47.750000	 21237013.0319100320
   417233.0000001340	   334076.2480468750	   334076.0000000000	254	250	47	47.750000	 21236758.4644162580
   417234.0000002558	   329588.5732421875	   329588.0000000000	587	251	47	48.000000	 21236504.3680285439
   417235.0000002015	   325100.9580078125	   325100.0000000000	981	250	47	47.750000	 21236249.8389253989
   417236.0000001484	   320613.6660156250	   320613.0000000000	682	250	47	47.750000	 21235996.5348283164
   417237.0000000939	   316126.6894531250	   316126.0000000000	706	250	47	47.750000	 21235743.3668435179
   417238.0000002144	   311640.2119140625	   311640.0000000000	217	251	47	48.000000	 21235489.5845604204
   417239.0000001615	   307153.8281250000	   307153.0000000000	848	250	47	48.000000	 21235236.9226319045
   417240.0000001085	   302667.7216796875	   302667.0000000000	739	250	47	48.000000	 21234984.0652608387
   417241.0000002310	   298182.1875000000	   298182.0000000000	192	251	47	48.250000	 21234731.3055609055
   417242.0000001774	   293696.6708984375	   293696.0000000000	687	250	47	48.250000	 21234477.5756782517
   417243.0000001249	   289211.4687500000	   289211.0000000000	480	250	47	48.250000	 21234224.4460833818
   417244.0000002480	   284726.8310546875	   284726.0000000000	851	251	47	48.250000	 21233971.5921519771
   417245.0000001962	   280242.2460937500	   280242.0000000000	252	250	47	48.250000	 21233719.1012354828
   417246.0000001435	   275757.9550781250	   275757.0000000000	978	250	47	48.250000	 21233465.1863801144
   417247.0000000914	   271274.0048828125	   271274.0000000000	5	250	47	48.500000	 21233211.8927529380
   417248.0000002158	   266790.5556640625	   266790.0000000000	569	251	47	48.500000	 21232959.1539927125
   417249.0000001656	   262307.1748046875	   262307.0000000000	179	250	47	48.250000	 21232706.4187724702
   417250.0000001160	   257824.1347656250	   257824.0000000000	138	250	47	48.250000	 21232454.0185965560
   417251.0000002397	   253341.6044921875	   253341.0000000000	619	251	47	48.250000	 21232201.4822592624
   417252.0000001886	   248859.1796875000	   248859.0000000000	184	250	47	48.250000	 21231949.6300211437
   417253.0000001360	   244377.0878906250	   244377.0000000000	90	250	47	48.250000	 21231696.6086177379
   417254.0000002599	   239895.5078125000	   239895.0000000000	520	251	47	48.250000	 21231444.1420813501
   417255.0000002096	   235414.0449218750	   235414.0000000000	46	250	47	48.250000	 21231192.1048704833
   417256.0000001587	   230932.8779296875	   230932.0000000000	899	250	47	48.000000	 21230939.4464314915
   417257.0000001085	   226452.0595703125	   226452.0000000000	61	250	47	48.000000	 21230687.0148453303
   417258.0000002327	   221971.7626953125	   221971.0000000000	781	251	47	48.000000	 21230433.7595582530
   417259.0000001825	   217491.5322265625	   217491.0000000000	545	250	47	47.750000	 21230180.4694205336
   417260.0000001328	   213011.5800781250	   213011.0000000000	594	250	47	47.750000	 21229928.4636199474
   417261.0000002576	   208532.2509765625	   208532.0000000000	257	251	47	47.750000	 21229675.4002852663
   417262.0000002087	   204052.9521484375	   204052.0000000000	975	250	47	47.750000	 21229423.2095119655
   417263.0000001610	   199573.9941406250	   199573.0000000000	1018	250	47	47.750000	 21229172.6730205528
   417264.0000001123	   195095.3574218750	   195095.0000000000	366	250	47	47.750000	 21228922.2517009564
   417265.0000002382	   190617.2197265625	   190617.0000000000	225	251	47	47.750000	 21228672.8284848295
   417266.0000001895	   186139.2080078125	   186139.0000000000	213	250	47	47.750000	 21228422.1035311818
   417267.0000001411	   181661.4580078125	   181661.0000000000	469	250	47	47.500000	 21228170.9283613637
   417268.0000000936	   177184.0468750000	   177184.0000000000	48	250	47	47.500000	 21227920.5873125084
   417269.0000002200	   172707.1904296875	   172707.0000000000	195	251	47	47.750000	 21227668.5675013997
   417270.0000001717	   168230.3935546875	   168230.0000000000	403	250	47	47.500000	 21227417.1410481893
   417271.0000001242	   163753.9384765625	   163753.0000000000	961	250	47	47.750000	 21227166.7825491130
   417272.0000002512	   159278.0361328125	   159278.0000000000	37	251	47	47.750000	 21226916.2425176874
   417273.0000002040	   154802.2509765625	   154802.0000000000	257	250	47	48.000000	 21226667.2765472047
   417274.0000001566	   150326.7988281250	   150326.0000000000	818	250	47	48.000000	 21226417.6858584099
   417275.0000001093	   145851.7314453125	   145851.0000000000	749	250	47	48.000000	 21226168.2731619477
   417276.0000002367	   141377.2148437500	   141377.0000000000	220	251	47	48.250000	 21225918.4276497439
   417277.0000001900	   136902.8046875000	   136902.0000000000	824	250	47	48.000000	 21225668.7427294776
   417278.0000001442	   132428.6533203125	   132428.0000000000	669	250	47	48.250000	 21225419.4975548498
   417279.0000000987	   127954.8281250000	   127954.0000000000	848	250	47	48.500000	 21225171.3238245137
   417280.0000002273	   123481.5654296875	   123481.0000000000	579	251	47	48.750000	 21224922.8289601170
   417281.0000001814	   119008.3593750000	   119008.0000000000	368	250	47	48.750000	 21224673.6745267659
   417282.0000001358	   114535.4775390625	   114535.0000000000	489	250	47	48.750000	 21224424.6247946881
   417283.0000000905	   110063.0058593750	   110063.0000000000	6	250	47	48.750000	 21224175.3586796485
   417284.0000002201	   105591.0341796875	   105591.0000000000	35	251	47	48.750000	 21223926.1762757152
   417285.0000001750	   101119.1464843750	   101119.0000000000	150	250	47	48.750000	 21223677.5523292422
   417286.0000001307	    96647.6474609375	    96647.0000000000	663	250	47	48.750000	 21223429.4763198644
   417287.0000002601	    92176.7607421875	    92176.0000000000	779	251	47	48.750000	 21223180.7790325396
   417288.0000002150	    87705.9189453125	    87705.0000000000	941	250	47	48.750000	 21222932.0294443518
   417289.0000001707	    83235.3701171875	    83235.0000000000	379	250	47	48.750000	 21222684.4909022339
   417290.0000001263	    78765.1992187500	    78765.0000000000	204	250	47	48.750000	 21222436.0763583742
   417291.0000002569	    74295.5585937500	    74295.0000000000	572	251	47	48.750000	 21222188.1922516003
   417292.0000002126	    69826.0048828125	    69826.0000000000	5	250	47	48.750000	 21221940.3849758692
   417293.0000001685	    65356.8066406250	    65356.0000000000	826	250	47	49.000000	 21221692.4869588614
   417294.0000001247	    60887.9755859375	    60887.0000000000	999	250	47	49.000000	 21221445.4091027528
   417295.0000002557	    56419.6718750000	    56419.0000000000	688	251	47	49.000000	 21221198.3626071289
   417296.0000002122	    51951.4736328125	    51951.0000000000	485	250	47	49.250000	 21220950.7996344119
   417297.0000001696	    47483.6279296875	    47483.0000000000	643	250	47	49.000000	 21220703.3378728479
   417298.0000001270	    43016.1318359375	    43016.0000000000	135	250	47	49.000000	 21220455.8935614973
   417299.0000002600	    38549.1621093750	    38549.0000000000	166	251	47	49.250000	 21220208.8680055849
   417300.0000002189	    34082.2480468750	    34082.0000000000	254	250	47	49.250000	 21219962.0379420146
   417301.0000001780	    29615.6679687500	    29615.0000000000	684	250	47	49.000000	 21219715.5289627761
   417302.0000001366	    25149.3945312500	    25149.0000000000	404	250	47	49.000000	 21219468.4336557835
   417303.0000000947	    20683.4990234375	    20683.0000000000	511	250	47	49.000000	 21219220.9300134033
   417304.0000002285	    16218.1884765625	    16218.0000000000	193	251	47	49.000000	 21218973.8451264538
   417305.0000001876	    11753.0449218750	    11753.0000000000	46	250	47	48.750000	 21218726.9243216403
   417306.0000001470	     7288.2070312500	     7288.0000000000	212	250	47	48.750000	 21218480.6631356068
   417307.0000001049	     2823.7382812500	     2823.0000000000	756	250	47	48.750000	 21218234.2169775255
   417308.0000002381	    -1640.1210937500	  1046935.0000000000	900	251	47	48.750000	 21217987.5299560949
   417309.0000001963	    -6103.9335937500	  1042472.0000000000	68	250	47	48.750000	 21217741.0454074219
   417310.0000001552	   -10567.4160156250	  1038008.0000000000	598	250	47	48.750000	 21217495.3600792401
   417311.0000001143	   -15030.6054687500	  1033545.0000000000	404	250	47	48.750000	 21217249.6922012754
   417312.0000002481	   -19493.2490234375	  1029082.0000000000	769	251	47	48.750000	 21217003.7869501524
   417313.0000002082	   -23955.7656250000	  1024620.0000000000	240	250	47	48.750000	 21216758.9880935848
   417314.0000001679	   -28417.9472656250	  1020158.0000000000	54	250	47	49.000000	 21216512.6885169260
   417315.0000001281	   -32879.7480468750	  1015696.0000000000	258	250	47	48.500000	 21216266.7798254378
   417316.0000000887	   -37341.2763671875	  1011234.0000000000	741	250	47	48.750000	 21216021.6005535722
   417317.0000002229	   -41802.2255859375	  1006773.0000000000	793	251	47	48.750000	 21215776.2292795181
   417318.0000001831	   -46263.1035156250	  1002312.0000000000	918	250	47	48.500000	 21215531.1791395210
   417319.0000001433	   -50723.6474609375	   997852.0000000000	361	250	47	48.500000	 21215286.5931757540
   417320.0000001038	   -55183.8583984375	   993392.0000000000	145	250	47	48.500000	 21215042.3631966934
   417321.0000002390	   -59643.4902343750	   988932.0000000000	522	251	47	48.500000	 21214797.4316682704
   417322.0000001999	   -64102.9785156250	   984473.0000000000	22	250	47	48.500000	 21214552.6258313246
   417323.0000001617	   -68562.1562500000	   980013.0000000000	864	250	47	48.500000	 21214308.3504813202
   417324.0000001233	   -73021.0000000000	   975555.0000000000	0	250	47	48.500000	 21214063.7365967669
   417325.0000002598	   -77479.2314453125	   971096.0000000000	787	251	47	48.500000	 21213819.3495152518
   417326.0000002202	   -81937.3203125000	   966638.0000000000	696	250	47	48.500000	 21213575.5139115490
   417327.0000001806	   -86395.0166015625	   962180.0000000000	1007	250	47	48.500000	 21213330.5510226414
   417328.0000001421	   -90852.4619140625	   957723.0000000000	551	250	47	48.750000	 21213086.6176973134
   417329.0000001049	   -95309.4941406250	   953266.0000000000	518	250	47	48.750000	 21212843.9442784861
   417330.0000002410	   -99765.8867187500	   948810.0000000000	116	251	47	49.000000	 21212600.2935969718
   417331.0000002036	  -104222.2373046875	   944353.0000000000	781	250	47	48.750000	 21212357.4072853737
   417332.0000001675	  -108678.2626953125	   939897.0000000000	755	250	47	48.750000	 21212115.2085126117
   417333.0000001311	  -113133.8466796875	   935442.0000000000	157	250	47	49.000000	 21211872.6363049336
   417334.0000000942	  -117589.1230468750	   930986.0000000000	898	250	47	49.250000	 21211629.3172273822
   417335.0000002328	  -122043.8330078125	   926532.0000000000	171	251	47	49.000000	 21211386.5599971637
   417336.0000001954	  -126498.4355468750	   922077.0000000000	578	250	47	48.750000	 21211142.8151340075
   417337.0000001583	  -130952.6093750000	   917623.0000000000	400	250	47	48.750000	 21210898.4420623444
   417338.0000001217	  -135406.4609375000	   913169.0000000000	552	250	47	48.500000	 21210654.5122265071
   417339.0000002606	  -139859.7207031250	   908716.0000000000	286	251	47	48.750000	 21210411.2698796839
   417340.0000002245	  -144312.8867187500	   904263.0000000000	116	250	47	48.500000	 21210167.9263715670
   417341.0000001887	  -148765.6904296875	   899810.0000000000	317	250	47	48.250000	 21209925.3681239150
   417342.0000001521	  -153218.2089843750	   895357.0000000000	810	250	47	48.250000	 21209682.7435655519
   417343.0000001167	  -157670.3574218750	   890905.0000000000	658	250	47	48.250000	 21209440.7541954033
   417344.0000002561	  -162121.9248046875	   886454.0000000000	77	251	47	48.250000	 21209197.9376341850
   417345.0000002199	  -166573.3779296875	   882002.0000000000	637	250	47	48.000000	 21208955.5434188396
   417346.0000001850	  -171024.4208984375	   877551.0000000000	593	250	47	47.750000	 21208713.2818248905
   417347.0000001510	  -175475.1562500000	   873100.0000000000	864	250	47	47.750000	 21208471.5681680702
   417348.0000001174	  -179925.4384765625	   868650.0000000000	575	250	47	47.500000	 21208230.1197546721
   417349.0000002590	  -184375.1992187500	   864200.0000000000	820	251	47	47.750000	 21207987.5195757486
   417350.0000002263	  -188824.8476562500	   859751.0000000000	156	250	47	47.500000	 21207746.4760075137
   417351.0000001922	  -193274.1611328125	   855301.0000000000	859	250	47	47.500000	 21207505.1741762385
   417352.0000001577	  -197723.1025390625	   850852.0000000000	919	250	47	48.000000	 21207263.4640095755
   417353.0000001231	  -202171.6621093750	   846404.0000000000	346	250	47	48.000000	 21207022.5425935648
   417354.0000000898	  -206619.8281250000	   841956.0000000000	176	250	47	48.000000	 21206782.9159845598
   417355.0000002314	  -211067.3515625000	   837508.0000000000	664	251	47	48.250000	 21206542.7483682781
   417356.0000001971	  -215514.8154296875	   833061.0000000000	189	250	47	48.500000	 21206301.9491037913
   417357.0000001642	  -219961.9472656250	   828614.0000000000	54	250	47	48.500000	 21206062.5702880211
   417358.0000001299	  -224408.6699218750	   824167.0000000000	338	250	47	49.000000	 21205823.3275844716
   417359.0000000951	  -228855.0507812500	   819720.0000000000	972	250	47	49.000000	 21205583.8196374625
   417360.0000002366	  -233300.7880859375	   815275.0000000000	217	251	47	49.000000	 21205344.7793063521
   417361.0000002025	  -237746.4248046875	   810829.0000000000	589	250	47	49.000000	 21205105.6064036712
   417362.0000001679	  -242191.6406250000	   806384.0000000000	368	250	47	48.750000	 21204865.5784396566
   417363.0000001339	  -246636.5000000000	   801939.0000000000	512	250	47	49.000000	 21204625.2957020216
   417364.0000001002	  -251080.9658203125	   797495.0000000000	35	250	47	49.000000	 21204384.5278478153
   417365.0000002427	  -255524.8300781250	   793051.0000000000	174	251	47	49.000000	 21204143.6203413419
   417366.0000002104	  -259968.5849609375	   788607.0000000000	425	250	47	48.750000	 21203903.4318344779
   417367.0000001774	  -264411.9755859375	   784164.0000000000	25	250	47	48.750000	 21203663.3026586473
   417368.0000001446	  -268854.9941406250	   779721.0000000000	6	250	47	48.750000	 21203423.2258334681
   417369.0000001122	  -273297.6123046875	   775278.0000000000	397	250	47	49.000000	 21203184.0040696263
   417370.0000002549	  -277739.5751953125	   770836.0000000000	435	251	47	49.000000	 21202945.4732850194
   417371.0000002226	  -282181.4394531250	   766394.0000000000	574	250	47	49.000000	 21202706.6807969399
   417372.0000001907	  -286622.9169921875	   761953.0000000000	85	250	47	49.000000	 21202467.7591769882
   417373.0000001592	  -291064.0107421875	   757511.0000000000	1013	250	47	48.750000	 21202229.0679000542
   417374.0000001278	  -295504.7832031250	   753071.0000000000	222	250	47	48.750000	 21201989.9996979833
   417375.0000000968	  -299945.1210937500	   748630.0000000000	900	250	47	48.750000	 21201751.3223810792
   417376.0000002410	  -304384.8652343750	   744191.0000000000	138	251	47	48.750000	 21201513.2278519161
   417377.0000002101	  -308824.4941406250	   739751.0000000000	518	250	47	48.750000	 21201274.2992515862
   417378.0000001796	  -313263.7675781250	   735312.0000000000	238	250	47	49.000000	 21201035.5102530271
   417379.0000001495	  -317702.7314453125	   730873.0000000000	275	250	47	48.750000	 21200797.3808732219
   417380.0000001194	  -322141.2578125000	   726434.0000000000	760	250	47	48.750000	 21200559.5725777149
   417381.0000000887	  -326579.4150390625	   721996.0000000000	599	250	47	49.000000	 21200321.4117876627
   417382.0000002346	  -331016.9570312500	   717559.0000000000	44	251	47	48.750000	 21200084.2525905780
   417383.0000002041	  -335454.3867187500	   713121.0000000000	628	250	47	49.000000	 21199846.7339690588
   417384.0000001745	  -339891.4072265625	   708684.0000000000	607	250	47	48.750000	 21199608.9221833609
   417385.0000001458	  -344328.0390625000	   704247.0000000000	984	250	47	48.750000	 21199372.0701603368
   417386.0000001169	  -348764.3193359375	   699811.0000000000	697	250	47	48.750000	 21199135.3437789977
   417387.0000000881	  -353200.1669921875	   695375.0000000000	853	250	47	49.000000	 21198899.0466734171
   417388.0000002342	  -357635.3544921875	   690940.0000000000	661	251	47	49.250000	 21198662.9414704405
   417389.0000002043	  -362070.3681640625	   686505.0000000000	647	250	47	49.000000	 21198425.9009851813
   417390.0000001752	  -366504.9736328125	   682071.0000000000	27	250	47	48.750000	 21198189.0873527825
   417391.0000001456	  -370939.1474609375	   677636.0000000000	873	250	47	49.000000	 21197953.4044956788
   417392.0000001155	  -375372.9599609375	   673203.0000000000	41	250	47	49.500000	 21197717.0271193944
   417393.0000002614	  -379806.1279296875	   668769.0000000000	893	251	47	49.750000	 21197480.2971980684
   417394.0000002327	  -384239.1357421875	   664336.0000000000	885	250	47	50.250000	 21197243.8744507767
   417395.0000002047	  -388671.7050781250	   659904.0000000000	302	250	47	50.000000	 21197007.8390984945
   417396.0000001753	  -393103.8583984375	   655472.0000000000	145	250	47	50.250000	 21196772.2085920461
   417397.0000001464	  -397535.6699218750	   651040.0000000000	338	250	47	50.250000	 21196536.1802201122
   417398.0000001195	  -401967.0917968750	   646608.0000000000	930	250	47	49.750000	 21196300.4589717202
   417399.0000000924	  -406398.1044921875	   642177.0000000000	917	250	47	49.500000	 21196063.3800951689
   417400.0000002406	  -410828.5019531250	   637747.0000000000	510	251	47	49.500000	 21195826.6501731798
   417401.0000002137	  -415258.7343750000	   633317.0000000000	272	250	47	49.500000	 21195590.7858328521
   417402.0000001874	  -419688.5673828125	   628887.0000000000	443	250	47	49.750000	 21195355.9370960444
   417403.0000001609	  -424117.9697265625	   624458.0000000000	31	250	47	50.000000	 21195120.4810911082
   417404.0000001341	  -428546.9082031250	   620029.0000000000	94	250	47	49.750000	 21194885.6532946751
   417405.0000001058	  -432975.4316406250	   615600.0000000000	582	250	47	49.500000	 21194649.7994249165
   417406.0000002537	  -437403.3701171875	   611172.0000000000	645	251	47	49.250000	 21194415.2368221469
   417407.0000002275	  -441831.1123046875	   606744.0000000000	909	250	47	49.250000	 21194180.3147942796
   417408.0000002019	  -446258.4179687500	   602317.0000000000	596	250	47	49.250000	 21193945.4067264386
   417409.0000001758	  -450685.3710937500	   597890.0000000000	644	250	47	49.000000	 21193709.7692389786
   417410.0000001498	  -455111.8085937500	   593464.0000000000	196	250	47	49.000000	 21193474.4528357834
   417411.0000001242	  -459537.8349609375	   589038.0000000000	169	250	47	49.000000	 21193239.4191262610
   417412.0000000985	  -463963.3808593750	   584612.0000000000	634	250	47	49.250000	 21193004.1899741516
   417413.0000002469	  -468388.3125000000	   580187.0000000000	704	251	47	49.250000	 21192769.6587816291
   417414.0000002214	  -472813.0761718750	   575762.0000000000	946	250	47	48.750000	 21192534.6425222903
   417415.0000001954	  -477237.4072265625	   571338.0000000000	607	250	47	48.500000	 21192300.3277625516
   417416.0000001692	  -481661.3339843750	   566914.0000000000	682	250	47	48.750000	 21192066.6761117876
   417417.0000001424	  -486084.8906250000	   562491.0000000000	112	250	47	48.750000	 21191832.5463247634
   417418.0000001169	  -490507.9990234375	   558068.0000000000	1	250	47	48.500000	 21191598.9784348607
   417419.0000000912	  -494930.6845703125	   553645.0000000000	323	250	47	48.500000	 21191365.7525696680
   417420.0000002415	  -499352.4707031250	   549223.0000000000	542	251	47	48.500000	 21191132.9245195016
   417421.0000002165	  -503774.5019531250	   544801.0000000000	510	250	47	49.250000	 21190897.9222202227
   417422.0000001924	  -508196.3847656250	   540379.0000000000	630	250	47	48.750000	 21190665.6142368913
   417423.0000001672	  -512618.1035156250	   535957.0000000000	918	250	47	49.250000	 21190432.6710653380
   417424.0000001430	  -517039.3955078125	   531536.0000000000	619	250	47	50.000000	 21190199.3265381120
   417425.0000001196	  -521460.4833984375	   527115.0000000000	529	250	47	49.250000	 21189966.2437641509
   417426.0000000963	  -525881.5878906250	   522694.0000000000	422	250	47	49.000000	 21189733.1609901898
   417427.0000002496	  -530302.2265625000	   518273.0000000000	792	251	47	48.750000	 21189501.5265351757
   417428.0000002254	  -534722.6044921875	   513853.0000000000	405	250	47	49.750000	 21189269.6303773858
   417429.0000002020	  -539143.0791015625	   509432.0000000000	943	250	47	50.000000	 21189037.9610724263
   417430.0000001798	  -543563.9580078125	   505012.0000000000	43	250	47	50.000000	 21188806.2114960626
   417431.0000001577	  -547984.8056640625	   500591.0000000000	199	250	47	48.500000	 21188575.2297299393
   417432.0000001349	  -552405.8759765625	   496170.0000000000	127	250	47	49.750000	 21188342.5901918039
   417433.0000001132	  -556826.5429687500	   491749.0000000000	468	250	47	49.500000	 21188110.6940333135
   417434.0000000907	  -561247.7382812500	   487328.0000000000	268	250	47	49.750000	 21187878.4628305323
   417435.0000002451	  -565668.0322265625	   482907.0000000000	991	251	47	49.750000	 21187646.5701117441
   417436.0000002244	  -570087.5859375000	   478488.0000000000	424	250	47	49.000000	 21187415.7209670171
   417437.0000002034	  -574506.2714843750	   474069.0000000000	746	250	47	49.750000	 21187184.6240290552
   417438.0000001817	  -578924.8359375000	   469651.0000000000	168	250	47	49.750000	 21186952.8709625304
   417439.0000001621	  -583344.2001953125	   465231.0000000000	819	250	47	50.000000	 21186721.6379123181
   417440.0000001440	  -587762.3164062500	   460813.0000000000	700	250	47	49.500000	 21186491.5565771721
   417441.0000001220	  -592179.5820312500	   456396.0000000000	428	250	47	49.250000	 21186260.5922613032
   417442.0000000998	  -596596.5107421875	   451979.0000000000	501	250	47	49.000000	 21186029.9874202944
   417443.0000002547	  -601012.8300781250	   447563.0000000000	174	251	47	49.250000	 21185799.2708471380
   417444.0000002343	  -605429.4277343750	   443146.0000000000	586	250	47	49.250000	 21185567.6504019760
   417445.0000002146	  -609847.1513671875	   438728.0000000000	869	250	47	50.000000	 21185336.3475508913
   417446.0000001946	  -614264.4746093750	   434311.0000000000	538	250	47	51.000000	 21185105.2959832326
   417447.0000001749	  -618681.3515625000	   429894.0000000000	664	250	47	51.000000	 21184874.7085917741
   417448.0000001548	  -623097.6220703125	   425478.0000000000	387	250	47	51.250000	 21184644.0339492261
   417449.0000001345	  -627512.8867187500	   421063.0000000000	116	250	47	50.500000	 21184413.3069560267
   417450.0000001146	  -631926.2197265625	   416649.0000000000	799	250	47	50.500000	 21184183.4001237564
   417451.0000000959	  -636338.1884765625	   412237.0000000000	831	250	47	50.500000	 21183955.2732150294
   417452.0000002506	  -640749.3916015625	   407826.0000000000	623	251	47	49.500000	 21183726.2213943042
   417453.0000002308	  -645160.9130859375	   403415.0000000000	89	250	47	49.500000	 21183496.6181960851
   417454.0000002119	  -649572.0058593750	   399003.0000000000	1018	250	47	49.500000	 21183267.4547434673
   417455.0000001923	  -653982.3359375000	   394593.0000000000	680	250	47	49.750000	 21183037.7782541849
   417456.0000001714	  -658391.7822265625	   390184.0000000000	223	250	47	49.750000	 21182808.0040439777
   417457.0000001512	  -662800.4101562500	   385775.0000000000	604	250	47	49.750000	 21182578.1530525200
   417458.0000001317	  -667207.7861328125	   381368.0000000000	219	250	47	49.750000	 21182348.4940134548
   417459.0000001129	  -671613.8681640625	   376962.0000000000	135	250	47	49.500000	 21182119.4911030196
   417460.0000000937	  -676019.2988281250	   372556.0000000000	718	250	47	50.000000	 21181890.8127670065
   417461.0000002496	  -680423.9472656250	   368152.0000000000	54	251	47	49.500000	 21181662.6648680791
   417462.0000002303	  -684828.7841796875	   363747.0000000000	221	250	47	50.000000	 21181434.5239993557
   417463.0000002115	  -689233.2578125000	   359342.0000000000	760	250	47	50.000000	 21181206.3621901944
   417464.0000001926	  -693637.5283203125	   354938.0000000000	483	250	47	50.000000	 21180978.7552985065
   417465.0000001736	  -698041.4414062500	   350534.0000000000	572	250	47	50.000000	 21180750.4154970087
   417466.0000001561	  -702445.4111328125	   346130.0000000000	603	250	47	50.250000	 21180522.7981347889
   417467.0000001381	  -706850.4511718750	   341725.0000000000	562	250	47	50.250000	 21180294.6118950583
   417468.0000001207	  -711256.1367187500	   337319.0000000000	884	250	47	50.750000	 21180066.3314238973
   417469.0000001037	  -715660.6513671875	   332915.0000000000	357	250	47	50.250000	 21179840.2845826373
   417470.0000002594	  -720063.9003906250	   328512.0000000000	102	251	47	49.250000	 21179613.2465186603
   417471.0000002411	  -724467.2841796875	   324108.0000000000	733	250	47	48.750000	 21179386.5295887776
   417472.0000002232	  -728870.4160156250	   319705.0000000000	598	250	47	48.500000	 21179159.2368010134
   417473.0000002052	  -733273.1669921875	   315302.0000000000	853	250	47	48.500000	 21178932.0347545221
   417474.0000001872	  -737675.4882812500	   310900.0000000000	524	250	47	48.750000	 21178704.7070663534
   417475.0000001695	  -742077.8867187500	   306498.0000000000	116	250	47	48.750000	 21178476.3218938522
   417476.0000001530	  -746481.3759765625	   302094.0000000000	639	250	47	50.250000	 21178248.3031759560
   417477.0000001377	  -750884.3125000000	   297691.0000000000	704	250	47	50.750000	 21178021.1883798912
   417478.0000001211	  -755286.8085937500	   293289.0000000000	196	250	47	50.750000	 21177793.7071292177
   417479.0000001041	  -759689.1562500000	   288886.0000000000	864	250	47	50.250000	 21177566.5504530370
   417480.0000002620	  -764090.5488281250	   284485.0000000000	462	251	47	50.000000	 21177339.4251372740
   417481.0000002454	  -768492.0810546875	   280083.0000000000	941	250	47	50.250000	 21177112.0869785361
   417482.0000002295	  -772893.2021484375	   275682.0000000000	817	250	47	50.500000	 21176885.8167739697
   417483.0000002135	  -777293.7480468750	   271282.0000000000	258	250	47	51.000000	 21176659.2254851013
   417484.0000001967	  -781693.5517578125	   266882.0000000000	459	250	47	50.500000	 21176433.2658949271
   417485.0000001814	  -786091.9462890625	   262484.0000000000	55	250	47	51.000000	 21176208.1718359627
   417486.0000001652	  -790489.5195312500	   258086.0000000000	492	250	47	49.500000	 21175982.3692977466
   417487.0000001499	  -794886.1601562500	   253689.0000000000	860	250	47	48.500000	 21175756.8634132370
   417488.0000001336	  -799282.2500000000	   249293.0000000000	768	250	47	48.500000	 21175531.0434248373
   417489.0000001193	  -803677.8623046875	   244898.0000000000	141	250	47	48.250000	 21175306.8183872662
   417490.0000001041	  -808072.7529296875	   240503.0000000000	253	250	47	48.500000	 21175082.6177802607
   417491.0000000885	  -812466.8554687500	   236109.0000000000	148	250	47	48.500000	 21174857.7226540670
   417492.0000002480	  -816860.0019531250	   231715.0000000000	1022	251	47	48.500000	 21174632.9461393841
   417493.0000002329	  -821253.2597656250	   227322.0000000000	758	250	47	48.500000	 21174407.4926055595
   417494.0000002168	  -825647.2031250000	   222928.0000000000	816	250	47	49.750000	 21174181.5644256324
   417495.0000002001	  -830040.8583984375	   218535.0000000000	145	250	47	49.750000	 21173955.3535520658
   417496.0000001846	  -834434.4072265625	   214141.0000000000	607	250	47	49.750000	 21173729.6347747482
   417497.0000001686	  -838827.4355468750	   209748.0000000000	578	250	47	50.000000	 21173503.8845872246
   417498.0000001528	  -843220.0976562500	   205355.0000000000	924	250	47	50.000000	 21173278.6509265155
   417499.0000001375	  -847612.5507812500	   200963.0000000000	460	250	47	49.500000	 21173053.9861433096
   417500.0000001229	  -852004.6513671875	   196571.0000000000	357	250	47	49.750000	 21172829.6913048662
   417501.0000001082	  -856396.0185546875	   192179.0000000000	1005	250	47	50.250000	 21172604.9148400091
   417502.0000000933	  -860785.8671875000	   187790.0000000000	136	250	47	49.750000	 21172381.0876679569
   417503.0000002538	  -865175.1025390625	   183400.0000000000	919	251	47	50.000000	 21172157.1976249181
   417504.0000002399	  -869563.5898437500	   179012.0000000000	420	250	47	49.250000	 21171934.0963823274
   417505.0000002247	  -873950.9472656250	   174625.0000000000	54	250	47	49.750000	 21171711.3092443235
   417506.0000002081	  -878338.2031250000	   170237.0000000000	816	250	47	49.500000	 21171487.2621997856
   417507.0000001930	  -882725.4716796875	   165850.0000000000	541	250	47	49.250000	 21171262.8103093840
   417508.0000001788	  -887112.4667968750	   161463.0000000000	546	250	47	49.250000	 21171039.1925399415
   417509.0000001646	  -891499.0849609375	   157076.0000000000	937	250	47	49.250000	 21170815.5573202819
   417510.0000001506	  -895885.2314453125	   152690.0000000000	787	250	47	49.250000	 21170592.4386274740
   417511.0000001369	  -900270.0234375000	   148305.0000000000	1000	250	47	49.500000	 21170370.1226453818
   417512.0000001243	  -904653.1972656250	   143922.0000000000	822	250	47	50.250000	 21170148.1382173933
   417513.0000001123	  -909035.5498046875	   139540.0000000000	461	250	47	50.250000	 21169926.0246575326
   417514.0000000995	  -913417.2675781250	   135158.0000000000	750	250	47	50.250000	 21169704.2566125356
   417515.0000002607	  -917798.0029296875	   130777.0000000000	1021	251	47	50.000000	 21169482.0068912990
   417516.0000002476	  -922178.7343750000	   126397.0000000000	272	250	47	50.250000	 21169259.8479611650
   417517.0000002345	  -926558.9423828125	   122017.0000000000	59	250	47	50.250000	 21169037.8670233674
   417518.0000002214	  -930938.9892578125	   117637.0000000000	11	250	47	50.250000	 21168815.8686353490
   417519.0000002083	  -935318.5517578125	   113257.0000000000	459	250	47	50.000000	 21168594.5682567433
   417520.0000001951	  -939698.7480468750	   108877.0000000000	258	250	47	49.500000	 21168372.2662346773
   417521.0000001824	  -944079.3837890625	   104496.0000000000	631	250	47	49.000000	 21168151.5172833540
   417522.0000001678	  -948459.2792968750	   100116.0000000000	738	250	47	50.000000	 21167931.0859268084
   417523.0000001548	  -952838.5224609375	    95737.0000000000	489	250	47	50.250000	 21167709.9635405354
   417524.0000001420	  -957217.4501953125	    91358.0000000000	563	250	47	49.750000	 21167489.3402309269
   417525.0000001292	  -961596.2011718750	    86979.0000000000	818	250	47	49.750000	 21167268.4481876716
   417526.0000001181	  -965974.7109375000	    82601.0000000000	296	250	47	49.750000	 21167046.9000151269
   417527.0000001076	  -970352.6865234375	    78223.0000000000	321	250	47	49.750000	 21166825.6694366932
   417528.0000000947	  -974729.0371093750	    73846.0000000000	986	250	47	49.750000	 21166604.3132172413
   417529.0000002587	  -979104.1738281250	    69471.0000000000	846	251	47	50.750000	 21166383.7422077954
   417530.0000002469	  -983478.3623046875	    65097.0000000000	653	250	47	50.250000	 21166163.2899101749
   417531.0000002352	  -987852.2509765625	    60723.0000000000	767	250	47	50.250000	 21165943.1237963848
   417532.0000002233	  -992225.6787109375	    56350.0000000000	329	250	47	50.250000	 21165722.7971404456
   417533.0000002118	  -996598.7080078125	    51977.0000000000	299	250	47	50.750000	 21165502.9870113917
   417534.0000002002	 -1000971.3320312500	    47604.0000000000	684	250	47	50.250000	 21165283.0163401850
   417535.0000001885	 -1005343.9511718750	    43232.0000000000	50	250	47	50.500000	 21165063.2795021608
   417536.0000001770	 -1009717.3251953125	    38858.0000000000	691	250	47	50.500000	 21164843.2006394565
   417537.0000001654	 -1014091.0664062500	    34484.0000000000	956	250	47	51.250000	 21164623.0868763216
   417538.0000001542	 -1018464.1835937500	    30111.0000000000	836	250	47	50.500000	 21164403.5070902891
   417539.0000001440	 -1022836.7382812500	    25739.0000000000	268	250	47	49.500000	 21164184.6706839018
   417540.0000001334	 -1027208.9970703125	    21367.0000000000	3	250	47	49.750000	 21163965.8552179225
   417541.0000001224	 -1031580.7705078125	    16995.0000000000	235	250	47	49.250000	 21163746.6139663756
   417542.0000001112	 -1035951.8564453125	    12624.0000000000	147	250	47	49.250000	 21163527.0516305231
   417543.0000001007	 -1040322.6425781250	     8253.0000000000	366	250	47	49.250000	 21163307.9848811515
   417544.0000000896	 -1044694.4287109375	     3881.0000000000	585	250	47	49.750000	 21163087.8676278256
   417545.0000002542	 -1049065.7343750000	  1048086.0000000000	272	251	47	50.500000	 21162868.2040303685
   417546.0000002432	 -1053436.9824218750	  1043715.0000000000	18	250	47	51.000000	 21162648.7114954218
   417547.0000002328	 -1057807.8671875000	  1039344.0000000000	136	250	47	50.500000	 21162428.9467366412
   417548.0000002224	 -1062178.5312500000	  1034973.0000000000	480	250	47	50.250000	 21162209.7543455549
   417549.0000002120	 -1066548.6718750000	  1030603.0000000000	336	250	47	50.500000	 21161990.5619544648
   417550.0000002015	 -1070918.0351562500	  1026233.0000000000	988	250	47	50.500000	 21161771.7813889235
   417551.0000001915	 -1075286.8115234375	  1021865.0000000000	193	250	47	49.500000	 21161552.9973331913
   417552.0000001815	 -1079653.1425781250	  1017498.0000000000	878	250	47	49.750000	 21161335.3580128476
   417553.0000001725	 -1084019.0703125000	  1013132.0000000000	952	250	47	50.000000	 21161118.3015300706
   417554.0000001624	 -1088384.1123046875	  1008767.0000000000	909	250	47	49.500000	 21160900.6447595060
   417555.0000001515	 -1092749.2041015625	  1004402.0000000000	815	250	47	49.750000	 21160682.6005939655
   417556.0000001422	 -1097114.0048828125	  1000037.0000000000	1019	250	47	49.500000	 21160465.5999519974
   417557.0000001319	 -1101478.4179687500	   995673.0000000000	596	250	47	49.250000	 21160248.0164724961
   417558.0000001223	 -1105843.0361328125	   991308.0000000000	987	250	47	49.750000	 21160029.7838440500
   417559.0000001136	 -1110208.6582031250	   986943.0000000000	350	250	47	50.000000	 21159811.3836931437
   417560.0000001052	 -1114573.8564453125	   982578.0000000000	147	250	47	50.250000	 21159593.8037031330
   417561.0000000959	 -1118938.8408203125	   978213.0000000000	163	250	47	49.750000	 21159375.8014177084
   417562.0000002615	 -1123302.7910156250	   973849.0000000000	214	251	47	50.000000	 21159158.5983029827
   417563.0000002536	 -1127666.2314453125	   969485.0000000000	787	250	47	50.250000	 21158941.5871904753
   417564.0000002456	 -1132029.0839843750	   965122.0000000000	938	250	47	50.250000	 21158724.1119017750
   417565.0000002367	 -1136391.5097656250	   960760.0000000000	502	250	47	49.750000	 21158507.1077696495
   417566.0000002293	 -1140753.1210937500	   956398.0000000000	900	250	47	49.500000	 21158290.5224427171
   417567.0000002199	 -1145113.1171875000	   952038.0000000000	904	250	47	50.000000	 21158074.3454518355
   417568.0000002130	 -1149472.7216796875	   947679.0000000000	285	250	47	50.250000	 21157858.0951692313
   417569.0000002051	 -1153831.1650390625	   943320.0000000000	855	250	47	50.500000	 21157642.9442517087
   417570.0000001958	 -1158188.8925781250	   938963.0000000000	110	250	47	50.500000	 21157426.4985272177
   417571.0000001876	 -1162546.5302734375	   934605.0000000000	481	250	47	50.000000	 21157209.8468896039
   417572.0000001811	 -1166903.7490234375	   930248.0000000000	257	250	47	49.750000	 21156994.2736759968
   417573.0000001735	 -1171260.5087890625	   925891.0000000000	503	250	47	49.750000	 21156779.2100095637
   417574.0000001643	 -1175615.9482421875	   921536.0000000000	53	250	47	50.000000	 21156563.1028195880
   417575.0000001568	 -1179969.6865234375	   917182.0000000000	321	250	47	49.750000	 21156347.7878697254
   417576.0000001488	 -1184322.8378906250	   912829.0000000000	166	250	47	49.750000	 21156132.1902262233
   417577.0000001412	 -1188675.1357421875	   908476.0000000000	885	250	47	50.000000	 21155916.8403759561
   417578.0000001337	 -1193027.0166015625	   904124.0000000000	1007	250	47	50.000000	 21155702.5270695835
   417579.0000001263	 -1197378.5361328125	   899773.0000000000	475	250	47	49.750000	 21155488.2312133946
   417580.0000001186	 -1201729.3593750000	   895422.0000000000	656	250	47	50.000000	 21155274.0086483024
   417581.0000001110	 -1206079.9833984375	   891072.0000000000	17	250	47	50.000000	 21155059.6778916791
   417582.0000001038	 -1210430.9746093750	   886721.0000000000	26	250	47	50.000000	 21154845.1831027456
   417583.0000000964	 -1214782.4365234375	   882369.0000000000	577	250	47	49.750000	 21154629.7425112016
   417584.0000000902	 -1219133.5078125000	   878018.0000000000	504	250	47	49.250000	 21154415.9736517705
   417585.0000002563	 -1223484.0273437500	   873667.0000000000	996	251	47	49.000000	 21154201.8976189382
   417586.0000002474	 -1227834.5849609375	   869317.0000000000	425	250	47	49.250000	 21153986.7362315431
   417587.0000002417	 -1232184.8750000000	   864967.0000000000	128	250	47	49.250000	 21153773.6793415137
   417588.0000002359	 -1236534.7744140625	   860617.0000000000	231	250	47	49.750000	 21153560.4444591515
   417589.0000002298	 -1240884.1650390625	   856267.0000000000	855	250	47	49.500000	 21153346.2812243588
   417590.0000002231	 -1245232.2392578125	   851919.0000000000	779	250	47	49.500000	 21153132.6240465790
   417591.0000002170	 -1249578.5195312500	   847573.0000000000	492	250	47	50.000000	 21152919.4624552429
   417592.0000002111	 -1253923.9619140625	   843228.0000000000	39	250	47	49.750000	 21152706.0670307279
   417593.0000002050	 -1258268.7636718750	   838883.0000000000	242	250	47	50.000000	 21152493.0310810730
   417594.0000001984	 -1262613.3652343750	   834538.0000000000	650	250	47	50.000000	 21152280.1242633201
   417595.0000001928	 -1266957.3720703125	   830194.0000000000	643	250	47	49.750000	 21152067.5315495208
   417596.0000001863	 -1271301.6083984375	   825850.0000000000	401	250	47	49.750000	 21151854.5165402740
   417597.0000001799	 -1275646.2255859375	   821505.0000000000	793	250	47	49.500000	 21151641.2676978484
   417598.0000001734	 -1279990.5537109375	   817161.0000000000	457	250	47	49.750000	 21151427.9665047713
   417599.0000001675	 -1284334.5195312500	   812817.0000000000	492	250	47	49.750000	 21151214.8398138694
   417600.0000001629	 -1288678.2109375000	   808473.0000000000	808	250	47	49.750000	 21151002.2750201263
   417601.0000001572	 -1293021.4189453125	   804130.0000000000	595	250	47	49.750000	 21150789.2181300968
   417602.0000001513	 -1297364.1533203125	   799787.0000000000	867	250	47	49.750000	 21150576.9674409702
   417603.0000001454	 -1301707.3730468750	   795444.0000000000	642	250	47	50.000000	 21150364.1269339025
   417604.0000001406	 -1306049.7734375000	   791102.0000000000	232	250	47	49.750000	 21150152.6196244583
   417605.0000001357	 -1310390.9140625000	   786761.0000000000	88	250	47	50.000000	 21149940.8261311501
   417606.0000001299	 -1314731.6689453125	   782420.0000000000	339	250	47	48.750000	 21149729.0047177561
   417607.0000001244	 -1319071.9941406250	   778080.0000000000	6	250	47	48.500000	 21149516.4469043575
   417608.0000001205	 -1323411.6494140625	   773740.0000000000	359	250	47	48.500000	 21149305.2362486161
   417609.0000001145	 -1327750.5761718750	   769401.0000000000	434	250	47	48.500000	 21149092.7901168726
   417610.0000001083	 -1332088.7675781250	   765063.0000000000	238	250	47	48.500000	 21148881.5794617981
   417611.0000001008	 -1336426.1201171875	   760725.0000000000	901	250	47	48.750000	 21148670.4141776934
   417612.0000000937	 -1340762.7089843750	   756389.0000000000	298	250	47	49.500000	 21148459.3710451126
   417613.0000000881	 -1345099.0097656250	   752052.0000000000	1014	250	47	49.500000	 21148248.0661585703
   417614.0000002607	 -1349434.7490234375	   747717.0000000000	257	251	47	49.500000	 21148038.6807468832
   417615.0000002574	 -1353770.3046875000	   743381.0000000000	712	250	47	50.000000	 21147828.3426026925
   417616.0000002540	 -1358105.7802734375	   739046.0000000000	225	250	47	49.500000	 21147617.7008244246
   417617.0000002501	 -1362441.0234375000	   734710.0000000000	1000	250	47	48.750000	 21147407.3312699907
   417618.0000002454	 -1366775.4677734375	   730376.0000000000	545	250	47	48.500000	 21147197.2897801660
   417619.0000002409	 -1371109.6601562500	   726042.0000000000	348	250	47	48.750000	 21146987.1575491019
   417620.0000002360	 -1375443.0166015625	   721708.0000000000	1007	250	47	49.500000	 21146776.9206167273
   417621.0000002318	 -1379775.8408203125	   717376.0000000000	163	250	47	49.750000	 21146566.6243533194
   417622.0000002288	 -1384108.9404296875	   713043.0000000000	61	250	47	50.000000	 21146356.4991019331
   417623.0000002254	 -1388441.6279296875	   708710.0000000000	381	250	47	50.000000	 21146148.0037025101
   417624.0000002202	 -1392774.0126953125	   704377.0000000000	1011	250	47	49.500000	 21145938.6811624691
   417625.0000002153	 -1397105.5263671875	   700046.0000000000	485	250	47	49.750000	 21145728.8560556397
   417626.0000002112	 -1401436.1035156250	   695715.0000000000	918	250	47	49.500000	 21145518.8808765337
   417627.0000002070	 -1405766.1347656250	   691385.0000000000	886	250	47	49.500000	 21145308.5671629086
   417628.0000002025	 -1410096.0664062500	   687055.0000000000	956	250	47	49.500000	 21145098.4349318407
   417629.0000002003	 -1414425.8212890625	   682726.0000000000	183	250	47	49.250000	 21144889.1438013837
   417630.0000001981	 -1418755.1953125000	   678396.0000000000	824	250	47	49.250000	 21144680.1388547868
   417631.0000001951	 -1423084.0791015625	   674067.0000000000	943	250	47	49.500000	 21144471.0326970443
   417632.0000001914	 -1427412.4345703125	   669739.0000000000	579	250	47	49.500000	 21144261.1796694584
   417633.0000001886	 -1431740.1572265625	   665411.0000000000	863	250	47	49.250000	 21144051.9827704690
   417634.0000001852	 -1436067.1572265625	   661084.0000000000	863	250	47	49.250000	 21143843.3268288933
   417635.0000001816	 -1440393.4042968750	   656758.0000000000	610	250	47	49.500000	 21143634.2067111209
   417636.0000001785	 -1444718.8994140625	   652433.0000000000	103	250	47	49.500000	 21143425.7811125666
   417637.0000001754	 -1449043.6611328125	   648108.0000000000	347	250	47	49.250000	 21143216.9611386880
   417638.0000001729	 -1453367.7236328125	   643784.0000000000	283	250	47	49.250000	 21143009.7291359864
   417639.0000001702	 -1457691.0917968750	   639460.0000000000	930	250	47	49.500000	 21142802.9997001067
   417640.0000001676	 -1462013.8173828125	   635138.0000000000	187	250	47	49.500000	 21142596.1620727330
   417641.0000001640	 -1466335.9082031250	   630816.0000000000	94	250	47	49.750000	 21142389.3139754869
   417642.0000001598	 -1470657.3554687500	   626494.0000000000	660	250	47	49.500000	 21142182.3088263124
   417643.0000001554	 -1474978.1416015625	   622173.0000000000	879	250	47	49.500000	 21141974.6266081072
   417644.0000001517	 -1479298.2792968750	   617853.0000000000	738	250	47	49.500000	 21141767.2061432004
   417645.0000001479	 -1483617.7724609375	   613534.0000000000	233	250	47	49.500000	 21141560.2882450819
   417646.0000001448	 -1487936.5546875000	   609215.0000000000	456	250	47	49.750000	 21141354.4383011349
   417647.0000001412	 -1492254.7597656250	   604897.0000000000	246	250	47	49.750000	 21141148.0369298719
   417648.0000001381	 -1496572.3808593750	   600579.0000000000	634	250	47	49.750000	 21140941.7577101626
   417649.0000001350	 -1500889.3710937500	   596262.0000000000	644	250	47	50.000000	 21140735.0841150917
   417650.0000001318	 -1505205.7451171875	   591946.0000000000	261	250	47	50.250000	 21140528.7699949481
   417651.0000001278	 -1509521.5458984375	   587630.0000000000	465	250	47	50.250000	 21140322.1033802256
   417652.0000001239	 -1513836.7148437500	   583315.0000000000	292	250	47	50.000000	 21140115.7229494005
   417653.0000001197	 -1518151.3535156250	   579000.0000000000	662	250	47	50.000000	 21139909.5589015037
   417654.0000001161	 -1522465.3789062500	   574686.0000000000	636	250	47	50.500000	 21139703.3006221689
   417655.0000001130	 -1526778.8125000000	   570373.0000000000	192	250	47	50.500000	 21139497.0388526805
   417656.0000001104	 -1531091.6210937500	   566060.0000000000	388	250	47	50.250000	 21139290.3268670179
   417657.0000001083	 -1535403.7460937500	   561748.0000000000	260	250	47	50.250000	 21139084.2186592631
   417658.0000001055	 -1539715.4091796875	   557436.0000000000	605	250	47	50.000000	 21138877.6323153153
   417659.0000001034	 -1544026.4853515625	   553125.0000000000	527	250	47	50.000000	 21138671.3810156621
   417660.0000001011	 -1548336.8662109375	   548815.0000000000	137	250	47	50.000000	 21138466.2046505287
   417661.0000000981	 -1552646.6679687500	   544505.0000000000	340	250	47	50.250000	 21138261.2481585108
   417662.0000000945	 -1556955.8945312500	   540196.0000000000	108	250	47	50.250000	 21138055.8484307341
   417663.0000000923	 -1561264.5263671875	   535887.0000000000	485	250	47	50.250000	 21137850.8500579335
   417664.0000000895	 -1565572.6064453125	   531579.0000000000	403	250	47	50.500000	 21137645.8202748857
   417665.0000002620	 -1569879.8867187500	   527272.0000000000	116	251	47	50.500000	 21137441.2476378977
   417666.0000002591	 -1574186.8193359375	   522965.0000000000	185	250	47	50.750000	 21137236.6122301780
   417667.0000002547	 -1578493.1425781250	   518658.0000000000	878	250	47	50.750000	 21137032.1129347123
   417668.0000002501	 -1582798.9316406250	   514353.0000000000	70	250	47	50.750000	 21136827.5438383706
   417669.0000002460	 -1587104.0585937500	   510047.0000000000	964	250	47	50.750000	 21136622.9887020588
   417670.0000002415	 -1591408.5117187500	   505743.0000000000	500	250	47	51.000000	 21136418.1508721076
   417671.0000002378	 -1595712.2910156250	   501439.0000000000	726	250	47	51.000000	 21136214.1297128648
   417672.0000002338	 -1600015.5205078125	   497136.0000000000	491	250	47	51.250000	 21136010.4505783282
   417673.0000002310	 -1604318.1181640625	   492833.0000000000	903	250	47	51.500000	 21135807.1553485468
   417674.0000002276	 -1608620.0986328125	   488531.0000000000	923	250	47	51.500000	 21135603.6507161893
   417675.0000002242	 -1612921.3544921875	   484230.0000000000	661	250	47	51.500000	 21135400.1460837983
   417676.0000002214	 -1617221.9882812500	   479930.0000000000	12	250	47	51.750000	 21135196.1353944242
   417677.0000002188	 -1621521.9716796875	   475630.0000000000	29	250	47	51.500000	 21134992.1596054882
   417678.0000002158	 -1625821.2841796875	   471330.0000000000	733	250	47	51.500000	 21134787.6323892660
   417679.0000002120	 -1630120.0253906250	   467031.0000000000	998	250	47	51.250000	 21134583.0214121453
   417680.0000002082	 -1634418.1855468750	   462733.0000000000	834	250	47	51.000000	 21134379.5377201587
   417681.0000002042	 -1638715.7539062500	   458436.0000000000	252	250	47	51.250000	 21134176.0191277415
   417682.0000002002	 -1643012.6699218750	   454139.0000000000	338	250	47	51.250000	 21133972.7867191508
   417683.0000001965	 -1647308.8955078125	   449843.0000000000	107	250	47	51.250000	 21133770.0533872284
   417684.0000001923	 -1651604.4785156250	   445547.0000000000	534	250	47	51.250000	 21133567.4666373953
   417685.0000001891	 -1655899.4716796875	   441252.0000000000	541	250	47	51.250000	 21133365.0159991458
   417686.0000001864	 -1660193.8027343750	   436958.0000000000	202	250	47	51.250000	 21133162.4711294286
   417687.0000001831	 -1664487.5234375000	   432664.0000000000	488	250	47	51.250000	 21132960.1286826432
   417688.0000001793	 -1668780.6640625000	   428371.0000000000	344	250	47	51.250000	 21132757.5384426191
   417689.0000001761	 -1673073.1972656250	   424078.0000000000	822	250	47	51.250000	 21132554.8016205095
   417690.0000001726	 -1677365.1279296875	   419786.0000000000	893	250	47	51.000000	 21132352.5848154388
   417691.0000001697	 -1681656.4492187500	   415495.0000000000	564	250	47	51.000000	 21132150.9368878715
   417692.0000001664	 -1685947.1308593750	   411204.0000000000	890	250	47	51.000000	 21131948.9155253507
   417693.0000001633	 -1690237.2109375000	   406914.0000000000	808	250	47	51.000000	 21131746.9290633015
   417694.0000001608	 -1694526.7001953125	   402625.0000000000	307	250	47	50.750000	 21131545.5638293736
   417695.0000001581	 -1698815.5791015625	   398336.0000000000	431	250	47	50.750000	 21131343.8600609973
   417696.0000001554	 -1703103.8388671875	   394048.0000000000	165	250	47	51.000000	 21131142.7112100646
   417697.0000001524	 -1707391.5439453125	   389760.0000000000	467	250	47	51.000000	 21130941.7961923070
   417698.0000001490	 -1711678.6308593750	   385473.0000000000	378	250	47	51.000000	 21130741.1359481700
   417699.0000001455	 -1715965.0732421875	   381186.0000000000	949	250	47	51.250000	 21130540.4757039994
   417700.0000001414	 -1720250.8613281250	   376901.0000000000	142	250	47	51.000000	 21130340.2133253440
   417701.0000001373	 -1724536.0322265625	   372615.0000000000	991	250	47	51.000000	 21130139.3611288108
   417702.0000001334	 -1728820.6113281250	   368331.0000000000	398	250	47	51.000000	 21129938.0238156393
   417703.0000001299	 -1733104.6298828125	   364047.0000000000	379	250	47	51.000000	 21129737.6497553326
   417704.0000001267	 -1737388.0576171875	   359763.0000000000	965	250	47	51.000000	 21129537.2024039999
   417705.0000001235	 -1741670.9257812500	   355481.0000000000	76	250	47	51.250000	 21129337.5054126568
   417706.0000001204	 -1745953.1816406250	   351198.0000000000	838	250	47	51.250000	 21129138.5413311645
   417707.0000001171	 -1750234.8437500000	   346917.0000000000	160	250	47	51.500000	 21128939.9367245920
   417708.0000001134	 -1754515.8789062500	   342636.0000000000	124	250	47	51.500000	 21128739.9221391752
   417709.0000001097	 -1758796.3730468750	   338355.0000000000	642	250	47	51.500000	 21128539.9075537622
   417710.0000001069	 -1763076.2578125000	   334075.0000000000	760	250	47	51.250000	 21128340.0465301126
   417711.0000001038	 -1767355.5585937500	   329796.0000000000	452	250	47	51.250000	 21128139.6515293978
   417712.0000001015	 -1771634.2324218750	   325517.0000000000	786	250	47	51.250000	 21127940.0557492077
   417713.0000000994	 -1775912.2695312500	   321239.0000000000	748	250	47	51.250000	 21127741.5139631294
   417714.0000000957	 -1780189.7246093750	   316962.0000000000	282	250	47	51.250000	 21127542.2322875559
   417715.0000000928	 -1784466.5634765625	   312685.0000000000	447	250	47	51.000000	 21127343.6067405455
   417716.0000000894	 -1788742.8867187500	   308409.0000000000	116	250	47	51.000000	 21127144.6984998919
   417717.0000002615	 -1793018.3515625000	   304133.0000000000	664	251	47	51.000000	 21126946.3172061369
   417718.0000002582	 -1797293.5175781250	   299858.0000000000	494	250	47	51.250000	 21126747.2833237723
   417719.0000002559	 -1801568.1005859375	   295583.0000000000	921	250	47	51.000000	 21126549.2615547329
   417720.0000002530	 -1805842.0634765625	   291309.0000000000	959	250	47	51.250000	 21126350.7790996507
   417721.0000002506	 -1810115.4619140625	   287036.0000000000	551	250	47	51.250000	 21126152.5967884623
   417722.0000002484	 -1814388.3310546875	   282763.0000000000	685	250	47	51.250000	 21125954.9135539085
   417723.0000002468	 -1818660.5371093750	   278491.0000000000	474	250	47	51.250000	 21125756.9580955505
   417724.0000002443	 -1822932.1250000000	   274219.0000000000	896	250	47	51.250000	 21125558.7408839278
   417725.0000002424	 -1827203.1445312500	   269948.0000000000	876	250	47	51.250000	 21125361.1274502762
   417726.0000002400	 -1831473.6328125000	   265678.0000000000	376	250	47	51.250000	 21125163.2487731352
   417727.0000002374	 -1835743.5761718750	   261408.0000000000	434	250	47	51.250000	 21124965.2828449085
   417728.0000002343	 -1840012.9658203125	   257139.0000000000	35	250	47	51.500000	 21124767.6065907329
   417729.0000002306	 -1844281.7978515625	   252870.0000000000	207	250	47	51.500000	 21124570.2933016047
   417730.0000002279	 -1848550.0683593750	   248601.0000000000	954	250	47	51.500000	 21124372.8822908551
   417731.0000002251	 -1852817.7373046875	   244334.0000000000	269	250	47	51.500000	 21124174.7383702919
   417732.0000002231	 -1857084.7929687500	   240067.0000000000	212	250	47	51.750000	 21123977.8054957986
   417733.0000002215	 -1861351.2851562500	   235800.0000000000	732	250	47	51.750000	 21123780.9947727956
   417734.0000002190	 -1865617.2548828125	   231534.0000000000	763	250	47	51.750000	 21123584.2259306088
   417735.0000002172	 -1869882.6318359375	   227269.0000000000	377	250	47	51.750000	 21123388.3470502235
   417736.0000002146	 -1874147.4414062500	   223004.0000000000	572	250	47	51.750000	 21123192.5449510589
   417737.0000002122	 -1878411.6591796875	   218740.0000000000	349	250	47	51.750000	 21122996.0622927025
   417738.0000002090	 -1882675.2949218750	   214476.0000000000	722	250	47	51.750000	 21122799.6389653794
   417739.0000002062	 -1886938.3886718750	   210213.0000000000	626	250	47	51.750000	 21122603.6414236277
   417740.0000002036	 -1891200.9433593750	   205951.0000000000	58	250	47	51.750000	 21122407.6787823141
   417741.0000002008	 -1895462.8974609375	   201689.0000000000	105	250	47	51.750000	 21122211.8068822771
   417742.0000001976	 -1899724.3007812500	   197427.0000000000	716	250	47	51.500000	 21122015.0799208730
   417743.0000001956	 -1903985.1591796875	   193166.0000000000	861	250	47	51.250000	 21121818.8799562231
   417744.0000001939	 -1908245.4658203125	   188906.0000000000	547	250	47	51.250000	 21121622.7672426291
   417745.0000001926	 -1912505.2343750000	   184646.0000000000	784	250	47	51.250000	 21121427.6352320835
   417746.0000001899	 -1916764.4130859375	   180387.0000000000	601	250	47	51.250000	 21121231.7807822675
   417747.0000001877	 -1921023.0488281250	   176128.0000000000	974	250	47	51.250000	 21121036.2264763042
   417748.0000001862	 -1925281.1298828125	   171870.0000000000	891	250	47	51.250000	 21120841.1852070391
   417749.0000001856	 -1929538.6337890625	   167613.0000000000	375	250	47	51.000000	 21120645.9764152765
   417750.0000001841	 -1933795.5761718750	   163356.0000000000	434	250	47	51.250000	 21120450.9002455771
   417751.0000001827	 -1938051.9287109375	   159100.0000000000	73	250	47	51.250000	 21120255.8764265291
   417752.0000001808	 -1942307.7275390625	   154844.0000000000	279	250	47	51.000000	 21120061.1422814988
   417753.0000001796	 -1946562.9560546875	   150589.0000000000	45	250	47	51.000000	 21119866.4569969699
   417754.0000001781	 -1950817.6025390625	   146334.0000000000	407	250	47	51.250000	 21119671.9880953953
   417755.0000001764	 -1955071.6875000000	   142080.0000000000	320	250	47	51.000000	 21119477.7181265689
   417756.0000001745	 -1959325.2128906250	   137826.0000000000	806	250	47	51.000000	 21119283.1270734705
   417757.0000001730	 -1963578.1640625000	   133573.0000000000	856	250	47	50.750000	 21119089.4992732070
   417758.0000001709	 -1967830.5087890625	   129321.0000000000	503	250	47	51.000000	 21118895.6969707645
   417759.0000001687	 -1972082.3623046875	   125069.0000000000	653	250	47	51.000000	 21118702.5926776975
   417760.0000001665	 -1976333.6943359375	   120818.0000000000	313	250	47	51.000000	 21118509.4534842297
   417761.0000001641	 -1980584.4921875000	   116567.0000000000	520	250	47	51.000000	 21118316.2793902904
   417762.0000001612	 -1984834.6865234375	   112317.0000000000	321	250	47	51.000000	 21118122.3758767322
   417763.0000001591	 -1989084.3193359375	   108067.0000000000	697	250	47	50.750000	 21117928.1442985311
   417764.0000001578	 -1993333.3945312500	   103818.0000000000	620	250	47	50.750000	 21117734.1570233740
   417765.0000001572	 -1997581.9208984375	    99570.0000000000	81	250	47	50.750000	 21117540.7909763753
   417766.0000001566	 -2001829.9599609375	    95322.0000000000	41	250	47	50.500000	 21117347.2992876619
   417767.0000001559	 -2006077.4531250000	    91074.0000000000	560	250	47	50.750000	 21117154.3625164255
   417768.0000001549	 -2010324.3662109375	    86827.0000000000	649	250	47	50.500000	 21116962.0365035087
   417769.0000001536	 -2014570.7724609375	    82581.0000000000	233	250	47	50.500000	 21116769.3196054250
   417770.0000001524	 -2018816.6025390625	    78335.0000000000	407	250	47	50.500000	 21116576.3688741587
   417771.0000001510	 -2023061.8974609375	    74090.0000000000	105	250	47	50.500000	 21116383.4914339259
   417772.0000001499	 -2027306.6259765625	    69845.0000000000	383	250	47	50.500000	 21116190.9699784219
   417773.0000001491	 -2031550.8261718750	    65601.0000000000	178	250	47	50.750000	 21115999.2686838210
   417774.0000001488	 -2035794.4980468750	    61357.0000000000	514	250	47	50.750000	 21115808.3142591231
   417775.0000001480	 -2040037.6289062500	    57114.0000000000	380	250	47	51.000000	 21115617.1678819992
   417776.0000001473	 -2044280.2021484375	    52871.0000000000	817	250	47	51.000000	 21115425.9307635948
   417777.0000001465	 -2048522.2353515625	    48629.0000000000	783	250	47	51.000000	 21115234.3900111429
   417778.0000001459	 -2052763.7871093750	    44388.0000000000	218	250	47	51.000000	 21115042.7585174479
   417779.0000001446	 -2057004.7519531250	    40147.0000000000	254	250	47	51.250000	 21114851.1863547154
   417780.0000001434	 -2061245.1894531250	    35906.0000000000	830	250	47	51.250000	 21114659.2372669093
   417781.0000001438	 -2065485.1718750000	    31666.0000000000	848	250	47	51.000000	 21114468.1886107437
   417782.0000001446	 -2069724.5898437500	    27427.0000000000	420	250	47	51.000000	 21114276.8153801225
   417783.0000001434	 -2073963.4228515625	    23188.0000000000	591	250	47	51.250000	 21114085.1350259259
   417784.0000001424	 -2078201.7167968750	    18950.0000000000	290	250	47	51.250000	 21113893.3988308907
   417785.0000001412	 -2082439.4355468750	    14712.0000000000	578	250	47	51.250000	 21113701.9872103408
   417786.0000001405	 -2086676.6005859375	    10475.0000000000	409	250	47	51.250000	 21113510.8931838721
   417787.0000001409	 -2090913.2246093750	     6238.0000000000	794	250	47	51.250000	 21113320.8461711630
   417788.0000001406	 -2095149.3505859375	     2002.0000000000	665	250	47	51.250000	 21113130.4641141258
   417789.0000001406	 -2099384.9531250000	  1046343.0000000000	48	250	47	51.500000	 21112940.1344077438
   417790.0000001403	 -2103619.9736328125	  1042108.0000000000	27	250	47	51.250000	 21112749.4661668427
   417791.0000001407	 -2107854.5185546875	  1037873.0000000000	493	250	47	51.250000	 21112559.5447958484
   417792.0000001398	 -2112088.5712890625	  1033639.0000000000	439	250	47	51.250000	 21112369.4000621811
   417793.0000001398	 -2116322.0595703125	  1029405.0000000000	963	250	47	51.500000	 21112179.7858153917
   417794.0000001401	 -2120555.0244140625	  1025172.0000000000	999	250	47	51.250000	 21111990.8660878204
   417795.0000001409	 -2124787.4140625000	  1020940.0000000000	600	250	47	51.500000	 21111801.7997781634
   417796.0000001416	 -2129019.3417968750	  1016708.0000000000	674	250	47	51.500000	 21111612.8416600004
   417797.0000001423	 -2133250.7548828125	  1012477.0000000000	251	250	47	51.500000	 21111424.4384592809
   417798.0000001419	 -2137481.6162109375	  1008246.0000000000	393	250	47	51.500000	 21111235.4524210282
   417799.0000001417	 -2141711.9775390625	  1004016.0000000000	23	250	47	51.500000	 21111046.5012832098
   417800.0000001417	 -2145941.7988281250	   999786.0000000000	206	250	47	51.500000	 21110857.3512126543
   417801.0000001426	 -2150171.0302734375	   995556.0000000000	993	250	47	51.250000	 21110668.7316289730
   417802.0000001439	 -2154399.7558593750	   991328.0000000000	250	250	47	51.250000	 21110479.8223712742
   417803.0000001451	 -2158627.9609375000	   987100.0000000000	40	250	47	51.250000	 21110291.2900386825
   417804.0000001461	 -2162855.6318359375	   982872.0000000000	377	250	47	51.250000	 21110102.7053554393
   417805.0000001467	 -2167082.8193359375	   978645.0000000000	185	250	47	51.250000	 21109914.0159708895
   417806.0000001474	 -2171309.4375000000	   974418.0000000000	576	250	47	51.250000	 21109725.4696782380
   417807.0000001485	 -2175535.5849609375	   970192.0000000000	425	250	47	51.000000	 21109537.4922631234
   417808.0000001502	 -2179761.1777343750	   965966.0000000000	842	250	47	51.000000	 21109349.6893501878
   417809.0000001508	 -2183986.2636718750	   961741.0000000000	754	250	47	51.000000	 21109161.1430575699
   417810.0000001526	 -2188210.7802734375	   957517.0000000000	225	250	47	51.000000	 21108973.5006867498
   417811.0000001547	 -2192434.7656250000	   953293.0000000000	240	250	47	50.750000	 21108784.8182818778
   417812.0000001572	 -2196658.2470703125	   949069.0000000000	771	250	47	50.750000	 21108596.5442123637
   417813.0000001597	 -2200881.2021484375	   944846.0000000000	817	250	47	50.750000	 21108409.0030526929
   417814.0000001622	 -2205103.5634765625	   940624.0000000000	447	250	47	50.750000	 21108220.9977168255
   417815.0000001641	 -2209325.4345703125	   936402.0000000000	579	250	47	50.500000	 21108033.4076966569
   417816.0000001660	 -2213546.7802734375	   932181.0000000000	225	250	47	50.500000	 21107846.5331361182
   417817.0000001675	 -2217767.5927734375	   927960.0000000000	417	250	47	50.750000	 21107659.6620657668
   417818.0000001689	 -2221987.8662109375	   923740.0000000000	137	250	47	50.750000	 21107473.2202711776
   417819.0000001706	 -2226207.5986328125	   919520.0000000000	411	250	47	50.750000	 21107286.8482774608
   417820.0000001722	 -2230426.8574218750	   915301.0000000000	146	250	47	50.750000	 21107100.5844752081
   417821.0000001739	 -2234645.5576171875	   911082.0000000000	453	250	47	50.750000	 21106913.8006559461
   417822.0000001770	 -2238863.7275390625	   906864.0000000000	279	250	47	50.750000	 21106726.9714656770
   417823.0000001813	 -2243081.3818359375	   902646.0000000000	633	250	47	50.750000	 21106541.0985479280
   417824.0000001840	 -2247298.5214843750	   898429.0000000000	490	250	47	50.750000	 21106354.7544742674
   417825.0000001865	 -2251515.1621093750	   894212.0000000000	858	250	47	50.750000	 21106169.1991512924
   417826.0000001877	 -2255731.3076171875	   889996.0000000000	709	250	47	50.750000	 21105983.0993813761
   417827.0000001886	 -2259946.9560546875	   885781.0000000000	45	250	47	50.750000	 21105797.0729024895
   417828.0000001894	 -2264162.0419921875	   881565.0000000000	981	250	47	50.750000	 21105610.5822474398
   417829.0000001906	 -2268376.5468750000	   877351.0000000000	464	250	47	50.750000	 21105424.4999277443
   417830.0000001919	 -2272590.4990234375	   873137.0000000000	513	250	47	50.750000	 21105239.4367017187
   417831.0000001932	 -2276803.9345703125	   868924.0000000000	67	250	47	51.000000	 21105054.6596595272
   417832.0000001952	 -2281016.8916015625	   864711.0000000000	111	250	47	51.000000	 21104869.6801944040
   417833.0000001978	 -2285229.3007812500	   860498.0000000000	716	250	47	51.000000	 21104684.7146893106
   417834.0000002002	 -2289441.2089843750	   856286.0000000000	810	250	47	51.000000	 21104499.6968335956
   417835.0000002037	 -2293652.6689453125	   852075.0000000000	339	250	47	51.000000	 21104315.0279822014
   417836.0000002069	 -2297863.5517578125	   847864.0000000000	459	250	47	51.000000	 21104130.6837052628
   417837.0000002098	 -2302073.9384765625	   843654.0000000000	63	250	47	51.250000	 21103946.8070947453
   417838.0000002120	 -2306283.8251953125	   839444.0000000000	179	250	47	51.250000	 21103762.3092560358
   417839.0000002144	 -2310493.1435546875	   835234.0000000000	877	250	47	51.250000	 21103578.1674020626
   417840.0000002172	 -2314701.9628906250	   831026.0000000000	38	250	47	51.250000	 21103393.8440655321
   417841.0000002206	 -2318910.2841796875	   826817.0000000000	733	250	47	51.250000	 21103209.5521392487
   417842.0000002244	 -2323118.0986328125	   822609.0000000000	923	250	47	51.250000	 21103026.2409160472
   417843.0000002285	 -2327325.3466796875	   818402.0000000000	669	250	47	51.250000	 21102843.4636699110
   417844.0000002321	 -2331532.0986328125	   814195.0000000000	923	250	47	51.500000	 21102660.2431879565
   417845.0000002359	 -2335738.3095703125	   809989.0000000000	707	250	47	51.250000	 21102476.6457808875
   417846.0000002400	 -2339944.0292968750	   805783.0000000000	994	250	47	51.250000	 21102293.2961670607
   417847.0000002449	 -2344149.2333984375	   801578.0000000000	785	250	47	51.250000	 21102109.4404962510
   417848.0000002497	 -2348353.8916015625	   797374.0000000000	111	250	47	51.250000	 21101925.8535590582
   417849.0000002544	 -2352558.0087890625	   793169.0000000000	1015	250	47	51.000000	 21101742.6784474067
   417850.0000002587	 -2356761.6201171875	   788966.0000000000	389	250	47	51.250000	 21101559.6848182790
   417851.0000000888	 -2360964.9746093750	   784763.0000000000	26	249	47	51.000000	 21101376.8168806918
   417852.0000000942	 -2365167.5878906250	   780560.0000000000	422	250	47	51.000000	 21101194.1199052669
   417853.0000000987	 -2369369.6777343750	   776358.0000000000	330	250	47	51.000000	 21101011.8766362034
   417854.0000001027	 -2373571.2480468750	   772156.0000000000	770	250	47	51.000000	 21100829.2250317857
   417855.0000001062	 -2377772.3466796875	   767955.0000000000	669	250	47	51.000000	 21100646.9712928496
   417856.0000001098	 -2381972.9013671875	   763755.0000000000	101	250	47	51.000000	 21100464.7524543479
   417857.0000001139	 -2386172.9501953125	   759555.0000000000	51	250	47	51.000000	 21100282.2439418286
   417858.0000001178	 -2390372.4423828125	   755355.0000000000	571	250	47	51.000000	 21100099.8261705860
   417859.0000001212	 -2394571.4365234375	   751156.0000000000	577	250	47	51.000000	 21099917.5549814664
   417860.0000001258	 -2398769.9306640625	   746958.0000000000	71	250	47	51.000000	 21099735.9015302770
   417861.0000001304	 -2402967.9218750000	   742760.0000000000	80	250	47	51.250000	 21099554.6948051080
   417862.0000001355	 -2407165.3935546875	   738562.0000000000	621	250	47	51.000000	 21099373.0727641992
   417863.0000001406	 -2411362.3710937500	   734365.0000000000	644	250	47	51.000000	 21099191.3076313585
   417864.0000001462	 -2415558.8291015625	   730169.0000000000	175	250	47	51.000000	 21099009.5215581469
   417865.0000001517	 -2419754.8476562500	   725973.0000000000	156	250	47	51.250000	 21098828.4683947451
   417866.0000001573	 -2423950.3300781250	   721777.0000000000	686	250	47	51.000000	 21098647.6839649864
   417867.0000001623	 -2428145.3291015625	   717582.0000000000	687	250	47	51.000000	 21098466.5993913040
   417868.0000001683	 -2432339.8037109375	   713388.0000000000	201	250	47	51.000000	 21098285.3821955957
   417869.0000001753	 -2436533.8007812500	   709194.0000000000	204	250	47	51.000000	 21098105.0514715016
   417870.0000001811	 -2440727.3261718750	   705000.0000000000	690	250	47	51.000000	 21097924.3542927988
   417871.0000001867	 -2444920.3457031250	   700807.0000000000	670	250	47	51.000000	 21097743.5873132609
   417872.0000001926	 -2449112.8720703125	   696615.0000000000	131	250	47	51.000000	 21097563.6230444051
   417873.0000001983	 -2453304.8349609375	   692423.0000000000	169	250	47	51.000000	 21097383.0166069791
   417874.0000002034	 -2457496.3378906250	   688231.0000000000	678	250	47	51.000000	 21097202.1274758838
   417875.0000002083	 -2461687.3359375000	   684040.0000000000	680	250	47	50.750000	 21097021.5803694949
   417876.0000002129	 -2465877.8105468750	   679850.0000000000	194	250	47	50.750000	 21096841.5183796771
   417877.0000002177	 -2470067.7939453125	   675660.0000000000	211	250	47	51.000000	 21096662.0811082087
   417878.0000002226	 -2474257.2666015625	   671470.0000000000	751	250	47	51.000000	 21096482.4100035615
   417879.0000002279	 -2478446.2431640625	   667281.0000000000	775	250	47	51.000000	 21096303.1123338342
   417880.0000002340	 -2482634.7148437500	   663093.0000000000	292	250	47	51.000000	 21096123.7902335413
   417881.0000002407	 -2486822.6855468750	   658905.0000000000	322	250	47	51.000000	 21095944.8031775765
   417882.0000002476	 -2491010.1337890625	   654717.0000000000	887	250	47	51.000000	 21095765.6904798634
   417883.0000002544	 -2495197.1445312500	   650530.0000000000	876	250	47	50.750000	 21095586.1485064253
   417884.0000002617	 -2499383.6533203125	   646344.0000000000	355	250	47	50.750000	 21095406.7635849416
   417885.0000000931	 -2503569.8417968750	   642158.0000000000	162	249	47	50.750000	 21095227.3019327000
   417886.0000001003	 -2507755.3437500000	   637972.0000000000	672	250	47	50.750000	 21095047.7215686329
   417887.0000001076	 -2511940.3515625000	   633787.0000000000	664	250	47	50.750000	 21094868.9090148471
   417888.0000001147	 -2516124.8671875000	   629603.0000000000	136	250	47	50.750000	 21094690.1523018666
   417889.0000001218	 -2520308.9189453125	   625419.0000000000	83	250	47	50.750000	 21094511.6992229372
   417890.0000001287	 -2524492.4951171875	   621235.0000000000	517	250	47	50.750000	 21094332.9076095596
   417891.0000001363	 -2528675.5898437500	   617052.0000000000	420	250	47	50.500000	 21094154.3079485409
   417892.0000001439	 -2532858.1777343750	   612869.0000000000	842	250	47	50.500000	 21093976.4411973655
   417893.0000001513	 -2537040.2363281250	   608687.0000000000	782	250	47	50.750000	 21093799.0944632031
   417894.0000001583	 -2541221.8193359375	   604506.0000000000	185	250	47	50.750000	 21093622.1630447693
   417895.0000001644	 -2545402.9482421875	   600325.0000000000	53	250	47	50.750000	 21093445.2735071555
   417896.0000001713	 -2549583.6123046875	   596144.0000000000	397	250	47	50.750000	 21093268.0559048913
   417897.0000001783	 -2553763.7597656250	   591964.0000000000	246	250	47	50.750000	 21093090.1402932219
   417898.0000001857	 -2557943.4775390625	   587784.0000000000	535	250	47	50.750000	 21092912.4899250083
   417899.0000001939	 -2562122.6689453125	   583605.0000000000	339	250	47	50.750000	 21092735.1013100594
   417900.0000002021	 -2566301.3798828125	   579426.0000000000	635	250	47	50.750000	 21092558.5363462344
   417901.0000002101	 -2570479.6337890625	   575248.0000000000	375	250	47	50.750000	 21092381.5072061755
   417902.0000002178	 -2574657.4179687500	   571070.0000000000	596	250	47	50.750000	 21092204.7851903588
   417903.0000002258	 -2578834.7246093750	   566893.0000000000	282	250	47	50.750000	 21092027.4698664732
   417904.0000002343	 -2583011.5429687500	   562716.0000000000	468	250	47	50.500000	 21091850.4546864778
   417905.0000002432	 -2587187.8476562500	   558540.0000000000	156	250	47	50.500000	 21091673.8129413649
   417906.0000002516	 -2591363.6855468750	   554364.0000000000	322	250	47	50.500000	 21091496.8885026500
   417907.0000002595	 -2595539.0029296875	   550188.0000000000	1021	250	47	50.750000	 21091320.8261056133
   417908.0000000914	 -2599714.0742187500	   546013.0000000000	948	249	47	51.000000	 21091143.9366177917
   417909.0000000999	 -2603888.4052734375	   541839.0000000000	609	250	47	50.750000	 21090968.2092650831
   417910.0000001090	 -2608062.2617187500	   537665.0000000000	756	250	47	51.000000	 21090792.7646060139
   417911.0000001188	 -2612235.6552734375	   533492.0000000000	353	250	47	51.250000	 21090617.5642500296
   417912.0000001296	 -2616408.5244140625	   529319.0000000000	487	250	47	51.250000	 21090443.3760073371
   417913.0000001400	 -2620580.9277343750	   525147.0000000000	74	250	47	51.500000	 21090269.0656131208
   417914.0000001505	 -2624752.8896484375	   520975.0000000000	113	250	47	51.500000	 21090094.6295771897
   417915.0000001604	 -2628924.3632812500	   516803.0000000000	652	250	47	51.750000	 21089919.7328552529
   417916.0000001708	 -2633095.3310546875	   512632.0000000000	685	250	47	51.750000	 21089744.7070014104
   417917.0000001803	 -2637265.8164062500	   508462.0000000000	188	250	47	51.500000	 21089569.5275858343
   417918.0000001895	 -2641435.7851562500	   504292.0000000000	220	250	47	51.500000	 21089394.7076451108
   417919.0000001998	 -2645605.3203125000	   500122.0000000000	696	250	47	51.500000	 21089219.8074329831
   417920.0000002105	 -2649774.3916015625	   495953.0000000000	623	250	47	51.250000	 21089045.1550140940
   417921.0000002201	 -2653943.0156250000	   491784.0000000000	1008	250	47	51.250000	 21088870.1710410677
   417922.0000002309	 -2658111.1123046875	   487616.0000000000	909	250	47	51.500000	 21088695.8222562261
   417923.0000002420	 -2662278.7675781250	   483449.0000000000	238	250	47	51.500000	 21088521.1488969289
   417924.0000002526	 -2666445.9257812500	   479282.0000000000	76	250	47	51.250000	 21088346.4615776055
   417925.0000000875	 -2670612.8378906250	   475115.0000000000	166	249	47	51.250000	 21088172.0535122566
   417926.0000000981	 -2674779.0039062500	   470948.0000000000	1020	250	47	51.250000	 21087997.4918346442
   417927.0000001084	 -2678944.7548828125	   466783.0000000000	251	250	47	51.000000	 21087823.5758157559
   417928.0000001193	 -2683109.9970703125	   462618.0000000000	3	250	47	51.000000	 21087650.1379330941
   417929.0000001298	 -2687274.7744140625	   458453.0000000000	231	250	47	51.000000	 21087476.8466325514
   417930.0000001401	 -2691439.0537109375	   454288.0000000000	969	250	47	51.000000	 21087303.9322571196
   417931.0000001515	 -2695602.8261718750	   450125.0000000000	178	250	47	51.000000	 21087131.3319856077
   417932.0000001623	 -2699766.1396484375	   445961.0000000000	881	250	47	51.000000	 21086958.5746621341
   417933.0000001733	 -2703928.9453125000	   441799.0000000000	56	250	47	51.500000	 21086785.5835054852
   417934.0000001842	 -2708091.3222656250	   437636.0000000000	694	250	47	51.500000	 21086612.7005403005
   417935.0000001964	 -2712253.2744140625	   433474.0000000000	743	250	47	51.500000	 21086439.6465624608
   417936.0000002083	 -2716414.7724609375	   429313.0000000000	233	250	47	51.500000	 21086266.6309752129
   417937.0000002199	 -2720575.7519531250	   425152.0000000000	254	250	47	51.500000	 21086093.2419530451
   417938.0000002327	 -2724736.2080078125	   420991.0000000000	811	250	47	51.250000	 21085920.5055692829
   417939.0000002463	 -2728896.2060546875	   416831.0000000000	813	250	47	51.000000	 21085748.6033064798
   417940.0000002590	 -2733055.7675781250	   412672.0000000000	238	250	47	51.000000	 21085576.4043899737
   417941.0000000975	 -2737215.0927734375	   408512.0000000000	929	249	47	51.000000	 21085404.4917071275
   417942.0000001100	 -2741373.6064453125	   404354.0000000000	403	250	47	51.000000	 21085232.6697157323
   417943.0000001230	 -2745531.7138671875	   400196.0000000000	293	250	47	51.000000	 21085060.8442341462
   417944.0000001362	 -2749689.3505859375	   396038.0000000000	665	250	47	51.000000	 21084889.8040130585
   417945.0000001491	 -2753846.4443359375	   391881.0000000000	569	250	47	51.000000	 21084719.5176421888
   417946.0000001605	 -2758003.1093750000	   387724.0000000000	912	250	47	51.000000	 21084548.3831903301
   417947.0000001735	 -2762159.2988281250	   383568.0000000000	718	250	47	51.000000	 21084377.8280858472
   417948.0000001877	 -2766314.9648437500	   379413.0000000000	36	250	47	51.250000	 21084207.2450605780
   417949.0000002031	 -2770470.1455078125	   375257.0000000000	875	250	47	51.250000	 21084036.1524881683
   417950.0000002164	 -2774624.8457031250	   371103.0000000000	158	250	47	51.000000	 21083864.5398993865
   417951.0000002305	 -2778779.0869140625	   366948.0000000000	935	250	47	51.250000	 21083693.4926979207
   417952.0000002447	 -2782932.8300781250	   362795.0000000000	174	250	47	51.000000	 21083522.6060386337
   417953.0000002584	 -2787086.1171875000	   358641.0000000000	904	250	47	51.000000	 21083351.4192354232
   417954.0000000963	 -2791239.2177734375	   354488.0000000000	801	249	47	51.000000	 21083180.6373279020
   417955.0000001098	 -2795391.6044921875	   350336.0000000000	405	250	47	51.000000	 21083010.5429094285
   417956.0000001232	 -2799543.5136718750	   346184.0000000000	498	250	47	51.250000	 21082840.8254160956
   417957.0000001365	 -2803694.9101562500	   342033.0000000000	92	250	47	51.250000	 21082671.5371984951
   417958.0000001496	 -2807845.9052734375	   337882.0000000000	97	250	47	51.250000	 21082501.7499042600
   417959.0000001632	 -2811996.3945312500	   333731.0000000000	620	250	47	51.000000	 21082332.1022117622
   417960.0000001769	 -2816146.4384765625	   329581.0000000000	575	250	47	51.000000	 21082161.5052265003
   417961.0000001907	 -2820296.0390625000	   325431.0000000000	984	250	47	51.000000	 21081991.0687833503
   417962.0000002037	 -2824445.1933593750	   321282.0000000000	826	250	47	51.000000	 21081820.4054873735
   417963.0000002175	 -2828593.8378906250	   317134.0000000000	166	250	47	51.000000	 21081650.6670535989
   417964.0000002304	 -2832741.9677734375	   312986.0000000000	33	250	47	51.000000	 21081481.1310427897
   417965.0000002427	 -2836889.6523437500	   308838.0000000000	356	250	47	51.000000	 21081311.7974548824
   417966.0000002555	 -2841036.8994140625	   304691.0000000000	103	250	47	51.000000	 21081141.9229095913
   417967.0000000950	 -2845183.9150390625	   300544.0000000000	87	249	47	51.000000	 21080973.0430771671
   417968.0000001099	 -2849330.1845703125	   296397.0000000000	835	250	47	51.250000	 21080804.5121992752
   417969.0000001243	 -2853475.9394531250	   292252.0000000000	62	250	47	51.000000	 21080635.2693519779
   417970.0000001385	 -2857621.2177734375	   288106.0000000000	801	250	47	50.750000	 21080466.3685293570
   417971.0000001529	 -2861766.0810546875	   283961.0000000000	941	250	47	50.750000	 21080297.6805995367
   417972.0000001678	 -2865910.4560546875	   279817.0000000000	557	250	47	51.000000	 21080129.0066297427
   417973.0000001815	 -2870054.4121093750	   275673.0000000000	602	250	47	51.000000	 21079959.4112879038
   417974.0000001962	 -2874197.8056640625	   271530.0000000000	199	250	47	51.000000	 21079791.5260687657
   417975.0000002109	 -2878340.7900390625	   267387.0000000000	215	250	47	51.250000	 21079623.8013917767
   417976.0000002267	 -2882483.2734375000	   263244.0000000000	744	250	47	51.500000	 21079455.6753591150
   417977.0000002423	 -2886625.3154296875	   259102.0000000000	701	250	47	51.500000	 21079288.0867936797
   417978.0000002576	 -2890766.8378906250	   254961.0000000000	166	250	47	51.500000	 21079120.5366188660
   417979.0000000992	 -2894908.0859375000	   250819.0000000000	936	249	47	52.000000	 21078953.8590054363
   417980.0000001155	 -2899048.6718750000	   246679.0000000000	336	250	47	51.750000	 21078787.0173098706
   417981.0000001317	 -2903188.8232421875	   242539.0000000000	181	250	47	51.500000	 21078620.3012559861
   417982.0000001483	 -2907328.5439453125	   238399.0000000000	467	250	47	51.500000	 21078453.2955281138
   417983.0000001650	 -2911467.7314453125	   234260.0000000000	275	250	47	51.250000	 21078285.4486989044
   417984.0000001808	 -2915606.5039062500	   230121.0000000000	508	250	47	51.250000	 21078118.0381258354
