   417098.0000000202	   936651.7929687500	   936651.0000000000	812	250	37	51.250000	 20794544.5539356992
   417098.9999999392	   932057.2597656250	   932057.0000000000	266	250	37	51.000000	 20794261.5704879723
   417100.0000000774	   927462.8339843750	   927462.0000000000	854	251	37	51.000000	 20793992.1842002459
   417101.0000001984	   922865.8085937500	   922865.0000000000	828	241	37	50.750000	 20794241.6876168177
   417102.0000001465	   918270.5410156250	   918270.0000000000	554	249	37	51.000000	 20794020.0522047989
   417103.0000002445	   913675.6992187500	   913675.0000000000	716	251	37	51.000000	 20793738.9463511035
   417104.0000001684	   909080.5273437500	   909080.0000000000	540	250	37	51.000000	 20793457.6974553056
   417105.0000000926	   904485.2207031250	   904485.0000000000	226	250	37	51.000000	 20793176.8219944239
   417106.0000001912	   899890.0664062500	   899890.0000000000	68	251	37	51.000000	 20792895.1751832850
   417107.0000001146	   895294.5917968750	   895294.0000000000	606	250	37	51.000000	 20792613.5005019121
   417108.0000002117	   890699.3349609375	   890699.0000000000	343	251	37	51.000000	 20792331.6687187552
   417109.0000001341	   886103.7509765625	   886103.0000000000	769	250	37	51.000000	 20792049.1250159517
   417110.0000002318	   881508.3564453125	   881508.0000000000	365	251	37	51.000000	 20791767.1815511435
   417111.0000001547	   876912.7041015625	   876912.0000000000	721	250	37	51.000000	 20791485.2241760641
   417112.0000002526	   872317.2460937500	   872317.0000000000	252	251	37	50.750000	 20791203.0643282607
   417113.0000001743	   867721.5224609375	   867721.0000000000	535	250	37	51.000000	 20790920.7230484262
   417114.0000000970	   863125.7402343750	   863125.0000000000	758	250	37	50.750000	 20790638.2665967457
   417115.0000001946	   858530.1621093750	   858530.0000000000	166	251	37	50.750000	 20790355.7507642098
   417116.0000001176	   853934.3447265625	   853934.0000000000	353	250	37	50.500000	 20790073.7933891639
   417117.0000002155	   849338.8095703125	   849338.0000000000	829	251	37	50.500000	 20789791.9371754415
   417118.0000001377	   844743.0039062500	   844743.0000000000	4	250	37	50.750000	 20789509.4493134841
   417119.0000002359	   840147.4150390625	   840147.0000000000	425	251	37	50.500000	 20789227.0905329362
   417120.0000001586	   835551.6093750000	   835551.0000000000	624	250	37	50.750000	 20788945.0633569881
   417121.0000002563	   830956.0517578125	   830956.0000000000	53	251	37	50.750000	 20788663.4235262275
   417122.0000001790	   826360.2968750000	   826360.0000000000	304	250	37	50.750000	 20788381.5568924583
   417123.0000001024	   821764.5595703125	   821764.0000000000	573	250	37	50.750000	 20788100.3114868179
   417124.0000002008	   817169.1093750000	   817169.0000000000	112	251	37	50.750000	 20787818.5599744022
   417125.0000001237	   812573.4375000000	   812573.0000000000	448	250	37	50.750000	 20787536.7631414719
   417126.0000002222	   807978.0156250000	   807978.0000000000	16	251	37	50.750000	 20787254.6172536947
   417127.0000001465	   803382.4316406250	   803382.0000000000	442	250	37	50.500000	 20786972.6494081132
   417128.0000002481	   798787.1044921875	   798787.0000000000	107	251	37	50.500000	 20786691.7494661771
   417129.0000001735	   794191.5361328125	   794191.0000000000	549	250	37	50.750000	 20786410.5075500272
   417130.0000000997	   789595.9736328125	   789595.0000000000	997	250	37	50.500000	 20786129.9741131552
   417131.0000001997	   785000.7148437500	   785000.0000000000	732	251	37	50.750000	 20785849.1579328142
   417132.0000001255	   780405.1923828125	   780405.0000000000	197	250	37	50.750000	 20785568.1987103373
   417133.0000002265	   775809.9736328125	   775809.0000000000	997	251	37	50.750000	 20785287.9828177504
   417134.0000001527	   771214.5498046875	   771214.0000000000	563	250	37	51.000000	 20785007.5750225931
   417135.0000002534	   766619.4003906250	   766619.0000000000	410	251	37	51.000000	 20784727.2369784787
   417136.0000001796	   762024.0644531250	   762024.0000000000	66	250	37	51.000000	 20784446.1311739124
   417137.0000001062	   757428.8046875000	   757428.0000000000	824	250	37	51.000000	 20784165.6849880964
   417138.0000002081	   752833.9003906250	   752833.0000000000	922	251	37	51.000000	 20783885.3015730120
   417139.0000001339	   748238.7744140625	   748238.0000000000	793	250	37	51.000000	 20783604.2167088538
   417140.0000002366	   743643.9511718750	   743643.0000000000	974	251	37	51.000000	 20783323.6134206168
   417141.0000001637	   739048.9541015625	   739048.0000000000	977	250	37	51.000000	 20783042.9124612510
   417142.0000000922	   734454.0019531250	   734454.0000000000	2	250	37	51.000000	 20782762.9164909385
   417143.0000001966	   729859.3330078125	   729859.0000000000	341	251	37	51.000000	 20782483.5696190447
   417144.0000001247	   725264.4716796875	   725264.0000000000	483	250	37	51.000000	 20782203.2909550592
   417145.0000002283	   720669.9267578125	   720669.0000000000	949	251	37	51.000000	 20781923.6997801550
   417146.0000001572	   716075.1894531250	   716075.0000000000	194	250	37	51.000000	 20781643.6654192172
   417147.0000002609	   711480.8535156250	   711480.0000000000	874	251	37	51.000000	 20781363.9660528116
   417148.0000001886	   706886.3242187500	   706886.0000000000	332	250	37	51.250000	 20781083.4395955876
   417149.0000001174	   702291.8916015625	   702291.0000000000	913	250	37	51.000000	 20780803.8170602284
   417150.0000002216	   697697.8164062500	   697697.0000000000	836	251	37	51.000000	 20780524.4003874660
   417151.0000001512	   693103.5781250000	   693103.0000000000	592	250	37	51.000000	 20780244.5754291415
   417152.0000002570	   688509.6748046875	   688509.0000000000	691	251	37	51.000000	 20779964.9319028854
   417153.0000001870	   683915.5996093750	   683915.0000000000	614	250	37	50.500000	 20779684.9603624716
   417154.0000001175	   679321.6660156250	   679321.0000000000	682	250	37	50.500000	 20779405.2540655136
   417155.0000002238	   674728.0927734375	   674728.0000000000	95	251	37	50.500000	 20779125.6244992837
   417156.0000001552	   670134.3378906250	   670134.0000000000	346	250	37	50.500000	 20778846.2148560248
   417157.0000002619	   665540.9101562500	   665540.0000000000	932	251	37	50.500000	 20778566.9761749320
   417158.0000001942	   660947.3125000000	   660947.0000000000	320	250	37	50.750000	 20778287.8108347245
   417159.0000001271	   656353.8212890625	   656353.0000000000	841	250	37	50.750000	 20778009.4098145738
   417160.0000002339	   651760.6396484375	   651760.0000000000	655	251	37	50.750000	 20777730.3665760979
   417161.0000001655	   647167.3154296875	   647167.0000000000	323	250	37	50.750000	 20777452.7089363299
   417162.0000000967	   642574.0859375000	   642574.0000000000	88	250	37	51.000000	 20777173.9449517950
   417163.0000002030	   637981.1816406250	   637981.0000000000	186	251	37	50.750000	 20776894.8877532594
   417164.0000001343	   633388.1220703125	   633388.0000000000	125	250	37	50.500000	 20776615.9981270097
   417165.0000002422	   628795.3945312500	   628795.0000000000	404	251	37	50.500000	 20776337.5551762842
   417166.0000001753	   624202.5058593750	   624202.0000000000	518	250	37	50.750000	 20776059.2239570059
   417167.0000001077	   619609.7412109375	   619609.0000000000	759	250	37	50.500000	 20775780.6833351441
   417168.0000002153	   615017.2880859375	   615017.0000000000	295	251	37	50.500000	 20775501.6889570989
   417169.0000001477	   610424.7089843750	   610424.0000000000	726	250	37	50.500000	 20775223.2914271392
   417170.0000002552	   605832.4462890625	   605832.0000000000	457	251	37	50.500000	 20774944.7437751070
   417171.0000001886	   601240.0068359375	   601240.0000000000	7	250	37	50.500000	 20774666.1961728670
   417172.0000001223	   596647.6787109375	   596647.0000000000	695	250	37	50.250000	 20774388.3256396279
   417173.0000002318	   592055.7001953125	   592055.0000000000	717	251	37	50.500000	 20774110.9436626583
   417174.0000001671	   587463.5654296875	   587463.0000000000	579	250	37	50.750000	 20773834.0992027745
   417175.0000001020	   582871.5253906250	   582871.0000000000	538	250	37	50.750000	 20773556.8813079409
   417176.0000002132	   578279.8535156250	   578279.0000000000	874	251	37	50.750000	 20773280.2915711515
   417177.0000001484	   573687.9882812500	   573687.0000000000	1012	250	37	50.750000	 20773003.0003852881
   417178.0000002583	   569096.4921875000	   569096.0000000000	504	251	37	50.750000	 20772725.4543760121
   417179.0000001933	   564504.8867187500	   564504.0000000000	908	250	37	50.750000	 20772448.2539313957
   417180.0000001278	   559913.3671875000	   559913.0000000000	376	250	37	50.750000	 20772170.3240671568
   417181.0000002395	   555322.2382812500	   555322.0000000000	244	251	37	50.750000	 20771893.3015644141
   417182.0000001748	   550730.8857421875	   550730.0000000000	907	250	37	50.750000	 20771615.4903614745
   417183.0000001110	   546139.6064453125	   546139.0000000000	621	250	37	50.750000	 20771338.3701875992
   417184.0000002211	   541548.6503906250	   541548.0000000000	666	251	37	50.750000	 20771061.4314464554
   417185.0000001575	   536957.5957031250	   536957.0000000000	610	250	37	51.000000	 20770784.5067151636
   417186.0000000946	   532366.6337890625	   532366.0000000000	649	250	37	51.250000	 20770507.1108272970
   417187.0000002065	   527775.9697265625	   527775.0000000000	993	251	37	51.000000	 20770230.6955926828
   417188.0000001430	   523185.1425781250	   523185.0000000000	146	250	37	51.250000	 20769953.9663039446
   417189.0000002559	   518594.6250000000	   518594.0000000000	640	251	37	51.000000	 20769677.4533477053
   417190.0000001924	   514003.8789062500	   514003.0000000000	900	250	37	51.250000	 20769400.4029746689
   417191.0000001307	   509413.2177734375	   509413.0000000000	223	250	37	51.250000	 20769124.0715507790
   417192.0000002450	   504822.8876953125	   504822.0000000000	909	251	37	51.250000	 20768848.1030414477
   417193.0000001821	   500232.4931640625	   500232.0000000000	505	250	37	51.500000	 20768571.6738966033
   417194.0000001199	   495642.1279296875	   495642.0000000000	131	250	37	51.250000	 20768295.1854207553
   417195.0000002331	   491052.1416015625	   491052.0000000000	145	251	37	51.250000	 20768019.4577249810
   417196.0000001731	   486461.9843750000	   486461.0000000000	1008	250	37	51.250000	 20767743.9185412377
   417197.0000001127	   481871.9375000000	   481871.0000000000	960	250	37	51.250000	 20767467.9535719231
   417198.0000002282	   477282.1757812500	   477282.0000000000	180	251	37	50.750000	 20767191.6360575706
   417199.0000001676	   472692.2646484375	   472692.0000000000	271	250	37	50.750000	 20766915.9223716520
   417200.0000001077	   468102.4355468750	   468102.0000000000	446	250	37	51.000000	 20766640.3831879087
   417201.0000002211	   463512.9482421875	   463512.0000000000	971	251	37	51.000000	 20766363.8841916993
   417202.0000001603	   458923.3212890625	   458923.0000000000	329	250	37	51.000000	 20766087.9401627555
   417203.0000001009	   454333.8417968750	   454333.0000000000	862	250	37	51.000000	 20765812.1287552118
   417204.0000002158	   449744.6630859375	   449744.0000000000	679	251	37	50.750000	 20765535.9403727315
   417205.0000001575	   445155.3320312500	   445155.0000000000	340	250	37	50.500000	 20765261.0328870155
   417206.0000000985	   440566.0917968750	   440566.0000000000	94	250	37	51.000000	 20764985.9159986898
   417207.0000002139	   435977.1748046875	   435977.0000000000	179	251	37	51.000000	 20764710.5652273260
   417208.0000001543	   431388.1298828125	   431388.0000000000	133	250	37	50.750000	 20764435.1307448894
   417209.0000000960	   426799.1826171875	   426799.0000000000	187	250	37	50.750000	 20764160.0976174623
   417210.0000002127	   422210.5400390625	   422210.0000000000	553	251	37	51.000000	 20763885.2912930697
   417211.0000001537	   417621.7753906250	   417621.0000000000	794	250	37	51.000000	 20763609.8882208802
   417212.0000000946	   413033.0576171875	   413033.0000000000	59	250	37	51.000000	 20763334.6107904017
   417213.0000002105	   408444.7089843750	   408444.0000000000	726	251	37	51.000000	 20763058.9877952710
   417214.0000001526	   403856.2011718750	   403856.0000000000	206	250	37	51.000000	 20762784.0593691468
   417215.0000000949	   399267.7841796875	   399267.0000000000	803	250	37	51.000000	 20762509.4869277291
   417216.0000002114	   394679.7412109375	   394679.0000000000	759	251	37	51.250000	 20762234.8969862983
   417217.0000001537	   390091.5136718750	   390091.0000000000	526	250	37	51.250000	 20761960.4850870259
   417218.0000000974	   385503.3750000000	   385503.0000000000	384	250	37	51.250000	 20761686.7607266270
   417219.0000002147	   380915.6220703125	   380915.0000000000	637	251	37	51.250000	 20761412.4150882475
   417220.0000001574	   376327.7343750000	   376327.0000000000	752	250	37	51.000000	 20761137.2318885066
   417221.0000001009	   371739.9238281250	   371739.0000000000	946	250	37	51.000000	 20760863.4377272353
   417222.0000002194	   367152.4130859375	   367152.0000000000	423	251	37	51.250000	 20760589.3154514953
   417223.0000001628	   362564.7578125000	   362564.0000000000	776	250	37	51.000000	 20760314.7883803807
   417224.0000001055	   357977.2324218750	   357977.0000000000	238	250	37	51.250000	 20760040.6242743470
   417225.0000002236	   353389.9824218750	   353389.0000000000	1006	251	37	51.000000	 20759766.3798470832
   417226.0000001674	   348802.5732421875	   348802.0000000000	587	250	37	51.250000	 20759492.3867530376
   417227.0000001115	   344215.2431640625	   344215.0000000000	249	250	37	51.250000	 20759218.0690845363
   417228.0000002309	   339628.3066406250	   339628.0000000000	314	251	37	50.750000	 20758944.2085620612
   417229.0000001757	   335041.2060546875	   335041.0000000000	211	250	37	51.000000	 20758670.2259378843
   417230.0000001217	   330454.2470703125	   330454.0000000000	253	250	37	50.750000	 20758397.1821359806
   417231.0000002424	   325867.6611328125	   325867.0000000000	677	251	37	51.250000	 20758123.4542348646
   417232.0000001880	   321280.8955078125	   321280.0000000000	917	250	37	51.250000	 20757849.5553715900
   417233.0000001340	   316694.2500000000	   316694.0000000000	256	250	37	51.250000	 20757576.5290198997
   417234.0000002558	   312107.9462890625	   312107.0000000000	969	251	37	51.250000	 20757303.8306823336
   417235.0000002015	   307521.4873046875	   307521.0000000000	499	250	37	51.500000	 20757030.4134454727
   417236.0000001484	   302935.1601562500	   302935.0000000000	164	250	37	51.500000	 20756758.0781228133
   417237.0000000939	   298348.9453125000	   298348.0000000000	968	250	37	51.750000	 20756485.5927285366
   417238.0000002144	   293763.0390625000	   293763.0000000000	40	251	37	51.750000	 20756212.6361278929
   417239.0000001615	   289177.0273437500	   289177.0000000000	28	250	37	52.000000	 20755939.9413303100
   417240.0000001085	   284591.0791015625	   284591.0000000000	81	250	37	51.500000	 20755667.1941821016
   417241.0000002310	   280005.5117187500	   280005.0000000000	524	251	37	51.250000	 20755394.4016131014
   417242.0000001774	   275419.7792968750	   275419.0000000000	798	250	37	51.250000	 20755121.3543209694
   417243.0000001249	   270834.1416015625	   270834.0000000000	145	250	37	51.000000	 20754848.0487650968
   417244.0000002480	   266248.8779296875	   266248.0000000000	899	251	37	51.000000	 20754575.7343323529
   417245.0000001962	   261663.4794921875	   261663.0000000000	491	250	37	51.000000	 20754303.4967306182
   417246.0000001435	   257078.1689453125	   257078.0000000000	173	250	37	51.250000	 20754030.4075577073
   417247.0000000914	   252492.9970703125	   252492.0000000000	1021	250	37	51.000000	 20753757.6534291208
   417248.0000002158	   247908.1425781250	   247908.0000000000	146	251	37	51.000000	 20753485.3110756204
   417249.0000001656	   243323.1748046875	   243323.0000000000	179	250	37	50.750000	 20753212.6860782430
   417250.0000001160	   238738.3203125000	   238738.0000000000	328	250	37	50.750000	 20752940.6823090166
   417251.0000002397	   234153.8027343750	   234153.0000000000	822	251	37	50.750000	 20752667.9700107239
   417252.0000001886	   229569.1796875000	   229569.0000000000	184	250	37	50.750000	 20752395.3694439419
   417253.0000001360	   224984.7070312500	   224984.0000000000	724	250	37	50.500000	 20752123.3168149218
   417254.0000002599	   220400.5410156250	   220400.0000000000	554	251	37	50.500000	 20751850.9605013616
   417255.0000002096	   215816.2958984375	   215816.0000000000	303	250	37	50.500000	 20751579.8920648806
   417256.0000001587	   211232.1464843750	   211232.0000000000	150	250	37	50.750000	 20751308.9178599007
   417257.0000001085	   206648.1464843750	   206648.0000000000	150	250	37	51.000000	 20751038.0274157897
   417258.0000002327	   202064.4755859375	   202064.0000000000	487	251	37	51.000000	 20750766.5994546264
   417259.0000001825	   197480.6611328125	   197480.0000000000	677	250	37	50.750000	 20750495.4228266813
   417260.0000001328	   192896.9345703125	   192896.0000000000	957	250	37	50.750000	 20750224.2427085489
   417261.0000002576	   188313.6435546875	   188313.0000000000	659	251	37	50.750000	 20749952.7205159515
   417262.0000002087	   183730.1826171875	   183730.0000000000	187	250	37	50.750000	 20749680.6399655081
   417263.0000001610	   179146.8398437500	   179146.0000000000	860	250	37	50.750000	 20749409.4982373044
   417264.0000001123	   174563.6337890625	   174563.0000000000	649	250	37	50.750000	 20749138.7578648031
   417265.0000002382	   169980.7392578125	   169980.0000000000	757	251	37	50.750000	 20748867.2984926961
   417266.0000001895	   165397.7490234375	   165397.0000000000	767	250	37	50.750000	 20748596.3975780793
   417267.0000001411	   160814.8417968750	   160814.0000000000	862	250	37	50.500000	 20748325.4757230207
   417268.0000000936	   156232.0566406250	   156232.0000000000	58	250	37	50.500000	 20748054.8156212643
   417269.0000002200	   151649.6298828125	   151649.0000000000	645	251	37	50.500000	 20747783.7645845413
   417270.0000001717	   147067.0673828125	   147067.0000000000	69	250	37	50.500000	 20747512.5914460905
   417271.0000001242	   142484.6552734375	   142484.0000000000	671	250	37	50.500000	 20747241.4846183173
   417272.0000002512	   137902.5888671875	   137902.0000000000	603	251	37	50.250000	 20746970.4824420623
   417273.0000002040	   133320.4423828125	   133320.0000000000	453	250	37	50.250000	 20746700.0526833236
   417274.0000001566	   128738.4179687500	   128738.0000000000	428	250	37	50.250000	 20746429.7136658318
   417275.0000001093	   124156.5937500000	   124156.0000000000	608	250	37	50.500000	 20746159.9819164388
   417276.0000002367	   119575.1083984375	   119575.0000000000	111	251	37	50.500000	 20745889.9604432620
   417277.0000001900	   114993.5419921875	   114993.0000000000	555	250	37	50.250000	 20745620.0995619968
   417278.0000001442	   110412.0292968750	   110412.0000000000	30	250	37	50.500000	 20745350.2491506003
   417279.0000000987	   105830.6455078125	   105830.0000000000	661	250	37	50.500000	 20745080.3254481442
   417280.0000002273	   101249.6318359375	   101249.0000000000	647	251	37	50.500000	 20744810.5098873936
   417281.0000001814	    96668.4736328125	    96668.0000000000	485	250	37	50.500000	 20744540.6071253456
   417282.0000001358	    92087.4355468750	    92087.0000000000	446	250	37	50.500000	 20744270.8090646043
   417283.0000000905	    87506.6025390625	    87506.0000000000	617	250	37	50.500000	 20744001.2238966301
   417284.0000002201	    82926.0683593750	    82926.0000000000	70	251	37	50.500000	 20743732.1517155617
   417285.0000001750	    78345.4248046875	    78345.0000000000	435	250	37	50.500000	 20743463.2087161876
   417286.0000001307	    73764.9619140625	    73764.0000000000	985	250	37	50.500000	 20743193.9551023506
   417287.0000002601	    69184.9199218750	    69184.0000000000	942	251	37	50.500000	 20742924.5094863288
   417288.0000002150	    64604.7187500000	    64604.0000000000	736	250	37	50.750000	 20742655.4408452399
   417289.0000001707	    60024.6171875000	    60024.0000000000	632	250	37	50.750000	 20742386.2954229377
   417290.0000001263	    55444.6845703125	    55444.0000000000	701	250	37	50.750000	 20742117.1325503811
   417291.0000002569	    50865.0878906250	    50865.0000000000	90	251	37	50.750000	 20741848.2139310800
   417292.0000002126	    46285.3750000000	    46285.0000000000	384	250	37	50.750000	 20741579.2290508896
   417293.0000001685	    41705.8310546875	    41705.0000000000	851	250	37	50.750000	 20741309.8672455922
   417294.0000001247	    37126.4355468750	    37126.0000000000	446	250	37	50.750000	 20741040.7532335296
   417295.0000002557	    32547.3701171875	    32547.0000000000	379	251	37	50.500000	 20740771.8136738241
   417296.0000002122	    27968.2167968750	    27968.0000000000	222	250	37	50.750000	 20740502.9300047494
   417297.0000001696	    23389.2177734375	    23389.0000000000	223	250	37	50.500000	 20740234.5768225901
   417298.0000001270	    18810.3720703125	    18810.0000000000	381	250	37	50.500000	 20739966.2410906479
   417299.0000002600	    14231.8427734375	    14231.0000000000	863	251	37	50.500000	 20739697.7517464086
   417300.0000002189	     9653.1591796875	     9653.0000000000	163	250	37	50.500000	 20739430.0302622765
   417301.0000001780	     5074.6044921875	     5074.0000000000	619	250	37	50.500000	 20739162.4867704809
   417302.0000001366	      496.1689453125	      496.0000000000	173	250	37	50.500000	 20738894.3569509611
   417303.0000000947	    -4082.0966796875	  1044493.0000000000	925	250	37	50.500000	 20738626.6773476116
   417304.0000002285	    -8659.9775390625	  1039916.0000000000	23	251	37	50.750000	 20738359.5595915914
   417305.0000001876	   -13237.8935546875	  1035338.0000000000	109	250	37	50.750000	 20738091.8904581144
   417306.0000001470	   -17815.7138671875	  1030760.0000000000	293	250	37	51.000000	 20737824.3085756898
   417307.0000001049	   -22393.3505859375	  1026182.0000000000	665	250	37	50.750000	 20737556.5417212546
   417308.0000002381	   -26970.5947265625	  1021605.0000000000	415	251	37	50.750000	 20737288.8201872967
   417309.0000001963	   -31547.9824218750	  1017028.0000000000	18	250	37	50.750000	 20737020.7287584022
   417310.0000001552	   -36125.2509765625	  1012450.0000000000	767	250	37	50.750000	 20736752.5779984742
   417311.0000001143	   -40702.4277343750	  1007873.0000000000	586	250	37	50.750000	 20736484.7308726273
   417312.0000002481	   -45279.2490234375	  1003296.0000000000	769	251	37	50.500000	 20736217.0756493509
   417313.0000002082	   -49856.1591796875	   998719.0000000000	861	250	37	50.500000	 20735949.8113610372
   417314.0000001679	   -54432.9101562500	   994143.0000000000	92	250	37	50.500000	 20735682.1910880208
   417315.0000001281	   -59009.5029296875	   989566.0000000000	509	250	37	50.250000	 20735414.8186082430
   417316.0000000887	   -63585.9990234375	   984990.0000000000	1	250	37	50.500000	 20735148.3186400197
   417317.0000002229	   -68162.1230468750	   980413.0000000000	898	251	37	50.500000	 20734881.0543018803
   417318.0000001831	   -72738.3925781250	   975837.0000000000	622	250	37	50.500000	 20734613.8249140345
   417319.0000001433	   -77314.5214843750	   971261.0000000000	490	250	37	50.250000	 20734346.6304265931
   417320.0000001038	   -81890.5078125000	   966685.0000000000	504	250	37	50.250000	 20734079.2195561901
   417321.0000002390	   -86466.1191406250	   962109.0000000000	902	251	37	50.250000	 20733811.9656879194
   417322.0000001999	   -91041.8046875000	   957534.0000000000	200	250	37	50.000000	 20733544.8375111595
   417323.0000001617	   -95617.3701171875	   952958.0000000000	645	250	37	50.250000	 20733278.0967294089
   417324.0000001233	  -100192.8037109375	   948383.0000000000	201	250	37	50.250000	 20733011.4466888756
   417325.0000002598	  -104767.8085937500	   943808.0000000000	196	251	37	50.250000	 20732745.8820029348
   417326.0000002202	  -109342.9179687500	   939233.0000000000	84	250	37	50.500000	 20732479.8671513163
   417327.0000001806	  -113917.8242187500	   934658.0000000000	180	250	37	50.500000	 20732213.4404741526
   417328.0000001421	  -118492.6738281250	   930083.0000000000	334	250	37	50.250000	 20731947.0417170450
   417329.0000001049	  -123067.3076171875	   925508.0000000000	709	250	37	50.250000	 20731681.6166826375
   417330.0000002410	  -127641.5029296875	   920934.0000000000	509	251	37	50.500000	 20731415.2143855467
   417331.0000002036	  -132215.8710937500	   916360.0000000000	132	250	37	50.500000	 20731148.8609987460
   417332.0000001675	  -136790.0976562500	   911785.0000000000	924	250	37	50.500000	 20730883.3382427134
   417333.0000001311	  -141364.0888671875	   907211.0000000000	933	250	37	50.750000	 20730618.0144194253
   417334.0000000942	  -145937.9912109375	   902638.0000000000	9	250	37	50.750000	 20730351.8006343655
   417335.0000002328	  -150511.5283203125	   898064.0000000000	483	251	37	51.000000	 20730086.4348805025
   417336.0000001954	  -155085.1640625000	   893490.0000000000	856	250	37	50.500000	 20729821.0831371248
   417337.0000001583	  -159658.5703125000	   888917.0000000000	440	250	37	50.750000	 20729555.6755529717
   417338.0000001217	  -164231.8427734375	   884344.0000000000	161	250	37	51.000000	 20729290.4250207432
   417339.0000002606	  -168804.7578125000	   879771.0000000000	248	251	37	50.750000	 20729024.7172421701
   417340.0000002245	  -173377.7675781250	   875198.0000000000	238	250	37	50.750000	 20728759.9099457674
   417341.0000001887	  -177950.6074218750	   870625.0000000000	402	250	37	51.000000	 20728494.8862663694
   417342.0000001521	  -182523.3710937500	   866052.0000000000	644	250	37	51.000000	 20728229.2239085957
   417343.0000001167	  -187095.9687500000	   861480.0000000000	32	250	37	50.750000	 20727964.4829228371
   417344.0000002561	  -191668.1826171875	   856907.0000000000	837	251	37	51.000000	 20727699.6302056350
   417345.0000002199	  -196240.4892578125	   852335.0000000000	523	250	37	51.000000	 20727434.1981908828
   417346.0000001850	  -200812.5693359375	   847763.0000000000	441	250	37	51.000000	 20727169.0418894254
   417347.0000001510	  -205384.5458984375	   843191.0000000000	465	250	37	51.250000	 20726904.7197089270
   417348.0000001174	  -209956.2900390625	   838619.0000000000	727	250	37	51.000000	 20726640.5196799524
   417349.0000002590	  -214527.7089843750	   834048.0000000000	298	251	37	51.000000	 20726375.8833450116
   417350.0000002263	  -219099.2109375000	   829476.0000000000	808	250	37	51.000000	 20726111.6588854752
   417351.0000001922	  -223670.6035156250	   824905.0000000000	406	250	37	51.000000	 20725846.8899789602
   417352.0000001577	  -228241.8251953125	   820334.0000000000	179	250	37	50.750000	 20725581.9989209585
   417353.0000001231	  -232812.8632812500	   815763.0000000000	140	250	37	50.500000	 20725316.8949701525
   417354.0000000898	  -237383.7246093750	   811192.0000000000	282	250	37	50.750000	 20725052.7996424884
   417355.0000002314	  -241954.1484375000	   806621.0000000000	872	251	37	50.750000	 20724788.8787671700
   417356.0000001971	  -246524.7050781250	   802051.0000000000	302	250	37	50.750000	 20724525.1847952120
   417357.0000001642	  -251095.1328125000	   797480.0000000000	888	250	37	50.750000	 20724261.4803526811
   417358.0000001299	  -255665.3730468750	   792910.0000000000	642	250	37	50.500000	 20723997.3396547064
   417359.0000000951	  -260235.4541015625	   788340.0000000000	559	250	37	50.500000	 20723732.3613456152
   417360.0000002366	  -264805.1025390625	   783770.0000000000	919	251	37	50.250000	 20723468.4230200835
   417361.0000002025	  -269374.8574218750	   779201.0000000000	146	250	37	50.250000	 20723204.2090310454
   417362.0000001679	  -273944.3857421875	   774631.0000000000	629	250	37	50.250000	 20722940.5708998963
   417363.0000001339	  -278513.7744140625	   770062.0000000000	231	250	37	50.250000	 20722676.9641790241
   417364.0000001002	  -283082.9570312500	   765493.0000000000	44	250	37	50.250000	 20722413.1585253775
   417365.0000002427	  -287651.7392578125	   760924.0000000000	267	251	37	50.250000	 20722149.4994033277
   417366.0000002104	  -292220.6191406250	   756355.0000000000	390	250	37	50.250000	 20721886.5592808872
   417367.0000001774	  -296789.3437500000	   751786.0000000000	672	250	37	50.250000	 20721622.8199379221
   417368.0000001446	  -301357.9003906250	   747218.0000000000	102	250	37	50.000000	 20721359.4191294722
   417369.0000001122	  -305926.2666015625	   742649.0000000000	751	250	37	50.250000	 20721095.8717389032
   417370.0000002549	  -310494.1718750000	   738081.0000000000	848	251	37	50.250000	 20720832.5860518031
   417371.0000002226	  -315062.1816406250	   733513.0000000000	838	250	37	50.000000	 20720569.6110288948
   417372.0000001907	  -319630.0146484375	   728945.0000000000	1009	250	37	50.250000	 20720306.0775983855
   417373.0000001592	  -324197.6494140625	   724378.0000000000	359	250	37	50.250000	 20720042.7745108642
   417374.0000001278	  -328765.1748046875	   719810.0000000000	845	250	37	49.750000	 20719779.6668659262
   417375.0000000968	  -333332.4863281250	   715243.0000000000	526	250	37	50.000000	 20719516.8070142269
   417376.0000002410	  -337899.3886718750	   710676.0000000000	626	251	37	49.750000	 20719254.2437664047
   417377.0000002101	  -342466.3750000000	   706109.0000000000	640	250	37	50.000000	 20718991.9911828004
   417378.0000001796	  -347033.2246093750	   701542.0000000000	794	250	37	50.000000	 20718730.0212928727
   417379.0000001495	  -351599.9501953125	   696976.0000000000	51	250	37	50.000000	 20718467.4231944419
   417380.0000001194	  -356166.4746093750	   692409.0000000000	538	250	37	50.000000	 20718205.5754560344
   417381.0000000887	  -360732.8349609375	   687843.0000000000	169	250	37	50.000000	 20717943.0890392549
   417382.0000002346	  -365298.7773437500	   683277.0000000000	228	251	37	50.250000	 20717681.4611235112
   417383.0000002041	  -369864.8066406250	   678711.0000000000	198	250	37	50.500000	 20717419.1875995323
   417384.0000001745	  -374430.6337890625	   674145.0000000000	375	250	37	50.250000	 20717157.4794628695
   417385.0000001458	  -378996.2773437500	   669579.0000000000	740	250	37	50.250000	 20716895.5863534957
   417386.0000001169	  -383561.7783203125	   665014.0000000000	227	250	37	50.250000	 20716633.8188858330
   417387.0000000881	  -388127.0654296875	   660448.0000000000	957	250	37	50.250000	 20716372.6237858310
   417388.0000002342	  -392691.8828125000	   655884.0000000000	120	251	37	50.250000	 20716111.3344046026
   417389.0000002043	  -397256.7353515625	   651319.0000000000	271	250	37	50.500000	 20715849.5390168503
   417390.0000001752	  -401821.3740234375	   646754.0000000000	641	250	37	50.500000	 20715588.1135738604
   417391.0000001456	  -406385.8105468750	   642190.0000000000	194	250	37	50.500000	 20715326.3879869804
   417392.0000001155	  -410950.0605468750	   637625.0000000000	962	250	37	50.500000	 20715064.3971566446
   417393.0000002614	  -415513.9023437500	   633062.0000000000	100	251	37	50.000000	 20714802.0537813045
   417394.0000002327	  -420077.7636718750	   628498.0000000000	242	250	37	50.250000	 20714540.5899476930
   417395.0000002047	  -424641.3955078125	   623934.0000000000	619	250	37	50.250000	 20714279.7996928878
   417396.0000001753	  -429204.8398437500	   619371.0000000000	164	250	37	50.250000	 20714017.8402728327
   417397.0000001464	  -433768.1357421875	   614807.0000000000	885	250	37	50.250000	 20713756.4846307151
   417398.0000001195	  -438331.2509765625	   610244.0000000000	767	250	37	50.500000	 20713495.7222959660
   417399.0000000924	  -442894.1611328125	   605681.0000000000	859	250	37	50.250000	 20713235.1763442457
   417400.0000002406	  -447456.6503906250	   601119.0000000000	358	251	37	50.500000	 20712974.6931631863
   417401.0000002137	  -452019.1972656250	   596556.0000000000	822	250	37	50.500000	 20712714.0739203729
   417402.0000001874	  -456581.5449218750	   591994.0000000000	466	250	37	50.250000	 20712454.0410053134
   417403.0000001609	  -461143.6513671875	   587432.0000000000	357	250	37	50.500000	 20712194.1162817143
   417404.0000001341	  -465705.5175781250	   582870.0000000000	494	250	37	50.500000	 20711933.5319393687
   417405.0000001058	  -470267.1699218750	   578308.0000000000	850	250	37	50.250000	 20711673.2093509510
   417406.0000002537	  -474828.4375000000	   573747.0000000000	576	251	37	50.500000	 20711412.1747426093
   417407.0000002275	  -479389.7402343750	   569186.0000000000	266	250	37	50.750000	 20711152.4978122488
   417408.0000002019	  -483950.7861328125	   564625.0000000000	219	250	37	50.750000	 20710892.8348419182
   417409.0000001758	  -488511.6806640625	   560064.0000000000	327	250	37	50.500000	 20710633.0148196295
   417410.0000001498	  -493072.2783203125	   555503.0000000000	739	250	37	50.500000	 20710372.8004220426
   417411.0000001242	  -497632.6796875000	   550943.0000000000	328	250	37	50.500000	 20710112.5825342350
   417412.0000000985	  -502192.8105468750	   546383.0000000000	194	250	37	50.500000	 20709852.8846634701
   417413.0000002469	  -506752.5273437500	   541823.0000000000	484	251	37	50.250000	 20709591.5952815413
   417414.0000002214	  -511312.2890625000	   537263.0000000000	728	250	37	50.000000	 20709332.1103035770
   417415.0000001954	  -515871.8203125000	   532704.0000000000	184	250	37	50.000000	 20709072.1820898242
   417416.0000001692	  -520431.1503906250	   528144.0000000000	870	250	37	50.000000	 20708812.6308011785
   417417.0000001424	  -524990.3271484375	   523585.0000000000	689	250	37	50.500000	 20708553.3168358989
   417418.0000001169	  -529549.2431640625	   519026.0000000000	775	250	37	50.500000	 20708294.7078596801
   417419.0000000912	  -534107.9648437500	   514468.0000000000	36	250	37	50.500000	 20708035.2961727418
   417420.0000002415	  -538665.9843750000	   509910.0000000000	16	251	37	50.500000	 20707776.7115766294
   417421.0000002165	  -543224.4531250000	   505351.0000000000	560	250	37	50.750000	 20707517.3836506233
   417422.0000001924	  -547782.9697265625	   500793.0000000000	31	250	37	50.500000	 20707258.3174778856
   417423.0000001672	  -552341.6054687500	   496234.0000000000	404	250	37	50.250000	 20706999.0453927256
   417424.0000001430	  -556899.9511718750	   491676.0000000000	50	250	37	49.250000	 20706739.9443195499
   417425.0000001196	  -561458.3056640625	   487117.0000000000	711	250	37	49.500000	 20706481.1049996428
   417426.0000000963	  -566016.9062500000	   482559.0000000000	96	250	37	49.500000	 20706221.4071282111
   417427.0000002496	  -570575.2617187500	   478000.0000000000	756	251	37	49.750000	 20705963.3006676249
   417428.0000002254	  -575133.5292968750	   473442.0000000000	482	250	37	49.500000	 20705704.5032284968
   417429.0000002020	  -579692.0878906250	   468883.0000000000	934	250	37	49.500000	 20705445.6464583725
   417430.0000001798	  -584251.2910156250	   464324.0000000000	726	250	37	49.250000	 20705187.1386926025
   417431.0000001577	  -588810.7539062500	   459765.0000000000	252	250	37	50.500000	 20704928.3970936537
   417432.0000001349	  -593370.4609375000	   455205.0000000000	552	250	37	50.000000	 20704669.2855499461
   417433.0000001132	  -597929.6767578125	   450646.0000000000	331	250	37	50.250000	 20704410.9173859172
   417434.0000000907	  -602489.4482421875	   446086.0000000000	565	250	37	49.750000	 20704151.7849017978
   417435.0000002451	  -607049.0253906250	   441526.0000000000	998	251	37	49.750000	 20703893.7063612975
   417436.0000002244	  -611608.1230468750	   436967.0000000000	898	250	37	50.500000	 20703635.8128433414
   417437.0000002034	  -616166.5537109375	   432409.0000000000	457	250	37	50.500000	 20703377.5284402110
   417438.0000001817	  -620725.0478515625	   427850.0000000000	975	250	37	50.500000	 20703119.4464600459
   417439.0000001621	  -625284.6103515625	   423291.0000000000	399	250	37	50.250000	 20702862.3137719519
   417440.0000001440	  -629843.1396484375	   418732.0000000000	881	250	37	50.750000	 20702605.6173393354
   417441.0000001220	  -634400.9609375000	   414175.0000000000	40	250	37	50.750000	 20702347.4655582979
   417442.0000000998	  -638958.6855468750	   409617.0000000000	322	250	37	50.500000	 20702088.9577924944
   417443.0000002547	  -643515.9833984375	   405060.0000000000	17	251	37	50.250000	 20701831.3399380371
   417444.0000002343	  -648073.2548828125	   400502.0000000000	763	250	37	50.250000	 20701573.8198549971
   417445.0000002146	  -652630.5703125000	   395945.0000000000	440	250	37	49.750000	 20701316.0449983738
   417446.0000001946	  -657187.5712890625	   391388.0000000000	439	250	37	49.750000	 20701058.2352413125
   417447.0000001749	  -661744.1435546875	   386831.0000000000	877	250	37	49.750000	 20700800.7465685159
   417448.0000001548	  -666300.5625000000	   382275.0000000000	448	250	37	50.000000	 20700544.0291961916
   417449.0000001345	  -670856.2568359375	   377719.0000000000	761	250	37	49.750000	 20700286.4009216540
   417450.0000001146	  -675411.2607421875	   373164.0000000000	757	250	37	49.750000	 20700029.1635322869
   417451.0000000959	  -679965.9062500000	   368610.0000000000	96	250	37	50.250000	 20699772.4182392098
   417452.0000002506	  -684519.9531250000	   364056.0000000000	48	251	37	49.500000	 20699514.4618502334
   417453.0000002308	  -689074.5585937500	   359501.0000000000	452	250	37	49.250000	 20699256.3833595254
   417454.0000002119	  -693628.9531250000	   354947.0000000000	48	250	37	49.500000	 20698999.6031660102
   417455.0000001923	  -698182.7890625000	   350393.0000000000	216	250	37	49.500000	 20698742.8823034950
   417456.0000001714	  -702735.9726562500	   345840.0000000000	28	250	37	49.750000	 20698486.6360877156
   417457.0000001512	  -707288.5341796875	   341287.0000000000	477	250	37	49.750000	 20698230.3130907156
   417458.0000001317	  -711840.0605468750	   336735.0000000000	962	250	37	49.750000	 20697974.6113218442
   417459.0000001129	  -716390.5263671875	   332185.0000000000	485	250	37	50.500000	 20697719.1364058331
   417460.0000000937	  -720940.5820312500	   327635.0000000000	428	250	37	50.750000	 20697463.4136965834
   417461.0000002496	  -725490.0361328125	   323085.0000000000	987	251	37	50.250000	 20697207.5059648305
   417462.0000002303	  -730039.8564453125	   318536.0000000000	147	250	37	50.500000	 20696951.7483551465
   417463.0000002115	  -734589.4902343750	   313986.0000000000	522	250	37	50.500000	 20696695.8267131560
   417464.0000001926	  -739139.1337890625	   309436.0000000000	887	250	37	50.250000	 20696439.8876209147
   417465.0000001736	  -743688.6816406250	   304887.0000000000	326	250	37	50.250000	 20696184.3603542522
   417466.0000001561	  -748238.5527343750	   300337.0000000000	458	250	37	50.500000	 20695929.4124349616
   417467.0000001381	  -752788.9970703125	   295787.0000000000	3	250	37	50.750000	 20695674.3249139003
   417468.0000001207	  -757341.1171875000	   291234.0000000000	904	250	37	50.250000	 20695418.1415179446
   417469.0000001037	  -761892.1474609375	   286683.0000000000	873	250	37	50.000000	 20695162.7608327046
   417470.0000002594	  -766442.0722656250	   282133.0000000000	950	251	37	50.250000	 20694906.8182004802
   417471.0000002411	  -770992.3154296875	   277583.0000000000	701	250	37	50.250000	 20694651.1967023797
   417472.0000002232	  -775542.5019531250	   273033.0000000000	510	250	37	50.000000	 20694395.7148059905
   417473.0000002052	  -780092.5419921875	   268483.0000000000	469	250	37	50.000000	 20694140.6098347418
   417474.0000001872	  -784642.2851562500	   263933.0000000000	732	250	37	50.000000	 20693885.3792217486
   417475.0000001695	  -789191.7431640625	   259384.0000000000	263	250	37	50.000000	 20693629.6634921804
   417476.0000001530	  -793741.4238281250	   254834.0000000000	590	250	37	50.250000	 20693374.3142171875
   417477.0000001377	  -798290.5644531250	   250285.0000000000	446	250	37	49.750000	 20693119.4395882599
   417478.0000001211	  -802839.4619140625	   245736.0000000000	551	250	37	50.000000	 20692864.9139643535
   417479.0000001041	  -807388.5175781250	   241187.0000000000	494	250	37	50.000000	 20692609.9974553138
   417480.0000002620	  -811936.6093750000	   236639.0000000000	400	251	37	49.750000	 20692354.9692147896
   417481.0000002454	  -816485.1035156250	   232090.0000000000	918	250	37	49.750000	 20692100.1574070565
   417482.0000002295	  -821033.3837890625	   227542.0000000000	631	250	37	50.000000	 20691845.4119100012
   417483.0000002135	  -825581.4687500000	   222994.0000000000	544	250	37	50.250000	 20691590.6315125078
   417484.0000001967	  -830129.5507812500	   218446.0000000000	460	250	37	50.500000	 20691335.6242621876
   417485.0000001814	  -834677.7705078125	   213898.0000000000	235	250	37	50.750000	 20691081.6256350055
   417486.0000001652	  -839225.3808593750	   209350.0000000000	634	250	37	49.250000	 20690826.9185285755
   417487.0000001499	  -843772.2490234375	   204803.0000000000	769	250	37	48.750000	 20690573.2235354409
   417488.0000001336	  -848318.7792968750	   200257.0000000000	226	250	37	49.250000	 20690318.6420707256
   417489.0000001193	  -852865.0498046875	   195710.0000000000	973	250	37	49.250000	 20690064.7970053107
   417490.0000001041	  -857410.8154296875	   191165.0000000000	189	250	37	49.250000	 20689810.5470946990
   417491.0000000885	  -861956.0175781250	   186619.0000000000	1006	250	37	49.000000	 20689556.1750325970
   417492.0000002480	  -866500.4736328125	   182075.0000000000	539	251	37	49.000000	 20689301.6353981718
   417493.0000002329	  -871045.1503906250	   177530.0000000000	870	250	37	48.750000	 20689048.7082152851
   417494.0000002168	  -875590.7734375000	   172985.0000000000	232	250	37	50.000000	 20688794.7340186983
   417495.0000002001	  -880136.2343750000	   168439.0000000000	784	250	37	50.000000	 20688540.6202203371
   417496.0000001846	  -884681.8212890625	   163894.0000000000	183	250	37	50.000000	 20688286.7123344317
   417497.0000001686	  -889227.1650390625	   159348.0000000000	855	250	37	50.250000	 20688033.3454059437
   417498.0000001528	  -893772.3955078125	   154803.0000000000	619	250	37	50.500000	 20687779.2071770206
   417499.0000001375	  -898317.5722656250	   150258.0000000000	438	250	37	49.750000	 20687526.0671013594
   417500.0000001229	  -902862.5234375000	   145713.0000000000	488	250	37	49.750000	 20687272.1522350758
   417501.0000001082	  -907407.0351562500	   141168.0000000000	988	250	37	50.250000	 20687019.1866615936
   417502.0000000933	  -911950.7783203125	   136625.0000000000	227	250	37	50.250000	 20686766.0256455280
   417503.0000002538	  -916493.5292968750	   132082.0000000000	482	251	37	50.000000	 20686513.0879423432
   417504.0000002399	  -921035.8037109375	   127540.0000000000	201	250	37	50.000000	 20686260.6528557427
   417505.0000002247	  -925577.1982421875	   122998.0000000000	821	250	37	50.500000	 20686007.5302303024
   417506.0000002081	  -930118.7314453125	   118457.0000000000	275	250	37	50.000000	 20685754.2924337164
   417507.0000001930	  -934660.4287109375	   113915.0000000000	585	250	37	50.000000	 20685501.6514346935
   417508.0000001788	  -939202.0712890625	   109373.0000000000	951	250	37	50.000000	 20685248.5567293391
   417509.0000001646	  -943743.5917968750	   104832.0000000000	418	250	37	49.500000	 20684995.8738495000
   417510.0000001506	  -948284.8525390625	   100291.0000000000	151	250	37	49.500000	 20684743.4213127121
   417511.0000001369	  -952825.6044921875	    95750.0000000000	405	250	37	49.500000	 20684490.6267512180
   417512.0000001243	  -957366.1445312500	    91209.0000000000	876	250	37	49.750000	 20684238.3068357967
   417513.0000001123	  -961906.3017578125	    86669.0000000000	715	250	37	50.250000	 20683986.2870642617
   417514.0000000995	  -966446.1103515625	    82129.0000000000	911	250	37	50.000000	 20683733.7542560361
   417515.0000002607	  -970984.9306640625	    77591.0000000000	71	251	37	49.750000	 20683481.4552312270
   417516.0000002476	  -975524.1835937500	    73051.0000000000	836	250	37	49.500000	 20683229.5331813172
   417517.0000002345	  -980063.0859375000	    68512.0000000000	936	250	37	49.750000	 20682977.7891237438
   417518.0000002214	  -984601.9150390625	    63974.0000000000	87	250	37	50.000000	 20682725.7414321229
   417519.0000002083	  -989140.1630859375	    59435.0000000000	857	250	37	49.750000	 20682473.6762903146
   417520.0000001951	  -993678.2060546875	    54897.0000000000	813	250	37	49.250000	 20682222.0404242389
   417521.0000001824	  -998216.3378906250	    50359.0000000000	678	250	37	49.750000	 20681970.6698016189
   417522.0000001678	 -1002753.8154296875	    45822.0000000000	189	250	37	50.500000	 20681718.9013141803
   417523.0000001548	 -1007290.8515625000	    41285.0000000000	152	250	37	50.750000	 20681467.3003485389
   417524.0000001420	 -1011827.8017578125	    36748.0000000000	203	250	37	50.500000	 20681215.7691837661
   417525.0000001292	 -1016364.8388671875	    32211.0000000000	165	250	37	50.750000	 20680964.5416530780
   417526.0000001181	 -1020901.8359375000	    27674.0000000000	168	250	37	50.500000	 20680713.6596365534
   417527.0000001076	 -1025438.3906250000	    23137.0000000000	624	250	37	50.500000	 20680463.2383060381
   417528.0000000947	 -1029973.7958984375	    18602.0000000000	209	250	37	50.500000	 20680211.6896910816
   417529.0000002587	 -1034508.0078125000	    14067.0000000000	1016	251	37	50.000000	 20679960.9262860678
   417530.0000002469	 -1039041.6669921875	     9534.0000000000	341	250	37	50.000000	 20679710.7108687051
   417531.0000002352	 -1043575.1152343750	     5000.0000000000	906	250	37	50.250000	 20679459.7799916826
   417532.0000002233	 -1048108.4541015625	      467.0000000000	559	250	37	50.000000	 20679209.2609402426
   417533.0000002118	 -1052641.6455078125	  1044510.0000000000	363	250	37	50.250000	 20678958.9722318202
   417534.0000002002	 -1057174.3701171875	  1039977.0000000000	645	250	37	50.250000	 20678708.6660731472
   417535.0000001885	 -1061707.4160156250	  1035444.0000000000	598	250	37	50.250000	 20678457.7351961583
   417536.0000001770	 -1066241.0566406250	  1030910.0000000000	966	250	37	50.000000	 20678207.4639379196
   417537.0000001654	 -1070775.6445312500	  1026376.0000000000	364	250	37	50.250000	 20677956.5854115859
   417538.0000001542	 -1075309.8261718750	  1021842.0000000000	178	250	37	50.250000	 20677706.3839542195
   417539.0000001440	 -1079843.6132812500	  1017308.0000000000	396	250	37	49.750000	 20677456.9258765690
   417540.0000001334	 -1084377.3164062500	  1012774.0000000000	700	250	37	49.750000	 20677206.9163716286
   417541.0000001224	 -1088910.7675781250	  1008241.0000000000	238	250	37	49.750000	 20676957.0534487478
   417542.0000001112	 -1093443.7158203125	  1003708.0000000000	291	250	37	50.000000	 20676706.4401658699
   417543.0000001007	 -1097976.2353515625	   999175.0000000000	783	250	37	49.750000	 20676456.4655613340
   417544.0000000896	 -1102508.4882812500	   994643.0000000000	524	250	37	50.250000	 20676206.2990044355
   417545.0000002542	 -1107040.1464843750	   990111.0000000000	874	251	37	50.500000	 20675956.2999195084
   417546.0000002432	 -1111571.9023437500	   985580.0000000000	100	250	37	51.250000	 20675706.6149890274
   417547.0000002328	 -1116103.4912109375	   981048.0000000000	521	250	37	51.250000	 20675456.8009266406
   417548.0000002224	 -1120635.0244140625	   976516.0000000000	999	250	37	51.500000	 20675206.8437723555
   417549.0000002120	 -1125166.2939453125	   971985.0000000000	723	250	37	51.250000	 20674957.4589857310
   417550.0000002015	 -1129697.0722656250	   967454.0000000000	950	250	37	51.000000	 20674707.7705650590
   417551.0000001915	 -1134228.0869140625	   962923.0000000000	935	250	37	50.750000	 20674458.0786541961
   417552.0000001815	 -1138758.5966796875	   958393.0000000000	413	250	37	51.000000	 20674207.3850998767
   417553.0000001725	 -1143288.6933593750	   953863.0000000000	314	250	37	49.000000	 20673957.7036588863
   417554.0000001624	 -1147818.1972656250	   949333.0000000000	822	250	37	49.000000	 20673708.8528493643
   417555.0000001515	 -1152347.9384765625	   944804.0000000000	63	250	37	49.250000	 20673459.0422771350
   417556.0000001422	 -1156877.6240234375	   940274.0000000000	385	250	37	49.000000	 20673210.2752285115
   417557.0000001319	 -1161407.1533203125	   935744.0000000000	867	250	37	48.750000	 20672961.6408019476
   417558.0000001223	 -1165937.0175781250	   931214.0000000000	1006	250	37	48.750000	 20672712.3572264388
   417559.0000001136	 -1170468.1669921875	   926683.0000000000	853	250	37	50.500000	 20672463.4784961641
   417560.0000001052	 -1174998.9140625000	   922153.0000000000	88	250	37	50.750000	 20672214.8475590944
   417561.0000000959	 -1179529.5068359375	   917622.0000000000	505	250	37	50.500000	 20671965.9374185391
   417562.0000002615	 -1184059.5048828125	   913092.0000000000	507	251	37	50.500000	 20671716.2524375319
   417563.0000002536	 -1188589.2714843750	   908562.0000000000	746	250	37	50.500000	 20671468.0472860634
   417564.0000002456	 -1193118.6699218750	   904033.0000000000	338	250	37	50.750000	 20671219.5210503004
   417565.0000002367	 -1197647.7382812500	   899504.0000000000	268	250	37	50.250000	 20670970.7505114861
   417566.0000002293	 -1202176.3681640625	   894975.0000000000	647	250	37	50.000000	 20670722.3987778984
   417567.0000002199	 -1206704.0625000000	   890447.0000000000	960	250	37	50.250000	 20670473.4537369087
   417568.0000002130	 -1211230.9482421875	   885921.0000000000	53	250	37	50.500000	 20670225.5801395476
   417569.0000002051	 -1215757.0556640625	   881394.0000000000	967	250	37	49.750000	 20669978.9489992000
   417570.0000001958	 -1220282.6992187500	   876869.0000000000	308	250	37	49.250000	 20669731.3092357479
   417571.0000001876	 -1224808.4306640625	   872343.0000000000	583	250	37	49.750000	 20669483.4635591395
   417572.0000001811	 -1229333.9599609375	   867818.0000000000	41	250	37	50.250000	 20669236.8393984735
   417573.0000001735	 -1233859.3574218750	   863292.0000000000	658	250	37	50.250000	 20668989.4369576909
   417574.0000001643	 -1238384.6494140625	   858767.0000000000	359	250	37	50.250000	 20668740.7048095018
   417575.0000001568	 -1242909.2666015625	   854242.0000000000	751	250	37	50.750000	 20668493.0510852896
   417576.0000001488	 -1247433.7431640625	   849718.0000000000	263	250	37	50.750000	 20668244.9715755060
   417577.0000001412	 -1251957.5576171875	   845194.0000000000	453	250	37	51.250000	 20667997.4260427915
   417578.0000001337	 -1256481.1210937500	   840670.0000000000	900	250	37	50.750000	 20667749.7723186128
   417579.0000001263	 -1261004.5644531250	   836147.0000000000	446	250	37	50.750000	 20667502.2791365497
   417580.0000001186	 -1265527.4423828125	   831624.0000000000	571	250	37	50.500000	 20667255.0023374781
   417581.0000001110	 -1270050.1650390625	   827101.0000000000	855	250	37	51.250000	 20667007.4742549807
   417582.0000001038	 -1274572.8193359375	   822579.0000000000	185	250	37	50.750000	 20666760.2114159390
   417583.0000000964	 -1279095.1259765625	   818056.0000000000	895	250	37	50.500000	 20666513.2906015702
   417584.0000000902	 -1283617.1201171875	   813534.0000000000	901	250	37	50.500000	 20666267.3260596879
   417585.0000002563	 -1288138.7207031250	   809013.0000000000	286	251	37	50.250000	 20666020.1957928799
   417586.0000002474	 -1292660.5742187500	   804491.0000000000	436	250	37	50.000000	 20665772.2663553767
   417587.0000002417	 -1297182.3818359375	   799969.0000000000	633	250	37	50.000000	 20665525.7259556055
   417588.0000002359	 -1301704.0478515625	   795447.0000000000	975	250	37	50.000000	 20665279.8661150299
   417589.0000002298	 -1306225.4238281250	   790926.0000000000	590	250	37	50.000000	 20665033.5071978197
   417590.0000002231	 -1310746.5820312500	   786405.0000000000	428	250	37	50.250000	 20664786.6526941322
   417591.0000002170	 -1315267.1494140625	   781884.0000000000	871	250	37	51.000000	 20664540.1506849900
   417592.0000002111	 -1319787.3369140625	   777364.0000000000	679	250	37	51.000000	 20664293.9872103631
   417593.0000002050	 -1324307.0283203125	   772844.0000000000	995	250	37	51.250000	 20664048.0401186645
   417594.0000001984	 -1328826.5292968750	   768325.0000000000	482	250	37	51.000000	 20663801.6497912109
   417595.0000001928	 -1333345.2626953125	   763806.0000000000	755	250	37	51.250000	 20663556.2890272662
   417596.0000001863	 -1337863.7216796875	   759288.0000000000	285	250	37	50.500000	 20663309.6474163830
   417597.0000001799	 -1342382.0117187500	   754769.0000000000	1012	250	37	50.750000	 20663062.7719722874
   417598.0000001734	 -1346900.2558593750	   750251.0000000000	762	250	37	50.500000	 20662816.5596371666
   417599.0000001675	 -1351418.3457031250	   745733.0000000000	670	250	37	50.500000	 20662570.8079880849
   417600.0000001629	 -1355936.3544921875	   741215.0000000000	661	250	37	50.500000	 20662325.4751441963
   417601.0000001572	 -1360454.1093750000	   736697.0000000000	912	250	37	50.500000	 20662080.3656636812
   417602.0000001513	 -1364971.6181640625	   732180.0000000000	391	250	37	50.500000	 20661835.0607405491
   417603.0000001454	 -1369490.0625000000	   727661.0000000000	960	250	37	50.500000	 20661589.3090914674
   417604.0000001406	 -1374007.7744140625	   723144.0000000000	231	250	37	50.500000	 20661343.4597207271
   417605.0000001357	 -1378524.3154296875	   718627.0000000000	701	250	37	50.250000	 20661097.0379823260
   417606.0000001299	 -1383040.6962890625	   714111.0000000000	311	250	37	49.250000	 20660850.8745076694
   417607.0000001244	 -1387556.8603515625	   709595.0000000000	143	250	37	49.000000	 20660605.2624603286
   417608.0000001205	 -1392072.5654296875	   705079.0000000000	445	250	37	49.250000	 20660360.5682948157
   417609.0000001145	 -1396587.7705078125	   700564.0000000000	235	250	37	49.500000	 20660115.9264806584
   417610.0000001083	 -1401102.4501953125	   696049.0000000000	563	250	37	49.500000	 20659870.9461320117
   417611.0000001008	 -1405616.4628906250	   691535.0000000000	550	250	37	49.500000	 20659626.1542462707
   417612.0000000937	 -1410129.9755859375	   687022.0000000000	25	250	37	50.000000	 20659381.4845120236
   417613.0000000881	 -1414643.3183593750	   682508.0000000000	698	250	37	49.500000	 20659136.1237480789
   417614.0000002607	 -1419156.3583984375	   677995.0000000000	657	251	37	49.750000	 20658892.3962750956
   417615.0000002574	 -1423669.4355468750	   673482.0000000000	578	250	37	49.500000	 20658648.0022535101
   417616.0000002540	 -1428182.6669921875	   668969.0000000000	341	250	37	49.500000	 20658403.5907816701
   417617.0000002501	 -1432695.9072265625	   664456.0000000000	95	250	37	49.250000	 20658159.7377174981
   417618.0000002454	 -1437208.6279296875	   659943.0000000000	381	250	37	49.500000	 20657915.9265341051
   417619.0000002409	 -1441721.2167968750	   655430.0000000000	802	250	37	50.250000	 20657672.1677013710
   417620.0000002360	 -1446233.1855468750	   650918.0000000000	834	250	37	49.750000	 20657427.5887077339
   417621.0000002318	 -1450744.8642578125	   646407.0000000000	139	250	37	50.250000	 20657183.0934749953
   417622.0000002288	 -1455257.0126953125	   641894.0000000000	1011	250	37	50.250000	 20656938.6261623129
   417623.0000002254	 -1459769.0156250000	   637382.0000000000	1008	250	37	49.000000	 20656695.0732420310
   417624.0000002202	 -1464280.9111328125	   632871.0000000000	91	250	37	49.500000	 20656450.9793649688
   417625.0000002153	 -1468792.1699218750	   628359.0000000000	850	250	37	49.500000	 20656206.9552888088
   417626.0000002112	 -1473302.7197265625	   623849.0000000000	287	250	37	50.000000	 20655963.9258757271
   417627.0000002070	 -1477812.9609375000	   619339.0000000000	40	250	37	50.000000	 20655720.2717442960
   417628.0000002025	 -1482323.2861328125	   614828.0000000000	731	250	37	49.750000	 20655475.7974519655
   417629.0000002003	 -1486833.6572265625	   610318.0000000000	351	250	37	50.250000	 20655232.5935360081
   417630.0000001981	 -1491343.8847656250	   605808.0000000000	118	250	37	50.000000	 20654989.5327120125
   417631.0000001951	 -1495853.8271484375	   601298.0000000000	177	250	37	49.750000	 20654746.5137687661
   417632.0000001914	 -1500363.4609375000	   596788.0000000000	552	250	37	50.000000	 20654503.4634152763
   417633.0000001886	 -1504872.6845703125	   592279.0000000000	323	250	37	50.000000	 20654260.7830065489
   417634.0000001852	 -1509381.4062500000	   587770.0000000000	608	250	37	50.250000	 20654017.9280956425
   417635.0000001816	 -1513889.5849609375	   583262.0000000000	425	250	37	50.000000	 20653775.1813762337
   417636.0000001785	 -1518397.2236328125	   578754.0000000000	795	250	37	50.250000	 20653532.2706244849
   417637.0000001754	 -1522904.3535156250	   574247.0000000000	662	250	37	50.250000	 20653289.1085893400
   417638.0000001729	 -1527411.0097656250	   569740.0000000000	1014	250	37	50.250000	 20653046.2466980889
   417639.0000001702	 -1531917.1904296875	   565234.0000000000	829	250	37	50.250000	 20652802.5995463394
   417640.0000001676	 -1536422.9355468750	   560729.0000000000	66	250	37	50.000000	 20652559.8458465524
   417641.0000001640	 -1540928.2656250000	   556223.0000000000	752	250	37	50.250000	 20652316.9385849908
   417642.0000001598	 -1545433.1679687500	   551718.0000000000	852	250	37	50.250000	 20652073.8742714748
   417643.0000001554	 -1549937.6513671875	   547214.0000000000	357	250	37	50.250000	 20651831.4207162745
   417644.0000001517	 -1554441.6962890625	   542710.0000000000	311	250	37	50.250000	 20651589.2289143093
   417645.0000001479	 -1558945.3183593750	   538206.0000000000	698	250	37	50.250000	 20651346.9673115052
   417646.0000001448	 -1563448.4658203125	   533703.0000000000	547	250	37	50.250000	 20651104.4858355187
   417647.0000001412	 -1567951.2324218750	   529200.0000000000	786	250	37	50.250000	 20650862.3114838041
   417648.0000001381	 -1572453.6308593750	   524698.0000000000	378	250	37	50.250000	 20650620.2592835799
   417649.0000001350	 -1576955.6210937500	   520196.0000000000	388	250	37	50.000000	 20650378.0988918953
   417650.0000001318	 -1581457.2138671875	   515694.0000000000	805	250	37	49.750000	 20650136.4410669990
   417651.0000001278	 -1585958.4453125000	   511193.0000000000	568	250	37	49.750000	 20649894.4307475872
   417652.0000001239	 -1590459.2792968750	   506692.0000000000	738	250	37	49.750000	 20649653.2789797038
   417653.0000001197	 -1594959.7675781250	   502192.0000000000	238	250	37	50.000000	 20649411.3419513591
   417654.0000001161	 -1599459.8789062500	   497692.0000000000	124	250	37	50.250000	 20649169.7399673052
   417655.0000001130	 -1603959.6171875000	   493192.0000000000	392	250	37	50.000000	 20648928.2775850259
   417656.0000001104	 -1608458.9638671875	   488693.0000000000	37	250	37	50.000000	 20648686.5080784746
   417657.0000001083	 -1612957.8310546875	   484194.0000000000	173	250	37	50.000000	 20648445.0561660342
   417658.0000001055	 -1617456.4267578125	   479695.0000000000	587	250	37	50.250000	 20648203.5553930998
   417659.0000001034	 -1621954.6943359375	   475197.0000000000	313	250	37	50.000000	 20647962.6758483499
   417660.0000001011	 -1626452.4863281250	   470699.0000000000	526	250	37	50.250000	 20647722.2988704294
   417661.0000000981	 -1630949.8916015625	   466202.0000000000	111	250	37	49.750000	 20647481.7124898583
   417662.0000000945	 -1635446.9501953125	   461705.0000000000	51	250	37	49.750000	 20647240.2535977364
   417663.0000000923	 -1639943.6220703125	   457208.0000000000	387	250	37	49.750000	 20646999.3391525559
   417664.0000000895	 -1644439.9677734375	   452712.0000000000	33	250	37	49.750000	 20646757.6778375022
   417665.0000002620	 -1648935.7353515625	   448216.0000000000	271	251	37	49.500000	 20646517.0460361354
   417666.0000002591	 -1653431.3808593750	   443720.0000000000	634	250	37	49.750000	 20646276.4945560358
   417667.0000002547	 -1657926.6328125000	   439225.0000000000	376	250	37	49.750000	 20646035.5068204589
   417668.0000002501	 -1662421.5693359375	   434730.0000000000	441	250	37	49.750000	 20645794.8785598055
   417669.0000002460	 -1666916.0576171875	   430235.0000000000	965	250	37	49.750000	 20645554.9797187746
   417670.0000002415	 -1671410.0957031250	   425741.0000000000	926	250	37	49.750000	 20645314.0827245079
   417671.0000002378	 -1675903.6865234375	   421248.0000000000	321	250	37	49.750000	 20645073.8593090214
   417672.0000002338	 -1680396.9570312500	   416755.0000000000	44	250	37	49.500000	 20644832.9762747511
   417673.0000002310	 -1684889.7988281250	   412262.0000000000	206	250	37	49.500000	 20644592.0478695408
   417674.0000002276	 -1689382.2548828125	   407769.0000000000	763	250	37	49.500000	 20644351.1962455511
   417675.0000002242	 -1693874.2031250000	   403277.0000000000	816	250	37	49.500000	 20644111.6324488446
   417676.0000002214	 -1698365.7392578125	   398786.0000000000	267	250	37	49.750000	 20643872.7073305175
   417677.0000002188	 -1702856.8583984375	   394295.0000000000	145	250	37	49.750000	 20643633.5309287906
   417678.0000002158	 -1707347.5253906250	   389804.0000000000	486	250	37	49.750000	 20643394.5185593739
   417679.0000002120	 -1711837.8408203125	   385314.0000000000	163	250	37	49.750000	 20643154.5638775341
   417680.0000002082	 -1716327.7890625000	   380824.0000000000	216	250	37	49.750000	 20642915.3072050661
   417681.0000002042	 -1720817.3730468750	   376334.0000000000	642	250	37	49.750000	 20642676.3018159941
   417682.0000002002	 -1725306.5117187500	   371845.0000000000	500	250	37	50.000000	 20642436.7240592651
   417683.0000001965	 -1729795.1884765625	   367356.0000000000	831	250	37	50.000000	 20642197.3591953330
   417684.0000001923	 -1734283.4462890625	   362868.0000000000	567	250	37	50.000000	 20641957.4254538678
   417685.0000001891	 -1738771.3330078125	   358380.0000000000	683	250	37	49.750000	 20641717.6278239861
   417686.0000001864	 -1743258.7822265625	   353893.0000000000	223	250	37	49.750000	 20641478.7376060896
   417687.0000001831	 -1747745.8388671875	   349406.0000000000	165	250	37	49.750000	 20641240.0498111285
   417688.0000001793	 -1752232.5458984375	   344919.0000000000	465	250	37	49.750000	 20641000.8280390985
   417689.0000001761	 -1756718.8613281250	   340433.0000000000	142	250	37	49.750000	 20640761.4596849792
   417690.0000001726	 -1761204.7871093750	   335947.0000000000	218	250	37	49.750000	 20640522.3251640387
   417691.0000001697	 -1765690.3320312500	   331461.0000000000	684	250	37	49.750000	 20640283.6164286993
   417692.0000001664	 -1770175.4433593750	   326976.0000000000	570	250	37	49.750000	 20640044.6773503460
   417693.0000001633	 -1774660.1826171875	   322491.0000000000	837	250	37	49.750000	 20639805.7731724232
   417694.0000001608	 -1779144.5468750000	   318007.0000000000	464	250	37	49.500000	 20639566.9178549647
   417695.0000001581	 -1783628.5292968750	   313523.0000000000	482	250	37	49.500000	 20639327.7240030244
   417696.0000001554	 -1788112.1103515625	   309039.0000000000	911	250	37	49.500000	 20639088.6557927616
   417697.0000001524	 -1792595.3515625000	   304556.0000000000	664	250	37	49.250000	 20638849.8214157112
   417698.0000001490	 -1797078.1992187500	   300073.0000000000	820	250	37	49.250000	 20638611.0987203121
   417699.0000001455	 -1801560.6269531250	   295591.0000000000	382	250	37	49.250000	 20638371.9467491880
   417700.0000001414	 -1806042.6240234375	   291109.0000000000	385	250	37	49.250000	 20638133.1926435456
   417701.0000001373	 -1810524.2109375000	   286627.0000000000	808	250	37	49.250000	 20637894.4210876822
   417702.0000001334	 -1815005.4345703125	   282146.0000000000	579	250	37	49.250000	 20637655.8798748106
   417703.0000001299	 -1819486.3242187500	   277665.0000000000	692	250	37	49.250000	 20637417.4433632791
   417704.0000001267	 -1823966.8408203125	   273185.0000000000	163	250	37	49.000000	 20637179.3628364466
   417705.0000001235	 -1828447.0156250000	   268704.0000000000	1008	250	37	49.000000	 20636941.6033939123
   417706.0000001204	 -1832926.8134765625	   264225.0000000000	191	250	37	49.000000	 20636704.1475854293
   417707.0000001171	 -1837406.2265625000	   259745.0000000000	792	250	37	49.250000	 20636467.4805275984
   417708.0000001134	 -1841885.2275390625	   255266.0000000000	791	250	37	49.250000	 20636230.5482263118
   417709.0000001097	 -1846363.9023437500	   250788.0000000000	100	250	37	49.250000	 20635993.7590169571
   417710.0000001069	 -1850842.2080078125	   246309.0000000000	811	250	37	49.250000	 20635756.9802774712
   417711.0000001038	 -1855320.1455078125	   241831.0000000000	875	250	37	49.250000	 20635519.6675608866
   417712.0000001015	 -1859797.6806640625	   237354.0000000000	327	250	37	49.250000	 20635282.2955133356
   417713.0000000994	 -1864274.7919921875	   232877.0000000000	213	250	37	49.250000	 20635045.1189083010
   417714.0000000957	 -1868751.5478515625	   228400.0000000000	463	250	37	49.250000	 20634807.6316895708
   417715.0000000928	 -1873227.9248046875	   223924.0000000000	77	250	37	49.250000	 20634570.0851398073
   417716.0000000894	 -1877703.9921875000	   219448.0000000000	8	250	37	49.250000	 20634333.6868156232
   417717.0000002615	 -1882179.4257812500	   214972.0000000000	588	251	37	49.500000	 20634096.9568867758
   417718.0000002582	 -1886654.7802734375	   210497.0000000000	225	250	37	49.250000	 20633859.8605531864
   417719.0000002559	 -1891129.7685546875	   206022.0000000000	237	250	37	49.250000	 20633623.7763329186
   417720.0000002530	 -1895604.3701171875	   201547.0000000000	645	250	37	49.250000	 20633386.9452427514
   417721.0000002506	 -1900078.6162109375	   197073.0000000000	393	250	37	49.250000	 20633150.7004803345
   417722.0000002484	 -1904552.5654296875	   192599.0000000000	445	250	37	49.250000	 20632914.0962430276
   417723.0000002468	 -1909026.0732421875	   188125.0000000000	949	250	37	49.500000	 20632678.6507011056
   417724.0000002443	 -1913499.1767578125	   183652.0000000000	843	250	37	49.500000	 20632442.8003140166
   417725.0000002424	 -1917971.9384765625	   179180.0000000000	63	250	37	49.500000	 20632207.5537048690
   417726.0000002400	 -1922444.3837890625	   174707.0000000000	631	250	37	49.500000	 20631971.4694846049
   417727.0000002374	 -1926916.5087890625	   170235.0000000000	503	250	37	49.500000	 20631735.8703809120
   417728.0000002343	 -1931388.3037109375	   165763.0000000000	713	250	37	49.500000	 20631500.4178593419
   417729.0000002306	 -1935859.7724609375	   161292.0000000000	233	250	37	49.750000	 20631264.4697512947
   417730.0000002279	 -1940330.8994140625	   156821.0000000000	103	250	37	49.750000	 20631028.8531973846
   417731.0000002251	 -1944801.6513671875	   152350.0000000000	357	250	37	49.500000	 20630793.5053771213
   417732.0000002231	 -1949272.0136718750	   147879.0000000000	1010	250	37	49.500000	 20630557.6514998414
   417733.0000002215	 -1953742.0234375000	   143409.0000000000	1000	250	37	49.500000	 20630321.6335902587
   417734.0000002190	 -1958211.7431640625	   138940.0000000000	263	250	37	49.250000	 20630084.9421018623
   417735.0000002172	 -1962681.0839843750	   134470.0000000000	938	250	37	49.250000	 20629848.9974833056
   417736.0000002146	 -1967150.0761718750	   130001.0000000000	946	250	37	49.250000	 20629612.4141864069
   417737.0000002122	 -1971618.6992187500	   125533.0000000000	308	250	37	49.000000	 20629376.7243414372
   417738.0000002090	 -1976086.9667968750	   121065.0000000000	34	250	37	49.250000	 20629140.5214598365
   417739.0000002062	 -1980554.9111328125	   116597.0000000000	91	250	37	49.000000	 20628905.4598234035
   417740.0000002036	 -1985022.5498046875	   112129.0000000000	461	250	37	49.250000	 20628670.2899954729
   417741.0000002008	 -1989489.8066406250	   107662.0000000000	198	250	37	49.250000	 20628435.6401845850
   417742.0000001976	 -1993956.7294921875	   103195.0000000000	277	250	37	49.250000	 20628199.9922204278
   417743.0000001956	 -1998423.3476562500	    98728.0000000000	668	250	37	49.250000	 20627964.7281610630
   417744.0000001939	 -2002889.6347656250	    94262.0000000000	374	250	37	49.250000	 20627729.5513527878
   417745.0000001926	 -2007355.5947265625	    89796.0000000000	415	250	37	49.250000	 20627494.9259717949
   417746.0000001899	 -2011821.2041015625	    85330.0000000000	815	250	37	49.500000	 20627260.0074272938
   417747.0000001877	 -2016286.4912109375	    80865.0000000000	521	250	37	49.500000	 20627025.2459347509
   417748.0000001862	 -2020751.4453125000	    76400.0000000000	568	250	37	49.500000	 20626791.2836627029
   417749.0000001856	 -2025216.0371093750	    71935.0000000000	986	250	37	49.750000	 20626557.8693277799
   417750.0000001841	 -2029680.2968750000	    67471.0000000000	720	250	37	49.750000	 20626323.5859714970
   417751.0000001827	 -2034144.1894531250	    63007.0000000000	830	250	37	49.750000	 20626089.3549658358
   417752.0000001808	 -2038607.7529296875	    58544.0000000000	253	250	37	49.750000	 20625855.5567261241
   417753.0000001796	 -2043070.9785156250	    54081.0000000000	22	250	37	49.750000	 20625622.3797145709
   417754.0000001781	 -2047533.8437500000	    49618.0000000000	160	250	37	50.000000	 20625388.9898102134
   417755.0000001764	 -2051996.3740234375	    45155.0000000000	641	250	37	49.750000	 20625155.2264709398
   417756.0000001745	 -2056458.5595703125	    40693.0000000000	451	250	37	49.750000	 20624921.7144150920
   417757.0000001730	 -2060920.4013671875	    36231.0000000000	613	250	37	49.750000	 20624687.5916009247
   417758.0000001709	 -2065381.8515625000	    31770.0000000000	152	250	37	49.750000	 20624453.0081007183
   417759.0000001687	 -2069843.0537109375	    27308.0000000000	969	250	37	49.750000	 20624219.1226099171
   417760.0000001665	 -2074303.9511718750	    22848.0000000000	50	250	37	49.750000	 20623985.9176783077
   417761.0000001641	 -2078764.5439453125	    18387.0000000000	467	250	37	49.750000	 20623753.1071219929
   417762.0000001612	 -2083224.7500000000	    13927.0000000000	256	250	37	50.000000	 20623519.4240541272
   417763.0000001591	 -2087684.6171875000	     9467.0000000000	392	250	37	50.000000	 20623286.2714731693
   417764.0000001578	 -2092144.1513671875	     5007.0000000000	869	250	37	49.750000	 20623053.0770113990
   417765.0000001572	 -2096603.3701171875	      548.0000000000	645	250	37	49.750000	 20622819.7883181907
   417766.0000001566	 -2101062.3115234375	  1044665.0000000000	705	250	37	49.750000	 20622586.2308913395
   417767.0000001559	 -2105520.9394531250	  1040207.0000000000	62	250	37	49.500000	 20622352.7991062030
   417768.0000001549	 -2109979.2138671875	  1035748.0000000000	805	250	37	49.500000	 20622118.9764358923
   417769.0000001536	 -2114437.2041015625	  1031290.0000000000	815	250	37	49.500000	 20621885.7645239383
   417770.0000001524	 -2118894.8564453125	  1026833.0000000000	147	250	37	49.500000	 20621652.8911464326
   417771.0000001510	 -2123352.1835937500	  1022375.0000000000	836	250	37	49.500000	 20621420.5203357525
   417772.0000001499	 -2127809.1826171875	  1017918.0000000000	837	250	37	49.250000	 20621187.7900501788
   417773.0000001491	 -2132265.8701171875	  1013462.0000000000	133	250	37	49.250000	 20620954.5920982510
   417774.0000001488	 -2136722.2480468750	  1009005.0000000000	770	250	37	49.250000	 20620721.8548323289
   417775.0000001480	 -2141178.3183593750	  1004549.0000000000	698	250	37	49.250000	 20620489.0687059127
   417776.0000001473	 -2145634.0380859375	  1000093.0000000000	985	250	37	49.250000	 20620256.7642059475
   417777.0000001465	 -2150089.4697265625	   995638.0000000000	543	250	37	49.250000	 20620024.4422557279
   417778.0000001459	 -2154544.6210937500	   991183.0000000000	388	250	37	49.250000	 20619793.0312077217
   417779.0000001446	 -2158999.4199218750	   986728.0000000000	594	250	37	49.250000	 20619560.1054795980
   417780.0000001434	 -2163453.9208984375	   982274.0000000000	81	250	37	49.000000	 20619326.8028263301
   417781.0000001438	 -2167908.1884765625	   977819.0000000000	831	250	37	49.000000	 20619094.4006047361
   417782.0000001446	 -2172362.1250000000	   973365.0000000000	896	250	37	49.000000	 20618863.5340036377
   417783.0000001434	 -2176815.6933593750	   968912.0000000000	314	250	37	49.000000	 20618632.5033709295
   417784.0000001424	 -2181268.9550781250	   964459.0000000000	46	250	37	49.250000	 20618401.2738054469
   417785.0000001412	 -2185721.8535156250	   960006.0000000000	150	250	37	49.250000	 20618169.7964467257
   417786.0000001405	 -2190174.4248046875	   955553.0000000000	589	250	37	49.250000	 20617937.9212225191
   417787.0000001409	 -2194626.6796875000	   951101.0000000000	328	250	37	49.250000	 20617705.5190008953
   417788.0000001406	 -2199078.6552734375	   946649.0000000000	353	250	37	49.000000	 20617472.9248269051
   417789.0000001406	 -2203530.3417968750	   942197.0000000000	674	250	37	49.000000	 20617240.9553712308
   417790.0000001403	 -2207981.6640625000	   937746.0000000000	344	250	37	49.250000	 20617008.7904730067
   417791.0000001407	 -2212432.7470703125	   933295.0000000000	259	250	37	49.250000	 20616777.2293527201
   417792.0000001398	 -2216883.5556640625	   928844.0000000000	455	250	37	49.250000	 20616545.8741455264
   417793.0000001398	 -2221334.0234375000	   924393.0000000000	1000	250	37	49.250000	 20616314.9063333087
   417794.0000001401	 -2225784.1962890625	   919943.0000000000	823	250	37	49.250000	 20616084.6330403090
   417795.0000001409	 -2230234.0205078125	   915493.0000000000	1003	250	37	49.250000	 20615854.0700732917
   417796.0000001416	 -2234683.6152343750	   911044.0000000000	394	250	37	49.250000	 20615623.6152977683
   417797.0000001423	 -2239132.9179687500	   906595.0000000000	84	250	37	49.250000	 20615393.4292558581
   417798.0000001419	 -2243581.8945312500	   902146.0000000000	108	250	37	49.000000	 20615163.0896521471
   417799.0000001417	 -2248030.5898437500	   897697.0000000000	420	250	37	49.000000	 20614932.3556731418
   417800.0000001417	 -2252478.9736328125	   893249.0000000000	27	250	37	49.000000	 20614701.7089452222
   417801.0000001426	 -2256926.9902343750	   888801.0000000000	10	250	37	49.250000	 20614470.8772445582
   417802.0000001439	 -2261374.7373046875	   884353.0000000000	269	250	37	49.250000	 20614240.6144214310
   417803.0000001451	 -2265822.1875000000	   879905.0000000000	832	250	37	49.250000	 20614010.0130637884
   417804.0000001461	 -2270269.3232421875	   875458.0000000000	693	250	37	49.250000	 20613779.9317231849
   417805.0000001467	 -2274716.2011718750	   871011.0000000000	818	250	37	49.250000	 20613550.4611408673
   417806.0000001474	 -2279162.7431640625	   866565.0000000000	263	250	37	49.250000	 20613320.8474666514
   417807.0000001485	 -2283609.0419921875	   862118.0000000000	981	250	37	49.250000	 20613090.9441184178
   417808.0000001502	 -2288055.0166015625	   857672.0000000000	1007	250	37	49.250000	 20612861.5014561899
   417809.0000001508	 -2292500.7089843750	   853227.0000000000	298	250	37	49.250000	 20612630.8861385174
   417810.0000001526	 -2296946.0585937500	   848781.0000000000	964	250	37	49.250000	 20612400.3161911182
   417811.0000001547	 -2301391.0996093750	   844336.0000000000	922	250	37	49.250000	 20612169.9940369911
   417812.0000001572	 -2305835.8613281250	   839892.0000000000	142	250	37	49.250000	 20611940.2233101167
   417813.0000001597	 -2310280.3242187500	   835447.0000000000	692	250	37	49.250000	 20611710.1838496327
   417814.0000001622	 -2314724.4228515625	   831003.0000000000	591	250	37	49.250000	 20611480.3956725411
   417815.0000001641	 -2319168.2578125000	   826559.0000000000	760	250	37	49.250000	 20611250.3073515892
   417816.0000001660	 -2323611.7939453125	   822116.0000000000	211	250	37	49.000000	 20611020.0759387091
   417817.0000001675	 -2328055.0146484375	   817672.0000000000	1009	250	37	49.250000	 20610790.9927513711
   417818.0000001689	 -2332497.9277343750	   813230.0000000000	74	250	37	49.250000	 20610562.3388397992
   417819.0000001706	 -2336940.5175781250	   808787.0000000000	494	250	37	49.000000	 20610333.7547290958
   417820.0000001722	 -2341382.8603515625	   804345.0000000000	143	250	37	49.000000	 20610104.4202583656
   417821.0000001739	 -2345824.8701171875	   799903.0000000000	133	250	37	49.000000	 20609874.2795867622
   417822.0000001770	 -2350266.5830078125	   795461.0000000000	427	250	37	49.000000	 20609644.6659118459
   417823.0000001813	 -2354707.9902343750	   791020.0000000000	10	250	37	49.250000	 20609416.0085094199
   417824.0000001840	 -2359149.1240234375	   786578.0000000000	897	250	37	49.250000	 20609187.4523188025
   417825.0000001865	 -2363589.9873046875	   782138.0000000000	13	250	37	49.250000	 20608959.8279707767
   417826.0000001877	 -2368030.5712890625	   777697.0000000000	439	250	37	49.250000	 20608731.9453596398
   417827.0000001886	 -2372470.8945312500	   773257.0000000000	108	250	37	49.500000	 20608504.1360395625
   417828.0000001894	 -2376910.8730468750	   768817.0000000000	130	250	37	49.500000	 20608276.0056352206
   417829.0000001906	 -2381350.5029296875	   764377.0000000000	509	250	37	49.750000	 20608047.4250147082
   417830.0000001919	 -2385789.8017578125	   759938.0000000000	203	250	37	49.500000	 20607819.0049363449
   417831.0000001932	 -2390228.8027343750	   755499.0000000000	202	250	37	49.750000	 20607591.0141337439
   417832.0000001952	 -2394667.5664062500	   751060.0000000000	444	250	37	49.500000	 20607362.9640001096
   417833.0000001978	 -2399105.9951171875	   746622.0000000000	5	250	37	49.500000	 20607135.2140103653
   417834.0000002002	 -2403544.1630859375	   742183.0000000000	857	250	37	49.750000	 20606907.2685780711
   417835.0000002037	 -2407982.0996093750	   737745.0000000000	922	250	37	49.750000	 20606679.5290581658
   417836.0000002069	 -2412419.6953125000	   733308.0000000000	312	250	37	49.750000	 20606452.1141127534
   417837.0000002098	 -2416857.0156250000	   728870.0000000000	1008	250	37	49.750000	 20606224.7375579625
   417838.0000002120	 -2421294.0693359375	   724433.0000000000	953	250	37	49.750000	 20605997.3121426776
   417839.0000002144	 -2425730.7792968750	   719997.0000000000	226	250	37	49.750000	 20605770.3858040236
   417840.0000002172	 -2430167.2265625000	   715560.0000000000	792	250	37	49.500000	 20605542.8487070836
   417841.0000002206	 -2434603.3984375000	   711124.0000000000	616	250	37	49.500000	 20605314.7706526965
   417842.0000002244	 -2439039.2910156250	   706688.0000000000	726	250	37	49.500000	 20605086.6716579311
   417843.0000002285	 -2443474.8496093750	   702253.0000000000	154	250	37	49.500000	 20604858.8204563744
   417844.0000002321	 -2447910.1337890625	   697817.0000000000	887	250	37	49.500000	 20604631.0983867198
   417845.0000002359	 -2452345.1083984375	   693382.0000000000	913	250	37	49.250000	 20604403.4286676869
   417846.0000002400	 -2456779.8193359375	   688948.0000000000	185	250	37	49.250000	 20604176.1498338580
   417847.0000002449	 -2461214.2353515625	   684513.0000000000	783	250	37	49.250000	 20603949.5096783713
   417848.0000002497	 -2465648.3447265625	   680079.0000000000	671	250	37	49.250000	 20603723.1382564940
   417849.0000002544	 -2470082.1357421875	   675645.0000000000	885	250	37	49.500000	 20603496.6062925048
   417850.0000002587	 -2474515.6582031250	   671212.0000000000	350	250	37	49.250000	 20603270.2558110356
   417851.0000000888	 -2478949.1601562500	   666778.0000000000	860	249	37	49.500000	 20603043.4586534128
   417852.0000000942	 -2483382.1435546875	   662345.0000000000	877	250	37	49.500000	 20602817.5479175784
   417853.0000000987	 -2487814.8193359375	   657913.0000000000	185	250	37	49.500000	 20602591.2323365472
   417854.0000001027	 -2492247.2236328125	   653480.0000000000	795	250	37	49.500000	 20602365.0807878561
   417855.0000001062	 -2496679.3828125000	   649048.0000000000	632	250	37	49.500000	 20602139.0409208164
   417856.0000001098	 -2501111.2207031250	   644616.0000000000	798	250	37	49.500000	 20601912.3204946183
   417857.0000001139	 -2505542.7822265625	   640185.0000000000	223	250	37	49.500000	 20601686.5982216895
   417858.0000001178	 -2509974.0175781250	   635753.0000000000	1006	250	37	49.750000	 20601460.8235980719
   417859.0000001212	 -2514404.9697265625	   631323.0000000000	31	250	37	49.750000	 20601235.0524646789
   417860.0000001258	 -2518835.6650390625	   626892.0000000000	343	250	37	49.500000	 20601009.0405177288
   417861.0000001304	 -2523266.0839843750	   622461.0000000000	938	250	37	49.500000	 20600782.9029290639
   417862.0000001355	 -2527696.2119140625	   618031.0000000000	807	250	37	49.500000	 20600557.0654842593
   417863.0000001406	 -2532126.0722656250	   613601.0000000000	950	250	37	49.250000	 20600331.2280394845
   417864.0000001462	 -2536555.6523437500	   609172.0000000000	356	250	37	49.250000	 20600105.3696543053
   417865.0000001517	 -2540985.0175781250	   604742.0000000000	1006	250	37	49.250000	 20599879.8149031736
   417866.0000001573	 -2545414.0722656250	   600313.0000000000	950	250	37	49.000000	 20599653.9565179907
   417867.0000001623	 -2549842.8710937500	   595885.0000000000	132	250	37	49.000000	 20599427.5118050873
   417868.0000001683	 -2554271.3818359375	   591456.0000000000	633	250	37	49.000000	 20599201.2206539549
   417869.0000001753	 -2558699.6464843750	   587028.0000000000	362	250	37	48.750000	 20598975.5297906063
   417870.0000001811	 -2563127.6650390625	   582600.0000000000	343	250	37	48.750000	 20598749.9017484449
   417871.0000001867	 -2567555.4082031250	   578172.0000000000	606	250	37	48.750000	 20598524.2039053813
   417872.0000001926	 -2571982.8847656250	   573745.0000000000	118	250	37	49.000000	 20598299.4518649615
   417873.0000001983	 -2576410.0312500000	   569317.0000000000	992	250	37	49.000000	 20598075.0592994355
   417874.0000002034	 -2580836.9472656250	   564891.0000000000	54	250	37	49.000000	 20597850.2409483381
   417875.0000002083	 -2585263.5820312500	   560464.0000000000	428	250	37	49.000000	 20597625.6215299815
   417876.0000002129	 -2589689.9228515625	   556038.0000000000	79	250	37	49.000000	 20597400.6286767051
   417877.0000002177	 -2594116.0000000000	   551612.0000000000	0	250	37	49.000000	 20597175.2588982880
   417878.0000002226	 -2598541.7978515625	   547186.0000000000	207	250	37	49.000000	 20596949.6552866921
   417879.0000002279	 -2602967.3300781250	   542760.0000000000	686	250	37	49.000000	 20596724.7112938799
   417880.0000002340	 -2607392.5859375000	   538335.0000000000	424	250	37	49.000000	 20596499.8859624006
   417881.0000002407	 -2611817.5693359375	   533910.0000000000	441	250	37	49.000000	 20596275.3956752494
   417882.0000002476	 -2616242.2519531250	   529485.0000000000	766	250	37	49.000000	 20596051.2090221457
   417883.0000002544	 -2620666.7382812500	   525061.0000000000	268	250	37	49.000000	 20595827.0223690756
   417884.0000002617	 -2625090.9472656250	   520637.0000000000	54	250	37	49.250000	 20595603.4220436960
   417885.0000000931	 -2629515.0732421875	   516212.0000000000	949	249	37	49.250000	 20595379.7449875884
   417886.0000001003	 -2633938.7402343750	   511789.0000000000	266	250	37	49.500000	 20595156.3784954175
   417887.0000001076	 -2638362.1357421875	   507365.0000000000	885	250	37	49.500000	 20594933.2074458003
   417888.0000001147	 -2642785.2832031250	   502942.0000000000	734	250	37	49.500000	 20594709.8060531951
   417889.0000001218	 -2647208.1884765625	   498519.0000000000	831	250	37	49.500000	 20594485.9928350411
   417890.0000001287	 -2651630.8535156250	   494097.0000000000	150	250	37	49.500000	 20594262.1272662394
   417891.0000001363	 -2656053.2509765625	   489674.0000000000	767	250	37	49.500000	 20594038.4536497965
   417892.0000001439	 -2660475.3876953125	   485252.0000000000	627	250	37	49.500000	 20593814.9405755363
   417893.0000001513	 -2664897.2294921875	   480830.0000000000	789	250	37	49.500000	 20593591.3751505911
   417894.0000001583	 -2669318.8203125000	   476409.0000000000	184	250	37	49.500000	 20593368.0819494836
   417895.0000001644	 -2673740.1875000000	   471987.0000000000	832	250	37	49.500000	 20593144.6875372231
   417896.0000001713	 -2678161.3144531250	   467566.0000000000	702	250	37	49.500000	 20592922.1097957082
   417897.0000001783	 -2682582.1582031250	   463145.0000000000	862	250	37	49.500000	 20592699.2633205466
   417898.0000001857	 -2687002.7958984375	   458725.0000000000	209	250	37	49.250000	 20592475.6804454140
   417899.0000001939	 -2691423.1513671875	   454304.0000000000	869	250	37	49.250000	 20592252.6455073468
   417900.0000002021	 -2695843.2470703125	   449884.0000000000	771	250	37	49.500000	 20592029.4325769804
   417901.0000002101	 -2700263.1230468750	   445464.0000000000	898	250	37	49.500000	 20591806.0416542143
   417902.0000002178	 -2704682.7519531250	   441045.0000000000	254	250	37	49.500000	 20591582.9578556828
   417903.0000002258	 -2709102.1357421875	   436625.0000000000	885	250	37	49.500000	 20591359.2807490826
   417904.0000002343	 -2713521.2568359375	   432206.0000000000	761	250	37	49.250000	 20591136.1899702400
   417905.0000002432	 -2717940.1044921875	   427787.0000000000	917	250	37	49.500000	 20590913.6157182157
   417906.0000002516	 -2722358.7236328125	   423369.0000000000	283	250	37	49.500000	 20590691.3311402090
   417907.0000002595	 -2726777.0351562500	   418950.0000000000	988	250	37	49.500000	 20590469.1931443289
   417908.0000000914	 -2731195.3544921875	   414532.0000000000	661	249	37	49.500000	 20590245.9418737926
   417909.0000000999	 -2735613.1435546875	   410114.0000000000	877	250	37	49.500000	 20590023.7096464410
   417910.0000001090	 -2740030.6972656250	   405697.0000000000	310	250	37	49.250000	 20589800.9015612379
   417911.0000001188	 -2744448.0253906250	   401279.0000000000	998	250	37	49.000000	 20589578.0515952520
   417912.0000001296	 -2748865.0576171875	   396862.0000000000	965	250	37	49.000000	 20589356.4999263920
   417913.0000001400	 -2753281.8408203125	   392446.0000000000	163	250	37	49.000000	 20589134.1106464155
   417914.0000001505	 -2757698.4267578125	   388029.0000000000	587	250	37	49.000000	 20588911.8819085546
   417915.0000001604	 -2762114.7480468750	   383613.0000000000	258	250	37	49.000000	 20588689.7648523822
   417916.0000001708	 -2766530.7968750000	   379197.0000000000	208	250	37	49.000000	 20588467.9479401000
   417917.0000001803	 -2770946.5898437500	   374781.0000000000	420	250	37	49.000000	 20588246.4067417756
   417918.0000001895	 -2775362.1083984375	   370365.0000000000	913	250	37	49.000000	 20588024.9388345145
   417919.0000001998	 -2779777.4248046875	   365950.0000000000	589	250	37	49.000000	 20587803.6768397093
   417920.0000002105	 -2784192.5048828125	   361535.0000000000	507	250	37	49.000000	 20587583.0919138677
   417921.0000002201	 -2788607.3886718750	   357120.0000000000	626	250	37	49.250000	 20587362.4616177231
   417922.0000002309	 -2793021.9599609375	   352706.0000000000	41	250	37	49.250000	 20587141.3217744417
   417923.0000002420	 -2797436.3291015625	   348291.0000000000	687	250	37	49.250000	 20586920.5728162974
   417924.0000002526	 -2801850.4423828125	   343877.0000000000	571	250	37	49.250000	 20586699.9529900253
   417925.0000000875	 -2806264.5273437500	   339463.0000000000	484	249	37	49.500000	 20586479.6124177240
   417926.0000000981	 -2810678.1064453125	   335049.0000000000	915	250	37	49.500000	 20586258.4027735405
   417927.0000001084	 -2815091.4902343750	   330636.0000000000	522	250	37	49.500000	 20586036.9802365825
   417928.0000001193	 -2819504.5878906250	   326223.0000000000	422	250	37	49.750000	 20585816.3220197186
   417929.0000001298	 -2823917.4531250000	   321810.0000000000	560	250	37	49.500000	 20585595.5242010765
   417930.0000001401	 -2828330.0615234375	   317397.0000000000	961	250	37	49.500000	 20585374.9602156468
   417931.0000001515	 -2832742.3789062500	   312985.0000000000	636	250	37	49.500000	 20585154.9965179637
   417932.0000001623	 -2837154.4746093750	   308573.0000000000	538	250	37	49.250000	 20584934.3034006618
   417933.0000001733	 -2841566.2880859375	   304161.0000000000	729	250	37	49.250000	 20584713.3764501512
   417934.0000001842	 -2845977.9218750000	   299750.0000000000	80	250	37	49.000000	 20584491.5560476780
   417935.0000001964	 -2850389.3457031250	   295338.0000000000	670	250	37	49.000000	 20584270.5662759766
   417936.0000002083	 -2854800.5449218750	   290927.0000000000	466	250	37	49.250000	 20584050.1872625612
   417937.0000002199	 -2859211.4687500000	   286516.0000000000	544	250	37	49.000000	 20583829.7209980898
   417938.0000002327	 -2863622.0927734375	   282105.0000000000	929	250	37	49.000000	 20583609.6211881563
   417939.0000002463	 -2868032.5039062500	   277695.0000000000	508	250	37	48.750000	 20583389.9262234233
   417940.0000002590	 -2872442.7080078125	   273285.0000000000	299	250	37	49.000000	 20583170.2207888514
   417941.0000000975	 -2876852.9052734375	   268875.0000000000	97	249	37	49.000000	 20582950.9446798339
   417942.0000001100	 -2881262.5302734375	   264465.0000000000	481	250	37	49.000000	 20582731.3299865089
   417943.0000001230	 -2885671.9628906250	   260056.0000000000	38	250	37	49.000000	 20582512.2841707207
   417944.0000001362	 -2890081.1738281250	   255646.0000000000	846	250	37	49.250000	 20582293.5943396352
   417945.0000001491	 -2894490.0732421875	   251237.0000000000	949	250	37	49.250000	 20582074.5136233754
   417946.0000001605	 -2898898.7617187500	   246829.0000000000	244	250	37	49.250000	 20581854.4417342320
   417947.0000001735	 -2903307.2060546875	   242420.0000000000	813	250	37	49.250000	 20581634.6630086005
   417948.0000001877	 -2907715.3691406250	   238012.0000000000	646	250	37	49.250000	 20581416.2872813977
   417949.0000002031	 -2912123.2783203125	   233604.0000000000	739	250	37	49.250000	 20581198.4036505185
   417950.0000002164	 -2916530.9404296875	   229197.0000000000	61	250	37	49.500000	 20580979.7138194330
   417951.0000002305	 -2920938.3789062500	   224789.0000000000	636	250	37	49.500000	 20580761.5893756598
   417952.0000002447	 -2925345.5546875000	   220382.0000000000	456	250	37	49.750000	 20580543.1961982735
   417953.0000002584	 -2929752.5136718750	   215975.0000000000	498	250	37	49.750000	 20580324.7890608273
   417954.0000000963	 -2934159.5097656250	   211568.0000000000	502	249	37	49.750000	 20580105.7851756141
   417955.0000001098	 -2938566.0273437500	   207161.0000000000	996	250	37	49.750000	 20579887.3256875463
   417956.0000001232	 -2942972.3066406250	   202755.0000000000	710	250	37	49.750000	 20579668.9569407254
   417957.0000001365	 -2947378.2998046875	   198349.0000000000	717	250	37	49.750000	 20579450.1589181423
   417958.0000001496	 -2951784.1220703125	   193943.0000000000	899	250	37	49.500000	 20579230.1463593319
   417959.0000001632	 -2956189.6748046875	   189538.0000000000	333	250	37	49.500000	 20579011.2750456892
   417960.0000001769	 -2960595.0117187500	   185132.0000000000	1012	250	37	49.500000	 20578792.3129907995
   417961.0000001907	 -2965000.1416015625	   180727.0000000000	879	250	37	49.250000	 20578573.2252941951
   417962.0000002037	 -2969405.0634765625	   176322.0000000000	959	250	37	49.500000	 20578354.4831124544
   417963.0000002175	 -2973809.7089843750	   171918.0000000000	298	250	37	49.500000	 20578135.8072413951
   417964.0000002304	 -2978214.0615234375	   167513.0000000000	961	250	37	49.500000	 20577917.1907013357
   417965.0000002427	 -2982618.2148437500	   163109.0000000000	804	250	37	49.500000	 20577698.6334923096
   417966.0000002555	 -2987022.1542968750	   158705.0000000000	866	250	37	49.500000	 20577480.3938773945
   417967.0000000950	 -2991426.1123046875	   154301.0000000000	909	249	37	49.500000	 20577262.5766076520
   417968.0000001099	 -2995829.5332031250	   149898.0000000000	478	250	37	49.250000	 20577044.9652005732
   417969.0000001243	 -3000232.6884765625	   145495.0000000000	319	250	37	49.250000	 20576827.0710998215
   417970.0000001385	 -3004635.6103515625	   141092.0000000000	399	250	37	49.500000	 20576608.2311964557
   417971.0000001529	 -3009038.3408203125	   136689.0000000000	675	250	37	49.250000	 20576390.4627373852
   417972.0000001678	 -3013440.8251953125	   132287.0000000000	179	250	37	49.250000	 20576172.9944222048
   417973.0000001815	 -3017843.1142578125	   127884.0000000000	907	250	37	49.250000	 20575955.4632865340
   417974.0000001962	 -3022245.0771484375	   123482.0000000000	945	250	37	49.250000	 20575738.4975381792
   417975.0000002109	 -3026646.8740234375	   119081.0000000000	129	250	37	49.500000	 20575521.5492400415
   417976.0000002267	 -3031048.3925781250	   114679.0000000000	622	250	37	49.500000	 20575305.2012296878
   417977.0000002423	 -3035449.6982421875	   110278.0000000000	309	250	37	49.750000	 20575088.1028592698
   417978.0000002576	 -3039850.7236328125	   105877.0000000000	283	250	37	49.500000	 20574870.8997875452
   417979.0000000992	 -3044251.7197265625	   101476.0000000000	287	249	37	49.250000	 20574653.8538175747
   417980.0000001155	 -3048652.2929687500	    97075.0000000000	724	250	37	49.250000	 20574436.5006735735
   417981.0000001317	 -3053052.6582031250	    92675.0000000000	350	250	37	49.250000	 20574219.2731712833
   417982.0000001483	 -3057452.8212890625	    88275.0000000000	183	250	37	49.250000	 20574002.6145464666
   417983.0000001650	 -3061852.6923828125	    83875.0000000000	315	250	37	49.250000	 20573786.2595557645
   417984.0000001808	 -3066252.3652343750	    79475.0000000000	650	250	37	49.250000	 20573569.4822696149
