   417098.0000000202	   995240.1923828125	   995240.0000000000	197	250	45	51.250000	 20307812.8025545366
   417098.9999999392	   993666.9199218750	   993666.0000000000	942	250	45	51.250000	 20308104.7624491267
   417100.0000000774	   992093.7919921875	   992093.0000000000	811	251	45	51.250000	 20308409.6040440984
   417101.0000001984	   990518.1787109375	   990518.0000000000	183	241	45	51.250000	 20309234.1938948929
   417102.0000001465	   988944.3710937500	   988944.0000000000	380	249	45	51.250000	 20309587.5018251948
   417103.0000002445	   987371.0458984375	   987371.0000000000	47	251	45	51.500000	 20309881.0531299599
   417104.0000001684	   985797.4199218750	   985797.0000000000	430	250	45	51.500000	 20310174.7475764491
   417105.0000000926	   984223.7353515625	   984223.0000000000	753	250	45	51.500000	 20310468.2430901937
   417106.0000001912	   982650.2783203125	   982650.0000000000	285	251	45	51.250000	 20310762.1119890697
   417107.0000001146	   981076.5800781250	   981076.0000000000	594	250	45	51.500000	 20311056.2392015420
   417108.0000002117	   979503.1269531250	   979503.0000000000	130	251	45	51.500000	 20311349.2076687403
   417109.0000001341	   977929.4062500000	   977929.0000000000	416	250	45	51.250000	 20311642.1796759553
   417110.0000002318	   976355.9267578125	   976355.0000000000	949	251	45	51.250000	 20311935.1795534343
   417111.0000001547	   974782.2734375000	   974782.0000000000	280	250	45	51.250000	 20312228.1655207090
   417112.0000002526	   973208.8632812500	   973208.0000000000	884	251	45	51.250000	 20312521.5213828869
   417113.0000001743	   971635.2314453125	   971635.0000000000	237	250	45	51.500000	 20312814.2665372714
   417114.0000000970	   970061.6162109375	   970061.0000000000	631	250	45	51.500000	 20313107.1827036776
   417115.0000001946	   968488.2285156250	   968488.0000000000	234	251	45	51.500000	 20313399.7533053942
   417116.0000001176	   966914.6992187500	   966914.0000000000	716	250	45	51.250000	 20313692.5961807035
   417117.0000002155	   965341.4882812500	   965341.0000000000	500	251	45	51.250000	 20313985.9694931321
   417118.0000001377	   963768.0703125000	   963768.0000000000	72	250	45	51.500000	 20314278.8542492576
   417119.0000002359	   962194.9169921875	   962194.0000000000	939	251	45	51.500000	 20314571.7249948345
   417120.0000001586	   960621.6054687500	   960621.0000000000	620	250	45	51.250000	 20314864.9273450673
   417121.0000002563	   959048.5937500000	   959048.0000000000	608	251	45	51.250000	 20315157.9446727633
   417122.0000001790	   957475.4531250000	   957475.0000000000	464	250	45	51.250000	 20315451.4506570473
   417123.0000001024	   955902.3457031250	   955902.0000000000	354	250	45	51.250000	 20315744.5762260631
   417124.0000002008	   954329.6132812500	   954329.0000000000	628	251	45	51.250000	 20316038.6266074628
   417125.0000001237	   952756.6757812500	   952756.0000000000	692	250	45	51.250000	 20316331.7731168531
   417126.0000002222	   951184.0947265625	   951184.0000000000	97	251	45	51.250000	 20316625.2860309929
   417127.0000001465	   949611.3818359375	   949611.0000000000	391	250	45	51.250000	 20316919.2631711885
   417128.0000002481	   948039.0195312500	   948039.0000000000	20	251	45	51.250000	 20317213.7358473055
   417129.0000001735	   946466.4326171875	   946466.0000000000	443	250	45	51.250000	 20317507.2941815741
   417130.0000000997	   944893.9394531250	   944893.0000000000	962	250	45	51.000000	 20317801.7040869892
   417131.0000001997	   943321.7773437500	   943321.0000000000	796	251	45	51.000000	 20318095.8312489390
   417132.0000001255	   941749.4121093750	   941749.0000000000	422	250	45	51.000000	 20318390.5308284089
   417133.0000002265	   940177.4140625000	   940177.0000000000	424	251	45	51.000000	 20318684.8290023468
   417134.0000001527	   938605.2929687500	   938605.0000000000	300	250	45	51.000000	 20318979.2214575782
   417135.0000002534	   937033.4824218750	   937033.0000000000	494	251	45	51.000000	 20319273.2543880939
   417136.0000001796	   935461.5234375000	   935461.0000000000	536	250	45	51.000000	 20319567.8073854409
   417137.0000001062	   933889.6982421875	   933889.0000000000	715	250	45	51.000000	 20319862.5907257758
   417138.0000002081	   932318.2988281250	   932318.0000000000	306	251	45	51.000000	 20320156.7213772498
   417139.0000001339	   930746.7099609375	   930746.0000000000	727	250	45	50.750000	 20320450.4367634468
   417140.0000002366	   929175.4853515625	   929175.0000000000	497	251	45	50.750000	 20320744.7768175341
   417141.0000001637	   927604.1513671875	   927604.0000000000	155	250	45	50.750000	 20321039.0192004554
   417142.0000000922	   926032.9257812500	   926032.0000000000	948	250	45	50.750000	 20321333.6803885996
   417143.0000001966	   924462.0156250000	   924462.0000000000	16	251	45	50.750000	 20321628.5613994375
   417144.0000001247	   922890.9824218750	   922890.0000000000	1006	250	45	50.500000	 20321923.3691697046
   417145.0000002283	   921320.3349609375	   921320.0000000000	343	251	45	50.500000	 20322219.0075209178
   417146.0000001572	   919749.5390625000	   919749.0000000000	552	250	45	50.500000	 20322514.4888699949
   417147.0000002609	   918179.2070312500	   918179.0000000000	212	251	45	50.500000	 20322810.1621216424
   417148.0000001886	   916608.7509765625	   916608.0000000000	769	250	45	50.500000	 20323105.7237421274
   417149.0000001174	   915038.3964843750	   915038.0000000000	406	250	45	50.750000	 20323401.9031005800
   417150.0000002216	   913468.4697265625	   913468.0000000000	481	251	45	50.750000	 20323698.0021378361
   417151.0000001512	   911898.4384765625	   911898.0000000000	449	250	45	50.500000	 20323994.4083491191
   417152.0000002570	   910328.7949218750	   910328.0000000000	814	251	45	50.500000	 20324291.4252682328
   417153.0000001870	   908759.0517578125	   908759.0000000000	53	250	45	50.750000	 20324588.2572651207
   417154.0000001175	   907189.4960937500	   907189.0000000000	508	250	45	51.000000	 20324885.2114135027
   417155.0000002238	   905620.3388671875	   905620.0000000000	347	251	45	51.000000	 20325181.8130168803
   417156.0000001552	   904051.0468750000	   904051.0000000000	48	250	45	51.000000	 20325478.9207270965
   417157.0000002619	   902482.1289062500	   902482.0000000000	132	251	45	51.000000	 20325776.1993994415
   417158.0000001942	   900913.1181640625	   900913.0000000000	121	250	45	51.250000	 20326073.4083207734
   417159.0000001271	   899344.2841796875	   899344.0000000000	291	250	45	51.000000	 20326370.3799187057
   417160.0000002339	   897775.8017578125	   897775.0000000000	821	251	45	51.000000	 20326666.9954821132
   417161.0000001655	   896207.2138671875	   896207.0000000000	219	250	45	51.000000	 20326963.5657250360
   417162.0000000967	   894638.7773437500	   894638.0000000000	796	250	45	51.250000	 20327260.4605424516
   417163.0000002030	   893070.7060546875	   893070.0000000000	723	251	45	51.000000	 20327557.0621458292
   417164.0000001343	   891502.5781250000	   891502.0000000000	592	250	45	51.250000	 20327853.9744134285
   417165.0000002422	   889934.8115234375	   889934.0000000000	831	251	45	51.250000	 20328151.1902646162
   417166.0000001753	   888366.9365234375	   888366.0000000000	959	250	45	51.500000	 20328448.2316634208
   417167.0000001077	   886799.2343750000	   886799.0000000000	240	250	45	51.250000	 20328745.3498434424
   417168.0000002153	   885231.8759765625	   885231.0000000000	897	251	45	51.250000	 20329042.5866350383
   417169.0000001477	   883664.4599609375	   883664.0000000000	471	250	45	51.250000	 20329339.7048150934
   417170.0000002552	   882097.4189453125	   882097.0000000000	429	251	45	51.000000	 20329636.8159649409
   417171.0000001886	   880530.2607421875	   880530.0000000000	267	250	45	51.000000	 20329934.9288080707
   417172.0000001223	   878963.2656250000	   878963.0000000000	272	250	45	51.000000	 20330232.8601686805
   417173.0000002318	   877396.6826171875	   877396.0000000000	699	251	45	51.000000	 20330530.9939017296
   417174.0000001671	   875829.9736328125	   875829.0000000000	997	250	45	51.000000	 20330829.3789679967
   417175.0000001020	   874263.4228515625	   874263.0000000000	433	250	45	51.000000	 20331127.2475073822
   417176.0000002132	   872697.2890625000	   872697.0000000000	296	251	45	51.000000	 20331425.4580209814
   417177.0000001484	   871131.0449218750	   871131.0000000000	46	250	45	50.750000	 20331723.6825450994
   417178.0000002583	   869565.1826171875	   869565.0000000000	187	251	45	50.750000	 20332021.3660619780
   417179.0000001933	   867999.2988281250	   867999.0000000000	306	250	45	50.750000	 20332319.5382354409
   417180.0000001278	   866433.5546875000	   866433.0000000000	568	250	45	50.750000	 20332616.9809892550
   417181.0000002395	   864868.2138671875	   864868.0000000000	219	251	45	50.500000	 20332915.0449207313
   417182.0000001748	   863302.7167968750	   863302.0000000000	734	250	45	50.750000	 20333213.3217955045
   417183.0000001110	   861737.3291015625	   861737.0000000000	337	250	45	50.750000	 20333512.1466074064
   417184.0000002211	   860172.3632812500	   860172.0000000000	372	251	45	51.000000	 20333811.0097600743
   417185.0000001575	   858607.2822265625	   858607.0000000000	289	250	45	50.750000	 20334109.4576468691
   417186.0000000946	   857042.3935546875	   857042.0000000000	403	250	45	50.750000	 20334409.1514801309
   417187.0000002065	   855477.8476562500	   855477.0000000000	868	251	45	51.000000	 20334707.9657716714
   417188.0000001430	   853913.1826171875	   853913.0000000000	187	250	45	51.000000	 20335006.7521929145
   417189.0000002559	   852348.8583984375	   852348.0000000000	879	251	45	50.750000	 20335306.6134982184
   417190.0000001924	   850784.3886718750	   850784.0000000000	398	250	45	51.000000	 20335605.3650190271
   417191.0000001307	   849220.0312500000	   849220.0000000000	32	250	45	51.000000	 20335905.2647647485
   417192.0000002450	   847656.0566406250	   847656.0000000000	58	251	45	51.000000	 20336205.5274250247
   417193.0000001821	   846092.0712890625	   846092.0000000000	73	250	45	51.250000	 20336505.1863578856
   417194.0000001199	   844528.1591796875	   844528.0000000000	163	250	45	51.000000	 20336804.3566839211
   417195.0000002331	   842964.6865234375	   842964.0000000000	703	251	45	51.000000	 20337104.0016062297
   417196.0000001731	   841401.0908203125	   841401.0000000000	93	250	45	51.000000	 20337404.1212244034
   417197.0000001127	   839837.6376953125	   839837.0000000000	653	250	45	51.250000	 20337704.8167004585
   417198.0000002282	   838274.5351562500	   838274.0000000000	548	251	45	51.500000	 20338005.8750910722
   417199.0000001676	   836711.3505859375	   836711.0000000000	359	250	45	51.250000	 20338305.8202070631
   417200.0000001077	   835148.2871093750	   835148.0000000000	294	250	45	51.250000	 20338606.2260091007
   417201.0000002211	   833585.6210937500	   833585.0000000000	636	251	45	51.250000	 20338906.5305501930
   417202.0000001603	   832022.8925781250	   832022.0000000000	914	250	45	51.500000	 20339206.6745989285
   417203.0000001009	   830460.3447265625	   830460.0000000000	353	250	45	51.500000	 20339507.6667286865
   417204.0000002158	   828898.1279296875	   828898.0000000000	131	251	45	51.500000	 20339808.1387915760
   417205.0000001575	   827335.8173828125	   827335.0000000000	837	250	45	51.500000	 20340108.7470158450
   417206.0000000985	   825773.6816406250	   825773.0000000000	698	250	45	51.250000	 20340409.4320213646
   417207.0000002139	   824211.9140625000	   824211.0000000000	936	251	45	51.250000	 20340709.8831438459
   417208.0000001543	   822650.0478515625	   822650.0000000000	49	250	45	51.250000	 20341010.5367390886
   417209.0000000960	   821088.3476562500	   821088.0000000000	356	250	45	51.250000	 20341311.4485974386
   417210.0000002127	   819526.9892578125	   819526.0000000000	1013	251	45	51.250000	 20341613.0165345557
   417211.0000001537	   817965.5595703125	   817965.0000000000	573	250	45	51.500000	 20341913.8446319737
   417212.0000000946	   816404.2470703125	   816404.0000000000	253	250	45	51.250000	 20342213.7967276461
   417213.0000002105	   814843.3457031250	   814843.0000000000	354	251	45	51.000000	 20342514.1187182590
   417214.0000001526	   813282.3056640625	   813282.0000000000	313	250	45	51.000000	 20342814.9921859838
   417215.0000000949	   811721.4140625000	   811721.0000000000	424	250	45	51.000000	 20343116.0785465129
   417216.0000002114	   810160.9501953125	   810160.0000000000	973	251	45	50.750000	 20343416.8612231314
   417217.0000001537	   808600.3662109375	   808600.0000000000	375	250	45	50.750000	 20343717.6788500473
   417218.0000000974	   807039.9228515625	   807039.0000000000	945	250	45	51.000000	 20344019.6132915281
   417219.0000002147	   805479.8798828125	   805479.0000000000	901	251	45	51.000000	 20344321.4988227561
   417220.0000001574	   803919.7656250000	   803919.0000000000	784	250	45	51.000000	 20344623.5484361127
   417221.0000001009	   802359.7675781250	   802359.0000000000	786	250	45	51.250000	 20344925.9854444191
   417222.0000002194	   800800.1181640625	   800800.0000000000	121	251	45	51.500000	 20345228.8097979128
   417223.0000001628	   799240.3886718750	   799240.0000000000	398	250	45	51.250000	 20345531.6586317606
   417224.0000001055	   797680.8164062500	   797680.0000000000	836	250	45	51.250000	 20345833.5826034062
   417225.0000002236	   796121.5966796875	   796121.0000000000	611	251	45	51.250000	 20346135.8555296138
   417226.0000001674	   794562.2568359375	   794562.0000000000	263	250	45	51.250000	 20346438.2366970740
   417227.0000001115	   793003.0449218750	   793003.0000000000	46	250	45	51.500000	 20346740.4363820478
   417228.0000002309	   791444.2714843750	   791444.0000000000	278	251	45	51.250000	 20347043.0932130106
   417229.0000001757	   789885.3759765625	   789885.0000000000	385	250	45	51.250000	 20347345.4848503768
   417230.0000001217	   788326.6679687500	   788326.0000000000	684	250	45	51.000000	 20347648.5291261151
   417231.0000002424	   786768.3632812500	   786768.0000000000	372	251	45	51.250000	 20347951.3185784742
   417232.0000001880	   785209.9560546875	   785209.0000000000	979	250	45	51.250000	 20348253.6508848071
   417233.0000001340	   783651.7265625000	   783651.0000000000	744	250	45	51.250000	 20348556.2833350301
   417234.0000002558	   782093.8564453125	   782093.0000000000	877	251	45	51.250000	 20348859.6730751395
   417235.0000002015	   780535.8867187500	   780535.0000000000	908	250	45	51.250000	 20349162.6300998218
   417236.0000001484	   778978.1054687500	   778978.0000000000	108	250	45	51.250000	 20349465.9535790756
   417237.0000000939	   777420.5039062500	   777420.0000000000	516	250	45	51.250000	 20349768.6977109537
   417238.0000002144	   775863.2529296875	   775863.0000000000	259	251	45	51.000000	 20350071.3999122232
   417239.0000001615	   774305.9248046875	   774305.0000000000	947	250	45	51.250000	 20350374.9362842441
   417240.0000001085	   772748.7197265625	   772748.0000000000	737	250	45	51.000000	 20350678.5633975491
   417241.0000002310	   771191.9589843750	   771191.0000000000	982	251	45	51.250000	 20350982.7174577788
   417242.0000001774	   769635.0517578125	   769635.0000000000	53	250	45	51.000000	 20351286.0444271900
   417243.0000001249	   768078.2919921875	   768078.0000000000	299	250	45	51.250000	 20351589.5424086191
   417244.0000002480	   766521.9482421875	   766521.0000000000	971	251	45	51.000000	 20351893.7453292832
   417245.0000001962	   764965.5273437500	   764965.0000000000	540	250	45	51.250000	 20352197.8819890879
   417246.0000001435	   763409.2304687500	   763409.0000000000	236	250	45	51.250000	 20352501.5963534787
   417247.0000000914	   761853.1074218750	   761853.0000000000	110	250	45	51.250000	 20352805.5026702657
   417248.0000002158	   760297.3564453125	   760297.0000000000	365	251	45	51.000000	 20353109.6776702031
   417249.0000001656	   758741.5419921875	   758741.0000000000	555	250	45	51.250000	 20353414.4285777882
   417250.0000001160	   757185.8828125000	   757185.0000000000	904	250	45	51.250000	 20353719.2283458672
   417251.0000002397	   755630.6025390625	   755630.0000000000	617	251	45	51.250000	 20354023.8919525705
   417252.0000001886	   754075.2802734375	   754075.0000000000	287	250	45	51.250000	 20354328.9534746185
   417253.0000001360	   752520.1347656250	   752520.0000000000	138	250	45	51.250000	 20354632.9889232740
   417254.0000002599	   750965.3710937500	   750965.0000000000	380	251	45	51.000000	 20354937.7223308459
   417255.0000002096	   749410.5419921875	   749410.0000000000	555	250	45	51.000000	 20355241.8834205531
   417256.0000001587	   747855.8701171875	   747855.0000000000	891	250	45	50.750000	 20355545.8525578603
   417257.0000001085	   746301.4023437500	   746301.0000000000	412	250	45	50.500000	 20355849.9054560699
   417258.0000002327	   744747.3291015625	   744747.0000000000	337	251	45	50.500000	 20356154.1362968199
   417259.0000001825	   743193.1318359375	   743193.0000000000	135	250	45	50.500000	 20356458.6184707917
   417260.0000001328	   741639.0683593750	   741639.0000000000	70	250	45	50.500000	 20356763.3833384365
   417261.0000002576	   740085.4570312500	   740085.0000000000	468	251	45	50.500000	 20357067.9492235146
   417262.0000002087	   738531.7138671875	   738531.0000000000	731	250	45	50.500000	 20357373.6738537997
   417263.0000001610	   736978.1689453125	   736978.0000000000	173	250	45	50.750000	 20357679.3356628977
   417264.0000001123	   735424.7998046875	   735424.0000000000	819	250	45	50.750000	 20357985.1126438342
   417265.0000002382	   733871.8037109375	   733871.0000000000	823	251	45	50.750000	 20358290.4568090290
   417266.0000001895	   732318.7480468750	   732318.0000000000	766	250	45	50.750000	 20358596.0732478537
   417267.0000001411	   730765.8173828125	   730765.0000000000	837	250	45	50.750000	 20358901.5256543383
   417268.0000000936	   729213.0585937500	   729213.0000000000	60	250	45	50.750000	 20359207.8121817820
   417269.0000002200	   727660.6972656250	   727660.0000000000	714	251	45	51.000000	 20359513.5646823645
   417270.0000001717	   726108.2363281250	   726108.0000000000	242	250	45	51.000000	 20359819.9105408080
   417271.0000001242	   724555.9746093750	   724555.0000000000	998	250	45	51.000000	 20360126.7519857287
   417272.0000002512	   723004.1406250000	   723004.0000000000	144	251	45	51.250000	 20360433.2688063681
   417273.0000002040	   721452.2412109375	   721452.0000000000	247	250	45	51.000000	 20360740.2149525918
   417274.0000001566	   719900.5009765625	   719900.0000000000	513	250	45	51.000000	 20361046.5363804735
   417275.0000001093	   718349.0322265625	   718349.0000000000	33	250	45	51.250000	 20361353.1788926199
   417276.0000002367	   716797.9296875000	   716797.0000000000	952	251	45	51.250000	 20361659.5316809490
   417277.0000001900	   715246.7744140625	   715246.0000000000	793	250	45	51.250000	 20361966.0450612269
   417278.0000001442	   713695.7617187500	   713695.0000000000	780	250	45	51.000000	 20362272.4258194380
   417279.0000000987	   712144.8818359375	   712144.0000000000	903	250	45	51.000000	 20362579.0194704570
   417280.0000002273	   710594.4580078125	   710594.0000000000	469	251	45	51.250000	 20362885.4350792803
   417281.0000001814	   709043.9023437500	   709043.0000000000	924	250	45	51.000000	 20363191.3342110775
   417282.0000001358	   707493.5224609375	   707493.0000000000	535	250	45	51.000000	 20363498.0535037741
   417283.0000000905	   705943.3730468750	   705943.0000000000	382	250	45	51.000000	 20363804.9856892750
   417284.0000002201	   704393.5957031250	   704393.0000000000	610	251	45	51.000000	 20364112.1446778141
   417285.0000001750	   702843.7236328125	   702843.0000000000	741	250	45	50.750000	 20364419.5759399459
   417286.0000001307	   701294.0957031250	   701294.0000000000	98	250	45	51.000000	 20364727.2689553462
   417287.0000002601	   699744.9238281250	   699744.0000000000	946	251	45	51.000000	 20365034.7699685246
   417288.0000002150	   698195.6455078125	   698195.0000000000	661	250	45	50.750000	 20365342.3617728092
   417289.0000001707	   696646.5097656250	   696646.0000000000	522	250	45	51.000000	 20365649.5906120092
   417290.0000001263	   695097.6083984375	   695097.0000000000	623	250	45	50.750000	 20365957.0881848596
   417291.0000002569	   693549.0615234375	   693549.0000000000	63	251	45	50.750000	 20366264.5438270643
   417292.0000002126	   692000.4453125000	   692000.0000000000	456	250	45	50.750000	 20366572.6486680098
   417293.0000001685	   690452.0253906250	   690452.0000000000	26	250	45	50.750000	 20366880.6627677083
   417294.0000001247	   688903.8066406250	   688903.0000000000	826	250	45	50.750000	 20367188.7815686800
   417295.0000002557	   687355.9755859375	   687355.0000000000	999	251	45	50.750000	 20367496.7886382081
   417296.0000002122	   685808.0839843750	   685808.0000000000	86	250	45	50.750000	 20367804.9946903028
   417297.0000001696	   684260.3750000000	   684260.0000000000	384	250	45	50.500000	 20368113.4450454116
   417298.0000001270	   682712.8994140625	   682712.0000000000	921	250	45	50.500000	 20368421.9128507711
   417299.0000002600	   681165.7666015625	   681165.0000000000	785	251	45	50.500000	 20368730.2270438373
   417300.0000002189	   679618.5019531250	   679618.0000000000	514	250	45	50.750000	 20369039.0229131430
   417301.0000001780	   678071.4287109375	   678071.0000000000	439	250	45	50.500000	 20369348.1398667172
   417302.0000001366	   676524.5058593750	   676524.0000000000	518	250	45	50.500000	 20369657.2428602651
   417303.0000000947	   674977.8007812500	   674977.0000000000	820	250	45	50.750000	 20369965.9375184216
   417304.0000002285	   673431.5527343750	   673431.0000000000	566	251	45	50.500000	 20370274.4785643183
   417305.0000001876	   671885.3144531250	   671885.0000000000	322	250	45	50.500000	 20370583.4698762111
   417306.0000001470	   670339.2021484375	   670339.0000000000	207	250	45	50.500000	 20370892.5484391600
   417307.0000001049	   668793.2880859375	   668793.0000000000	295	250	45	50.500000	 20371201.7282139547
   417308.0000002381	   667247.8046875000	   667247.0000000000	824	251	45	50.500000	 20371510.8102172688
   417309.0000001963	   665702.2187500000	   665702.0000000000	224	250	45	50.500000	 20371820.3808772005
   417310.0000001552	   664156.8007812500	   664156.0000000000	820	250	45	50.750000	 20372130.0352980345
   417311.0000001143	   662611.5185546875	   662611.0000000000	531	250	45	50.750000	 20372439.9933529459
   417312.0000002481	   661066.6542968750	   661066.0000000000	670	251	45	51.000000	 20372749.8571265675
   417313.0000002082	   659521.7324218750	   659521.0000000000	750	250	45	51.000000	 20373059.9687432498
   417314.0000001679	   657977.0078125000	   657977.0000000000	8	250	45	51.000000	 20373370.0105590634
   417315.0000001281	   656432.4941406250	   656432.0000000000	506	250	45	51.250000	 20373679.8708923161
   417316.0000000887	   654888.1201171875	   654888.0000000000	123	250	45	51.000000	 20373990.1744613945
   417317.0000002229	   653344.1533203125	   653344.0000000000	157	251	45	51.000000	 20374299.8567524925
   417318.0000001831	   651800.1025390625	   651800.0000000000	105	250	45	50.750000	 20374609.1447180510
   417319.0000001433	   650256.2236328125	   650256.0000000000	229	250	45	50.750000	 20374918.7537679113
   417320.0000001038	   648712.5156250000	   648712.0000000000	528	250	45	50.750000	 20375229.2911701687
   417321.0000002390	   647169.2109375000	   647169.0000000000	216	251	45	51.000000	 20375539.4132068977
   417322.0000001999	   645625.9062500000	   645625.0000000000	928	250	45	51.000000	 20375849.8040270656
   417323.0000001617	   644082.7373046875	   644082.0000000000	755	250	45	51.000000	 20376160.1529664174
   417324.0000001233	   642539.7294921875	   642539.0000000000	747	250	45	51.000000	 20376470.7357389778
   417325.0000002598	   640997.2148437500	   640997.0000000000	220	251	45	51.000000	 20376781.5453145467
   417326.0000002202	   639454.6357421875	   639454.0000000000	651	250	45	51.250000	 20377092.1909082979
   417327.0000001806	   637912.2998046875	   637912.0000000000	307	250	45	51.250000	 20377402.9970441684
   417328.0000001421	   636370.0585937500	   636370.0000000000	60	250	45	51.250000	 20377713.4018243626
   417329.0000001049	   634828.0595703125	   634828.0000000000	61	250	45	51.250000	 20378024.7803272605
   417330.0000002410	   633286.5332031250	   633286.0000000000	546	251	45	51.000000	 20378335.3246594034
   417331.0000002036	   631744.9003906250	   631744.0000000000	922	250	45	51.000000	 20378646.2040856369
   417332.0000001675	   630203.4287109375	   630203.0000000000	439	250	45	51.000000	 20378957.3417749740
   417333.0000001311	   628662.2480468750	   628662.0000000000	254	250	45	51.250000	 20379268.8214889914
   417334.0000000942	   627121.2138671875	   627121.0000000000	219	250	45	51.000000	 20379580.4128846899
   417335.0000002328	   625580.5673828125	   625580.0000000000	581	251	45	51.250000	 20379892.5661277212
   417336.0000001954	   624039.8310546875	   624039.0000000000	851	250	45	50.750000	 20380204.1610135809
   417337.0000001583	   622499.4042968750	   622499.0000000000	414	250	45	51.000000	 20380515.7000585943
   417338.0000001217	   620959.1445312500	   620959.0000000000	148	250	45	51.000000	 20380827.1099717356
   417339.0000002606	   619419.2890625000	   619419.0000000000	296	251	45	50.750000	 20381139.2073739246
   417340.0000002245	   617879.3593750000	   617879.0000000000	368	250	45	50.750000	 20381450.3450632654
   417341.0000001887	   616339.6484375000	   616339.0000000000	664	250	45	50.750000	 20381762.2680131011
   417342.0000001521	   614800.0341796875	   614800.0000000000	35	250	45	50.750000	 20382073.8384683952
   417343.0000001167	   613260.6298828125	   613260.0000000000	645	250	45	50.750000	 20382385.6148361117
   417344.0000002561	   611721.6533203125	   611721.0000000000	669	251	45	50.750000	 20382697.7087481096
   417345.0000002199	   610182.5986328125	   610182.0000000000	613	250	45	51.000000	 20383009.6526383236
   417346.0000001850	   608643.8388671875	   608643.0000000000	859	250	45	51.000000	 20383322.5877014548
   417347.0000001510	   607105.2216796875	   607105.0000000000	227	250	45	51.000000	 20383636.0707017146
   417348.0000001174	   605566.8662109375	   605566.0000000000	887	250	45	51.000000	 20383949.3896696381
   417349.0000002590	   604028.8935546875	   604028.0000000000	915	251	45	51.000000	 20384261.6999639310
   417350.0000002263	   602490.8789062500	   602490.0000000000	900	250	45	50.750000	 20384575.1375931874
   417351.0000001922	   600953.0048828125	   600953.0000000000	5	250	45	50.750000	 20384887.7445917055
   417352.0000001577	   599415.3710937500	   599415.0000000000	380	250	45	50.750000	 20385200.8018063642
   417353.0000001231	   597877.9267578125	   597877.0000000000	949	250	45	50.500000	 20385513.2168524526
   417354.0000000898	   596340.6962890625	   596340.0000000000	713	250	45	50.750000	 20385826.2112459205
   417355.0000002314	   594803.9326171875	   594803.0000000000	955	251	45	50.750000	 20386139.3800917380
   417356.0000001971	   593267.0986328125	   593267.0000000000	101	250	45	50.500000	 20386451.7741974555
   417357.0000001642	   591730.4267578125	   591730.0000000000	437	250	45	50.500000	 20386765.0163841248
   417358.0000001299	   590193.9951171875	   590193.0000000000	1019	250	45	50.500000	 20387077.6792234555
   417359.0000000951	   588657.7509765625	   588657.0000000000	769	250	45	50.500000	 20387389.9337274283
   417360.0000002366	   587121.9589843750	   587121.0000000000	982	251	45	50.250000	 20387703.2282149605
   417361.0000002025	   585586.1005859375	   585586.0000000000	103	250	45	50.500000	 20388016.1039470583
   417362.0000001679	   584050.5000000000	   584050.0000000000	512	250	45	50.250000	 20388329.5555370413
   417363.0000001339	   582515.0781250000	   582515.0000000000	80	250	45	50.500000	 20388643.4678130671
   417364.0000001002	   580979.9199218750	   580979.0000000000	942	250	45	50.750000	 20388956.8949724846
   417365.0000002427	   579445.1982421875	   579445.0000000000	203	251	45	50.500000	 20389271.4703069590
   417366.0000002104	   577910.4003906250	   577910.0000000000	410	250	45	50.750000	 20389586.3353652433
   417367.0000001774	   576375.7890625000	   576375.0000000000	808	250	45	50.750000	 20389900.6873868704
   417368.0000001446	   574841.3964843750	   574841.0000000000	406	250	45	50.750000	 20390214.9486672468
   417369.0000001122	   573307.2343750000	   573307.0000000000	240	250	45	50.500000	 20390529.3495493345
   417370.0000002549	   571773.5800781250	   571773.0000000000	594	251	45	50.750000	 20390843.4397672378
   417371.0000002226	   570239.8378906250	   570239.0000000000	858	250	45	50.500000	 20391157.8406493254
   417372.0000001907	   568706.3291015625	   568706.0000000000	337	250	45	50.500000	 20391472.1123995408
   417373.0000001592	   567173.0468750000	   567173.0000000000	48	250	45	50.500000	 20391786.7575847097
   417374.0000001278	   565639.9072265625	   565639.0000000000	929	250	45	50.500000	 20392100.8827528395
   417375.0000000968	   564107.0126953125	   564107.0000000000	13	250	45	50.500000	 20392415.8280818649
   417376.0000002410	   562574.5849609375	   562574.0000000000	599	251	45	50.500000	 20392730.6407390088
   417377.0000002101	   561042.0751953125	   561042.0000000000	77	250	45	50.250000	 20393045.4778765738
   417378.0000001796	   559509.7705078125	   559509.0000000000	789	250	45	50.250000	 20393360.3115239479
   417379.0000001495	   557977.6103515625	   557977.0000000000	625	250	45	50.250000	 20393674.9462385476
   417380.0000001194	   556445.7138671875	   556445.0000000000	731	250	45	50.250000	 20393990.7605889700
   417381.0000000887	   554914.0107421875	   554914.0000000000	11	250	45	50.500000	 20394306.2224448472
   417382.0000002346	   553382.7285156250	   553382.0000000000	746	251	45	50.500000	 20394621.8273421675
   417383.0000002041	   551851.3837890625	   551851.0000000000	393	250	45	50.250000	 20394936.7866312563
   417384.0000001745	   550320.3134765625	   550320.0000000000	321	250	45	50.250000	 20395252.0251237974
   417385.0000001458	   548789.4492187500	   548789.0000000000	460	250	45	50.500000	 20395566.6493678913
   417386.0000001169	   547258.7783203125	   547258.0000000000	797	250	45	50.000000	 20395881.5423455685
   417387.0000000881	   545728.3515625000	   545728.0000000000	360	250	45	50.250000	 20396196.8645990379
   417388.0000002342	   544198.4287109375	   544198.0000000000	439	251	45	50.250000	 20396512.5218470097
   417389.0000002043	   542668.5390625000	   542668.0000000000	552	250	45	50.250000	 20396828.1023642570
   417390.0000001752	   541138.8730468750	   541138.0000000000	894	250	45	50.500000	 20397144.6251939274
   417391.0000001456	   539609.4648437500	   539609.0000000000	476	250	45	50.750000	 20397461.1340635680
   417392.0000001155	   538080.2675781250	   538080.0000000000	274	250	45	50.500000	 20397776.6622301303
   417393.0000002614	   536551.4921875000	   536551.0000000000	504	251	45	50.500000	 20398091.9809436202
   417394.0000002327	   535022.7265625000	   535022.0000000000	744	250	45	50.500000	 20398408.4653826617
   417395.0000002047	   533494.2353515625	   533494.0000000000	241	250	45	50.750000	 20398725.0510328561
   417396.0000001753	   531965.9843750000	   531965.0000000000	1008	250	45	50.500000	 20399041.1829773895
   417397.0000001464	   530437.9013671875	   530437.0000000000	923	250	45	50.750000	 20399357.3463321701
   417398.0000001195	   528910.0273437500	   528910.0000000000	28	250	45	50.500000	 20399674.6753620431
   417399.0000000924	   527382.3945312500	   527382.0000000000	404	250	45	50.750000	 20399991.3622233532
   417400.0000002406	   525855.2197265625	   525855.0000000000	225	251	45	50.500000	 20400308.5411311276
   417401.0000002137	   524328.0283203125	   524328.0000000000	29	250	45	50.750000	 20400626.0132529028
   417402.0000001874	   522801.1152343750	   522801.0000000000	118	250	45	50.750000	 20400944.2147943638
   417403.0000001609	   521274.4189453125	   521274.0000000000	429	250	45	50.750000	 20401261.5228838325
   417404.0000001341	   519748.0126953125	   519748.0000000000	13	250	45	50.750000	 20401578.4575383477
   417405.0000001058	   518221.8701171875	   518221.0000000000	891	250	45	50.250000	 20401894.7953953035
   417406.0000002537	   516696.1572265625	   516696.0000000000	161	251	45	50.500000	 20402211.7090596519
   417407.0000002275	   515170.4375000000	   515170.0000000000	448	250	45	50.500000	 20402528.8356665969
   417408.0000002019	   513644.9863281250	   513644.0000000000	1010	250	45	50.250000	 20402846.4055093303
   417409.0000001758	   512119.7236328125	   512119.0000000000	741	250	45	50.250000	 20403163.6752081737
   417410.0000001498	   510594.7978515625	   510594.0000000000	817	250	45	50.000000	 20403481.8383590095
   417411.0000001242	   509070.0888671875	   509070.0000000000	91	250	45	50.500000	 20403799.7118357904
   417412.0000000985	   507545.7177734375	   507545.0000000000	735	250	45	50.500000	 20404118.3915134780
   417413.0000002469	   506021.8007812500	   506021.0000000000	820	251	45	50.750000	 20404436.6244153604
   417414.0000002214	   504497.8916015625	   504497.0000000000	913	250	45	50.500000	 20404755.5169858523
   417415.0000001954	   502974.2246093750	   502974.0000000000	230	250	45	50.000000	 20405073.8232285865
   417416.0000001692	   501450.7695312500	   501450.0000000000	788	250	45	49.750000	 20405391.6478449069
   417417.0000001424	   499927.5185546875	   499927.0000000000	531	250	45	50.000000	 20405709.8528765254
   417418.0000001169	   498404.5507812500	   498404.0000000000	564	250	45	50.500000	 20406028.6198053025
   417419.0000000912	   496881.8251953125	   496881.0000000000	845	250	45	50.500000	 20406346.8702071942
   417420.0000002415	   495359.8066406250	   495359.0000000000	826	251	45	50.250000	 20406664.8029645160
   417421.0000002165	   493837.3613281250	   493837.0000000000	370	250	45	50.250000	 20406982.5647596456
   417422.0000001924	   492314.9101562500	   492314.0000000000	932	250	45	50.250000	 20407300.4452161416
   417423.0000001672	   490792.4257812500	   490792.0000000000	436	250	45	49.750000	 20407618.8352197781
   417424.0000001430	   489270.2470703125	   489270.0000000000	253	250	45	50.250000	 20407937.1100516021
   417425.0000001196	   487748.0712890625	   487748.0000000000	73	250	45	50.000000	 20408255.7897285894
   417426.0000000963	   486225.6699218750	   486225.0000000000	686	250	45	50.000000	 20408574.7555894405
   417427.0000002496	   484703.5966796875	   484703.0000000000	611	251	45	50.000000	 20408894.5974015445
   417428.0000002254	   483181.6289062500	   483181.0000000000	644	250	45	51.250000	 20409213.6051431820
   417429.0000002020	   481659.3750000000	   481659.0000000000	384	250	45	51.000000	 20409532.2673699521
   417430.0000001798	   480136.4873046875	   480136.0000000000	499	250	45	51.250000	 20409851.9940607026
   417431.0000001577	   478613.4589843750	   478613.0000000000	470	250	45	50.500000	 20410172.2023778372
   417432.0000001349	   477089.7109375000	   477089.0000000000	728	250	45	50.250000	 20410491.1821987182
   417433.0000001132	   475566.0771484375	   475566.0000000000	79	250	45	50.750000	 20410810.6192154475
   417434.0000000907	   474043.1748046875	   474043.0000000000	179	250	45	51.000000	 20411129.4350039884
   417435.0000002451	   472520.6083984375	   472520.0000000000	623	251	45	51.500000	 20411449.4478280805
   417436.0000002244	   470998.0156250000	   470998.0000000000	16	250	45	50.750000	 20411769.5025827810
   417437.0000002034	   469476.0312500000	   469476.0000000000	32	250	45	51.000000	 20412089.7388200350
   417438.0000001817	   467954.0878906250	   467954.0000000000	90	250	45	51.500000	 20412409.8912963606
   417439.0000001621	   466431.2597656250	   466431.0000000000	266	250	45	51.500000	 20412729.5621455722
   417440.0000001440	   464909.4179687500	   464909.0000000000	428	250	45	51.500000	 20413050.6708937138
   417441.0000001220	   463388.3222656250	   463388.0000000000	330	250	45	51.250000	 20413370.4673853368
   417442.0000000998	   461867.3066406250	   461867.0000000000	314	250	45	50.750000	 20413689.7648002915
   417443.0000002547	   460346.7968750000	   460346.0000000000	816	251	45	51.000000	 20414010.0952184945
   417444.0000002343	   458826.4785156250	   458826.0000000000	490	250	45	51.000000	 20414330.3803162128
   417445.0000002146	   457306.1396484375	   457306.0000000000	143	250	45	50.250000	 20414650.8399160765
   417446.0000001946	   455785.8359375000	   455785.0000000000	856	250	45	49.500000	 20414970.9784317091
   417447.0000001749	   454266.1591796875	   454266.0000000000	163	250	45	49.750000	 20415291.4380315728
   417448.0000001548	   452746.7167968750	   452746.0000000000	734	250	45	49.500000	 20415611.9534723125
   417449.0000001345	   451228.0791015625	   451228.0000000000	81	250	45	49.750000	 20415932.2734704651
   417450.0000001146	   449709.5146484375	   449709.0000000000	527	250	45	49.250000	 20416252.1258022003
   417451.0000000959	   448192.1386718750	   448192.0000000000	142	250	45	49.750000	 20416574.1873333044
   417452.0000002506	   446675.1708984375	   446675.0000000000	175	251	45	52.000000	 20416895.3239524104
   417453.0000002308	   445157.6289062500	   445157.0000000000	644	250	45	51.750000	 20417216.1953778192
   417454.0000002119	   443640.3242187500	   443640.0000000000	332	250	45	52.000000	 20417537.3634569608
   417455.0000001923	   442123.5937500000	   442123.0000000000	608	250	45	51.500000	 20417859.1632348001
   417456.0000001714	   440607.5546875000	   440607.0000000000	568	250	45	51.750000	 20418179.4343724921
   417457.0000001512	   439091.9853515625	   439091.0000000000	1009	250	45	51.250000	 20418500.7734642886
   417458.0000001317	   437575.7167968750	   437575.0000000000	734	250	45	51.250000	 20418821.8752327487
   417459.0000001129	   436058.4990234375	   436058.0000000000	511	250	45	50.750000	 20419143.3469459414
   417460.0000000937	   434541.3476562500	   434541.0000000000	356	250	45	51.250000	 20419464.8570497595
   417461.0000002496	   433024.6259765625	   433024.0000000000	641	251	45	51.000000	 20419786.0390391052
   417462.0000002303	   431508.2773437500	   431508.0000000000	284	250	45	50.500000	 20420107.8004263490
   417463.0000002115	   429992.1386718750	   429992.0000000000	142	250	45	51.000000	 20420429.2546893246
   417464.0000001926	   428475.8066406250	   428475.0000000000	826	250	45	50.500000	 20420750.5484101474
   417465.0000001736	   426959.6376953125	   426959.0000000000	653	250	45	50.750000	 20421072.2539565489
   417466.0000001561	   425443.3798828125	   425443.0000000000	389	250	45	50.000000	 20421393.9664826319
   417467.0000001381	   423928.0839843750	   423928.0000000000	86	250	45	50.250000	 20421716.2548665665
   417468.0000001207	   422413.6972656250	   422413.0000000000	714	250	45	50.250000	 20422038.5921109654
   417469.0000001037	   420900.3505859375	   420900.0000000000	359	250	45	51.250000	 20422361.7320660762
   417470.0000002594	   419388.0488281250	   419388.0000000000	50	251	45	51.750000	 20422683.8807984442
   417471.0000002411	   417875.4111328125	   417875.0000000000	421	250	45	51.250000	 20423006.3506649360
   417472.0000002232	   416362.8964843750	   416362.0000000000	918	250	45	51.250000	 20423328.5308573730
   417473.0000002052	   414850.5468750000	   414850.0000000000	560	250	45	51.000000	 20423650.3725153282
   417474.0000001872	   413338.5371093750	   413338.0000000000	550	250	45	50.750000	 20423972.6608992629
   417475.0000001695	   411826.8964843750	   411826.0000000000	918	250	45	51.000000	 20424295.7519938797
   417476.0000001530	   410314.8955078125	   410314.0000000000	917	250	45	50.750000	 20424618.7802673392
   417477.0000001377	   408803.1601562500	   408803.0000000000	164	250	45	50.250000	 20424942.2831868306
   417478.0000001211	   407291.9560546875	   407291.0000000000	979	250	45	49.750000	 20425265.2765598223
   417479.0000001041	   405780.8632812500	   405780.0000000000	884	250	45	50.250000	 20425588.1652315408
   417480.0000002620	   404270.3476562500	   404270.0000000000	356	251	45	50.500000	 20425911.6576313712
   417481.0000002454	   402759.4267578125	   402759.0000000000	437	250	45	50.500000	 20426234.9371881932
   417482.0000002295	   401249.0605468750	   401249.0000000000	62	250	45	50.000000	 20426558.5692395940
   417483.0000002135	   399738.6718750000	   399738.0000000000	688	250	45	50.250000	 20426882.1663905233
   417484.0000001967	   398229.0341796875	   398229.0000000000	35	250	45	49.500000	 20427205.5366886556
   417485.0000001814	   396719.2519531250	   396719.0000000000	258	250	45	49.500000	 20427529.7725179940
   417486.0000001652	   395209.6621093750	   395209.0000000000	678	250	45	50.750000	 20427852.7275003605
   417487.0000001499	   393700.8984375000	   393700.0000000000	920	250	45	50.500000	 20428176.6945960857
   417488.0000001336	   392192.4599609375	   392192.0000000000	471	250	45	50.500000	 20428499.4890363365
   417489.0000001193	   390684.2763671875	   390684.0000000000	283	250	45	50.500000	 20428823.0198758841
   417490.0000001041	   389176.7021484375	   389176.0000000000	719	250	45	50.250000	 20429147.2906056605
   417491.0000000885	   387669.7060546875	   387669.0000000000	723	250	45	50.250000	 20429471.7253677398
   417492.0000002480	   386163.5947265625	   386163.0000000000	609	251	45	50.500000	 20429796.5649251938
   417493.0000002329	   384658.4755859375	   384658.0000000000	487	250	45	50.750000	 20430122.3014746234
   417494.0000002168	   383154.7558593750	   383154.0000000000	774	250	45	51.000000	 20430447.4202860519
   417495.0000002001	   381651.9160156250	   381651.0000000000	938	250	45	50.750000	 20430772.2564038076
   417496.0000001846	   380149.2871093750	   380149.0000000000	294	250	45	51.000000	 20431097.2984340191
   417497.0000001686	   378646.6201171875	   378646.0000000000	635	250	45	50.750000	 20431421.8797782212
   417498.0000001528	   377143.9882812500	   377143.0000000000	1012	250	45	51.000000	 20431747.2638331056
   417499.0000001375	   375641.7060546875	   375641.0000000000	723	250	45	51.000000	 20432072.5013058670
   417500.0000001229	   374139.2480468750	   374139.0000000000	254	250	45	51.000000	 20432397.9656314924
   417501.0000001082	   372636.8466796875	   372636.0000000000	867	250	45	51.000000	 20432723.3776064329
   417502.0000000933	   371133.7294921875	   371133.0000000000	747	250	45	51.250000	 20433048.4510468915
   417503.0000002538	   369629.8046875000	   369629.0000000000	824	251	45	50.500000	 20433373.6047082618
   417504.0000002399	   368126.0722656250	   368126.0000000000	74	250	45	50.750000	 20433699.2609862834
   417505.0000002247	   366623.2578125000	   366623.0000000000	264	250	45	51.500000	 20434024.0866335034
   417506.0000002081	   365120.3144531250	   365120.0000000000	322	250	45	51.000000	 20434348.6540176459
   417507.0000001930	   363617.2324218750	   363617.0000000000	238	250	45	51.000000	 20434673.3889236152
   417508.0000001788	   362114.2226562500	   362114.0000000000	228	250	45	50.750000	 20434998.3855828568
   417509.0000001646	   360611.4277343750	   360611.0000000000	438	250	45	50.750000	 20435323.7940676399
   417510.0000001506	   359108.9326171875	   359108.0000000000	955	250	45	50.500000	 20435649.7190792747
   417511.0000001369	   357606.9755859375	   357606.0000000000	999	250	45	50.500000	 20435975.8744338937
   417512.0000001243	   356105.4531250000	   356105.0000000000	464	250	45	51.000000	 20436302.5044345856
   417513.0000001123	   354604.2753906250	   354604.0000000000	282	250	45	51.250000	 20436629.0053034052
   417514.0000000995	   353103.5576171875	   353103.0000000000	571	250	45	51.250000	 20436955.4224113263
   417515.0000002607	   351603.7451171875	   351603.0000000000	763	251	45	51.750000	 20437281.5009349398
   417516.0000002476	   350103.5927734375	   350103.0000000000	607	250	45	51.500000	 20437607.9564334527
   417517.0000002345	   348603.8222656250	   348603.0000000000	842	250	45	51.500000	 20437934.5899243318
   417518.0000002214	   347104.2587890625	   347104.0000000000	265	250	45	51.250000	 20438261.3490569293
   417519.0000002083	   345605.0488281250	   345605.0000000000	50	250	45	51.000000	 20438587.8045554422
   417520.0000001951	   344105.1337890625	   344105.0000000000	137	250	45	51.000000	 20438913.9738701247
   417521.0000001824	   342606.2480468750	   342606.0000000000	254	250	45	51.250000	 20439241.1238878556
   417522.0000001678	   341107.8691406250	   341107.0000000000	890	250	45	49.500000	 20439566.8743973114
   417523.0000001548	   339609.8554687500	   339609.0000000000	876	250	45	49.250000	 20439893.7940720245
   417524.0000001420	   338112.0156250000	   338112.0000000000	16	250	45	49.500000	 20440220.9266395383
   417525.0000001292	   336614.1416015625	   336614.0000000000	145	250	45	49.750000	 20440548.0766573027
   417526.0000001181	   335116.2929687500	   335116.0000000000	300	250	45	49.750000	 20440876.0014649630
   417527.0000001076	   333618.6123046875	   333618.0000000000	627	250	45	49.750000	 20441203.3853152059
   417528.0000000947	   332120.0751953125	   332120.0000000000	77	250	45	49.500000	 20441530.0711567402
   417529.0000002587	   330621.2197265625	   330621.0000000000	225	251	45	51.500000	 20441856.8267486542
   417530.0000002469	   329122.0214843750	   329122.0000000000	22	250	45	50.750000	 20442183.5579604954
   417531.0000002352	   327623.0087890625	   327623.0000000000	9	250	45	50.750000	 20442510.2891723029
   417532.0000002233	   326124.2578125000	   326124.0000000000	264	250	45	50.500000	 20442837.1460258551
   417533.0000002118	   324625.8271484375	   324625.0000000000	847	250	45	50.000000	 20443164.8055900596
   417534.0000002002	   323127.7236328125	   323127.0000000000	741	250	45	50.500000	 20443491.8753363825
   417535.0000001885	   321629.9169921875	   321629.0000000000	939	250	45	50.750000	 20443819.0358239859
   417536.0000001770	   320133.2558593750	   320133.0000000000	262	250	45	51.250000	 20444146.7128384411
   417537.0000001654	   318637.6806640625	   318637.0000000000	697	250	45	50.500000	 20444474.4980443567
   417538.0000001542	   317143.0166015625	   317143.0000000000	17	250	45	49.750000	 20444802.9603193104
   417539.0000001440	   315648.6953125000	   315648.0000000000	712	250	45	49.500000	 20445131.3074223846
   417540.0000001334	   314154.5107421875	   314154.0000000000	523	250	45	49.500000	 20445459.5323739350
   417541.0000001224	   312660.5712890625	   312660.0000000000	585	250	45	49.500000	 20445787.3315399140
   417542.0000001112	   311167.1796875000	   311167.0000000000	184	250	45	49.250000	 20446115.8112650476
   417543.0000001007	   309674.4414062500	   309674.0000000000	452	250	45	49.750000	 20446444.2142089680
   417544.0000000896	   308181.5976562500	   308181.0000000000	612	250	45	49.750000	 20446772.4252004884
   417545.0000002542	   306689.2480468750	   306689.0000000000	254	251	45	49.750000	 20447100.5174801871
   417546.0000002432	   305197.0185546875	   305197.0000000000	19	250	45	49.750000	 20447428.9239142612
   417547.0000002328	   303704.9218750000	   303704.0000000000	944	250	45	50.000000	 20447757.6304922625
   417548.0000002224	   302212.8154296875	   302212.0000000000	835	250	45	50.250000	 20448085.9077944644
   417549.0000002120	   300721.0664062500	   300721.0000000000	68	250	45	50.000000	 20448414.7574643642
   417550.0000002015	   299229.6582031250	   299229.0000000000	674	250	45	49.750000	 20448743.4465921111
   417551.0000001915	   297738.7802734375	   297738.0000000000	799	250	45	50.500000	 20449072.4184135348
   417552.0000001815	   296248.0156250000	   296248.0000000000	16	250	45	50.500000	 20449401.2471430264
   417553.0000001725	   294757.5830078125	   294757.0000000000	597	250	45	50.250000	 20449730.2294343188
   417554.0000001624	   293267.9775390625	   293267.0000000000	1001	250	45	50.500000	 20450059.1838055253
   417555.0000001515	   291778.1230468750	   291778.0000000000	126	250	45	50.500000	 20450387.8938736804
   417556.0000001422	   290288.3691406250	   290288.0000000000	378	250	45	50.750000	 20450717.3612815812
   417557.0000001319	   288798.7597656250	   288798.0000000000	778	250	45	50.500000	 20451045.6734842174
   417558.0000001223	   287310.3300781250	   287310.0000000000	338	250	45	50.500000	 20451376.3414682820
   417559.0000001136	   285823.3994140625	   285823.0000000000	409	250	45	51.000000	 20451706.9850218184
   417560.0000001052	   284337.1689453125	   284337.0000000000	173	250	45	51.000000	 20452037.7332766242
   417561.0000000959	   282850.7597656250	   282850.0000000000	778	250	45	51.000000	 20452368.2023279481
   417562.0000002615	   281365.2421875000	   281365.0000000000	248	251	45	51.000000	 20452698.3258146122
   417563.0000002536	   279879.8115234375	   279879.0000000000	831	250	45	51.000000	 20453028.9274873324
   417564.0000002456	   278395.0097656250	   278395.0000000000	10	250	45	51.000000	 20453359.9235353768
   417565.0000002367	   276910.2587890625	   276910.0000000000	265	250	45	51.250000	 20453690.5321884751
   417566.0000002293	   275425.5292968750	   275425.0000000000	542	250	45	51.000000	 20454021.7027386948
   417567.0000002199	   273939.5849609375	   273939.0000000000	599	250	45	51.000000	 20454351.4214299582
   417568.0000002130	   272452.9804687500	   272452.0000000000	1004	250	45	51.000000	 20454681.7822891511
   417569.0000002051	   270966.9873046875	   270966.0000000000	1011	250	45	50.500000	 20455012.6701456979
   417570.0000001958	   269481.5058593750	   269481.0000000000	518	250	45	51.000000	 20455342.8355629742
   417571.0000001876	   267996.0556640625	   267996.0000000000	57	250	45	50.750000	 20455672.6519751959
   417572.0000001811	   266510.7392578125	   266510.0000000000	757	250	45	50.750000	 20456003.4037195258
   417573.0000001735	   265025.5107421875	   265025.0000000000	523	250	45	50.750000	 20456333.9495513998
   417574.0000001643	   263540.8730468750	   263540.0000000000	894	250	45	50.750000	 20456665.0258708522
   417575.0000001568	   262056.6445312500	   262056.0000000000	660	250	45	50.750000	 20456996.3220627904
   417576.0000001488	   260572.5888671875	   260572.0000000000	603	250	45	51.000000	 20457327.4786529504
   417577.0000001412	   259089.2470703125	   259089.0000000000	253	250	45	51.250000	 20457659.0261283144
   417578.0000001337	   257606.4238281250	   257606.0000000000	434	250	45	51.000000	 20457990.1792283207
   417579.0000001263	   256123.6455078125	   256123.0000000000	661	250	45	51.250000	 20458321.9221462049
   417580.0000001186	   254641.2685546875	   254641.0000000000	275	250	45	51.000000	 20458653.3090794198
   417581.0000001110	   253158.8720703125	   253158.0000000000	893	250	45	50.750000	 20458984.4447292052
   417582.0000001038	   251676.8330078125	   251676.0000000000	853	250	45	50.500000	 20459316.2748982124
   417583.0000000964	   250194.9140625000	   250194.0000000000	936	250	45	50.750000	 20459647.4454484321
   417584.0000000902	   248713.4091796875	   248713.0000000000	419	250	45	50.250000	 20459979.7153630406
   417585.0000002563	   247232.3662109375	   247232.0000000000	375	251	45	50.750000	 20460311.5350123793
   417586.0000002474	   245751.0722656250	   245751.0000000000	74	250	45	50.750000	 20460642.1262152269
   417587.0000002417	   244269.8505859375	   244269.0000000000	871	250	45	50.500000	 20460973.9633639157
   417588.0000002359	   242788.7656250000	   242788.0000000000	784	250	45	50.250000	 20461305.9087040648
   417589.0000002298	   241308.0126953125	   241308.0000000000	13	250	45	50.500000	 20461638.4997029677
   417590.0000002231	   239827.8271484375	   239827.0000000000	847	250	45	50.500000	 20461971.0243911929
   417591.0000002170	   238348.0644531250	   238348.0000000000	66	250	45	50.750000	 20462303.3292062357
   417592.0000002111	   236868.5566406250	   236868.0000000000	570	250	45	50.750000	 20462635.6863719597
   417593.0000002050	   235389.8173828125	   235389.0000000000	837	250	45	50.500000	 20462968.2599206492
   417594.0000001984	   233911.2451171875	   233911.0000000000	251	250	45	50.750000	 20463300.2471415810
   417595.0000001928	   232433.2041015625	   232433.0000000000	209	250	45	50.750000	 20463633.4070179909
   417596.0000001863	   230955.2685546875	   230955.0000000000	275	250	45	51.000000	 20463965.7153232545
   417597.0000001799	   229477.7021484375	   229477.0000000000	719	250	45	50.750000	 20464298.9345306642
   417598.0000001734	   228000.2626953125	   228000.0000000000	269	250	45	50.750000	 20464631.0997439958
   417599.0000001675	   226522.9599609375	   226522.0000000000	983	250	45	50.500000	 20464962.8670917787
   417600.0000001629	   225045.7802734375	   225045.0000000000	799	250	45	50.250000	 20465295.6256125122
   417601.0000001572	   223568.9394531250	   223568.0000000000	962	250	45	50.250000	 20465628.3213127255
   417602.0000001513	   222092.3232421875	   222092.0000000000	331	250	45	50.250000	 20465961.8232138082
   417603.0000001454	   220614.8271484375	   220614.0000000000	847	250	45	50.250000	 20466294.5922050476
   417604.0000001406	   219138.1738281250	   219138.0000000000	178	250	45	51.000000	 20466627.6927504577
   417605.0000001357	   217662.4414062500	   217662.0000000000	452	250	45	50.750000	 20466962.3673069850
   417606.0000001299	   216187.0283203125	   216187.0000000000	29	250	45	51.500000	 20467295.8692080677
   417607.0000001244	   214711.8554687500	   214711.0000000000	876	250	45	51.500000	 20467629.7794445381
   417608.0000001205	   213237.1406250000	   213237.0000000000	144	250	45	51.750000	 20467964.4644709341
   417609.0000001145	   211762.9423828125	   211762.0000000000	965	250	45	51.500000	 20468298.3432971276
   417610.0000001083	   210289.2734375000	   210289.0000000000	280	250	45	51.500000	 20468632.3128645979
   417611.0000001008	   208816.2275390625	   208816.0000000000	233	250	45	51.250000	 20468965.7554353476
   417612.0000000937	   207343.8125000000	   207343.0000000000	832	250	45	51.000000	 20469298.4616060965
   417613.0000000881	   205871.4853515625	   205871.0000000000	497	250	45	50.750000	 20469631.7645744383
   417614.0000002607	   204399.6103515625	   204399.0000000000	625	251	45	51.500000	 20469965.4130064510
   417615.0000002574	   202927.6718750000	   202927.0000000000	688	250	45	50.500000	 20470299.8258090466
   417616.0000002540	   201455.6367187500	   201455.0000000000	652	250	45	50.500000	 20470634.0780694932
   417617.0000002501	   199983.6298828125	   199983.0000000000	645	250	45	50.000000	 20470968.6025537401
   417618.0000002454	   198512.0244140625	   198512.0000000000	25	250	45	49.500000	 20471303.3120107055
   417619.0000002409	   197040.6142578125	   197040.0000000000	629	250	45	50.250000	 20471638.2169102542
   417620.0000002360	   195569.8203125000	   195569.0000000000	840	250	45	50.500000	 20471972.4447408319
   417621.0000002318	   194099.3974609375	   194099.0000000000	407	250	45	50.250000	 20472306.6132403463
   417622.0000002288	   192628.4541015625	   192628.0000000000	465	250	45	50.000000	 20472642.0974872708
   417623.0000002254	   191157.7080078125	   191157.0000000000	725	250	45	51.000000	 20472977.3513911739
   417624.0000002202	   189687.1308593750	   189687.0000000000	134	250	45	49.500000	 20473312.0643383265
   417625.0000002153	   188217.1748046875	   188217.0000000000	179	250	45	50.000000	 20473647.4194540419
   417626.0000002112	   186747.9609375000	   186747.0000000000	984	250	45	50.250000	 20473981.9090378582
   417627.0000002070	   185279.0849609375	   185279.0000000000	87	250	45	50.250000	 20474316.9186387099
   417628.0000002025	   183810.1250000000	   183810.0000000000	128	250	45	50.250000	 20474651.1080786660
   417629.0000002003	   182341.1533203125	   182341.0000000000	157	250	45	50.250000	 20474985.9955272973
   417630.0000001981	   180872.3300781250	   180872.0000000000	338	250	45	50.000000	 20475321.3122517243
   417631.0000001951	   179403.8095703125	   179403.0000000000	829	250	45	49.750000	 20475656.6708569340
   417632.0000001914	   177935.6376953125	   177935.0000000000	653	250	45	49.750000	 20475992.1411437951
   417633.0000001886	   176467.8896484375	   176467.0000000000	911	250	45	50.000000	 20476328.1244673505
   417634.0000001852	   175000.6455078125	   175000.0000000000	661	250	45	49.750000	 20476664.3625644930
   417635.0000001816	   173533.9609375000	   173533.0000000000	984	250	45	50.000000	 20476999.9933935069
   417636.0000001785	   172067.8369140625	   172067.0000000000	857	250	45	49.750000	 20477336.1756498031
   417637.0000001754	   170602.2294921875	   170602.0000000000	235	250	45	50.000000	 20477672.6789904013
   417638.0000001729	   169137.1484375000	   169137.0000000000	152	250	45	50.000000	 20478009.0531990975
   417639.0000001702	   167672.5224609375	   167672.0000000000	535	250	45	49.750000	 20478345.2145150192
   417640.0000001676	   166208.3564453125	   166208.0000000000	365	250	45	49.750000	 20478681.4107313454
   417641.0000001640	   164744.6279296875	   164744.0000000000	643	250	45	49.500000	 20479017.3102940023
   417642.0000001598	   163281.3583984375	   163281.0000000000	367	250	45	49.750000	 20479353.7682642937
   417643.0000001554	   161818.5068359375	   161818.0000000000	519	250	45	49.750000	 20479690.2646251805
   417644.0000001517	   160356.1201171875	   160356.0000000000	123	250	45	49.750000	 20480026.5934635997
   417645.0000001479	   158894.1494140625	   158894.0000000000	153	250	45	49.500000	 20480362.4232253544
   417646.0000001448	   157432.6855468750	   157432.0000000000	702	250	45	49.500000	 20480698.7485735826
   417647.0000001412	   155971.6025390625	   155971.0000000000	617	250	45	49.250000	 20481034.3794025965
   417648.0000001381	   154510.9248046875	   154510.0000000000	947	250	45	49.000000	 20481369.7031073682
   417649.0000001350	   153050.6562500000	   153050.0000000000	672	250	45	49.250000	 20481705.9202641360
   417650.0000001318	   151590.8164062500	   151590.0000000000	836	250	45	49.500000	 20482043.2123553567
   417651.0000001278	   150131.3437500000	   150131.0000000000	352	250	45	49.500000	 20482380.5812278576
   417652.0000001239	   148672.2919921875	   148672.0000000000	299	250	45	49.500000	 20482717.5208245665
   417653.0000001197	   147213.5937500000	   147213.0000000000	608	250	45	49.250000	 20483053.9613446370
   417654.0000001161	   145755.2763671875	   145755.0000000000	283	250	45	49.000000	 20483391.3092767000
   417655.0000001130	   144297.3652343750	   144297.0000000000	374	250	45	49.000000	 20483728.2244428433
   417656.0000001104	   142839.8867187500	   142839.0000000000	908	250	45	49.000000	 20484065.6910362728
   417657.0000001083	   141382.8339843750	   141382.0000000000	854	250	45	49.000000	 20484403.4752237760
   417658.0000001055	   139926.0566406250	   139926.0000000000	58	250	45	48.750000	 20484741.4967346825
   417659.0000001034	   138469.6923828125	   138469.0000000000	709	250	45	49.250000	 20485079.5671060532
   417660.0000001011	   137013.7890625000	   137013.0000000000	808	250	45	48.750000	 20485417.7107684501
   417661.0000000981	   135558.2851562500	   135558.0000000000	292	250	45	48.750000	 20485756.0743040293
   417662.0000000945	   134103.1552734375	   134103.0000000000	159	250	45	48.750000	 20486093.2791441903
   417663.0000000923	   132648.4267578125	   132648.0000000000	437	250	45	48.500000	 20486431.4577070586
   417664.0000000895	   131194.0390625000	   131194.0000000000	40	250	45	48.750000	 20486769.4617677107
   417665.0000002620	   129740.2392578125	   129740.0000000000	245	251	45	48.500000	 20487107.4936986640
   417666.0000002591	   128286.5810546875	   128286.0000000000	595	250	45	48.750000	 20487445.8921346776
   417667.0000002547	   126833.3447265625	   126833.0000000000	353	250	45	48.750000	 20487784.1404990815
   417668.0000002501	   125380.4169921875	   125380.0000000000	427	250	45	48.750000	 20488121.1743272208
   417669.0000002460	   123927.9589843750	   123927.0000000000	982	250	45	48.500000	 20488459.6530346461
   417670.0000002415	   122475.9833984375	   122475.0000000000	1007	250	45	48.750000	 20488797.5628645644
   417671.0000002378	   121024.4687500000	   121024.0000000000	480	250	45	48.500000	 20489135.5739055984
   417672.0000002338	   119573.2910156250	   119573.0000000000	298	250	45	48.750000	 20489473.9269713052
   417673.0000002310	   118122.5322265625	   118122.0000000000	545	250	45	48.500000	 20489812.5208498724
   417674.0000002276	   116672.1826171875	   116672.0000000000	187	250	45	48.500000	 20490151.1915096901
   417675.0000002242	   115222.3505859375	   115222.0000000000	359	250	45	48.500000	 20490489.4328937456
   417676.0000002214	   113772.9472656250	   113772.0000000000	970	250	45	48.500000	 20490829.0284157693
   417677.0000002188	   112323.9931640625	   112323.0000000000	1017	250	45	48.750000	 20491168.8019301631
   417678.0000002158	   110875.4902343750	   110875.0000000000	502	250	45	48.500000	 20491508.5963849612
   417679.0000002120	   109427.3369140625	   109427.0000000000	345	250	45	48.750000	 20491848.1639869288
   417680.0000002082	   107979.5859375000	   107979.0000000000	600	250	45	48.750000	 20492188.0003225096
   417681.0000002042	   106532.1992187500	   106532.0000000000	204	250	45	48.500000	 20492527.3724818937
   417682.0000002002	   105085.2607421875	   105085.0000000000	267	250	45	48.500000	 20492867.1739170402
   417683.0000001965	   103638.8154296875	   103638.0000000000	835	250	45	48.500000	 20493206.0435095988
   417684.0000001923	   102192.8095703125	   102192.0000000000	829	250	45	48.500000	 20493544.9165923484
   417685.0000001891	   100747.1845703125	   100747.0000000000	189	250	45	48.500000	 20493884.2119705155
   417686.0000001864	    99302.0117187500	    99302.0000000000	12	250	45	48.500000	 20494223.9854849055
   417687.0000001831	    97857.2500000000	    97857.0000000000	256	250	45	48.500000	 20494563.8183302954
   417688.0000001793	    96412.8486328125	    96412.0000000000	869	250	45	48.500000	 20494903.6895663142
   417689.0000001761	    94968.8603515625	    94968.0000000000	881	250	45	48.250000	 20495243.4142202400
   417690.0000001726	    93525.2587890625	    93525.0000000000	265	250	45	48.500000	 20495582.9434315823
   417691.0000001697	    92082.0712890625	    92082.0000000000	73	250	45	48.250000	 20495923.1846123636
   417692.0000001664	    90639.3095703125	    90639.0000000000	317	250	45	48.500000	 20496263.3385420181
   417693.0000001633	    89196.9365234375	    89196.0000000000	959	250	45	48.500000	 20496603.5273721442
   417694.0000001608	    87754.9599609375	    87754.0000000000	983	250	45	48.500000	 20496943.7650627345
   417695.0000001581	    86313.3427734375	    86313.0000000000	351	250	45	48.250000	 20497283.8073107712
   417696.0000001554	    84872.1601562500	    84872.0000000000	164	250	45	48.500000	 20497624.4044762515
   417697.0000001524	    83431.3447265625	    83431.0000000000	353	250	45	48.500000	 20497965.5216587745
   417698.0000001490	    81990.9355468750	    81990.0000000000	958	250	45	48.500000	 20498306.4643391185
   417699.0000001455	    80550.9677734375	    80550.0000000000	991	250	45	48.500000	 20498646.9777437001
   417700.0000001414	    79111.4384765625	    79111.0000000000	449	250	45	48.500000	 20498987.4597380012
   417701.0000001373	    77672.3212890625	    77672.0000000000	329	250	45	48.500000	 20499327.4950063601
   417702.0000001334	    76233.5859375000	    76233.0000000000	600	250	45	48.500000	 20499668.1898934655
   417703.0000001299	    74795.1972656250	    74795.0000000000	202	250	45	48.750000	 20500009.2756657414
   417704.0000001267	    73357.2089843750	    73357.0000000000	214	250	45	48.500000	 20500350.4312388897
   417705.0000001235	    71919.5478515625	    71919.0000000000	561	250	45	48.750000	 20500691.9078963026
   417706.0000001204	    70482.2958984375	    70482.0000000000	303	250	45	48.750000	 20501033.6881877631
   417707.0000001171	    69045.4345703125	    69045.0000000000	445	250	45	48.750000	 20501375.5417703204
   417708.0000001134	    67608.9736328125	    67608.0000000000	997	250	45	48.750000	 20501717.1301093847
   417709.0000001097	    66172.8535156250	    66172.0000000000	874	250	45	48.500000	 20502058.5753565542
   417710.0000001069	    64737.1201171875	    64737.0000000000	123	250	45	48.500000	 20502400.0310735591
   417711.0000001038	    63301.7958984375	    63301.0000000000	815	250	45	48.750000	 20502742.0975488834
   417712.0000001015	    61866.8691406250	    61866.0000000000	890	250	45	48.500000	 20503083.6754174456
   417713.0000000994	    60432.3642578125	    60432.0000000000	373	250	45	48.750000	 20503426.0210962221
   417714.0000000957	    58998.2460937500	    58998.0000000000	252	250	45	48.750000	 20503767.6268855408
   417715.0000000928	    57564.5253906250	    57564.0000000000	538	250	45	48.750000	 20504109.1733438261
   417716.0000000894	    56131.1220703125	    56131.0000000000	125	250	45	48.750000	 20504450.7232922986
   417717.0000002615	    54698.3779296875	    54698.0000000000	387	251	45	48.500000	 20504792.6570957378
   417718.0000002582	    53265.7050781250	    53265.0000000000	722	250	45	48.750000	 20505134.9399540573
   417719.0000002559	    51833.4042968750	    51833.0000000000	414	250	45	48.750000	 20505477.6625579745
   417720.0000002530	    50401.5068359375	    50401.0000000000	519	250	45	49.000000	 20505819.7813839205
   417721.0000002506	    48969.9628906250	    48969.0000000000	986	250	45	49.000000	 20506162.3434457220
   417722.0000002484	    47538.7412109375	    47538.0000000000	759	250	45	49.000000	 20506504.9753083624
   417723.0000002468	    46107.9658203125	    46107.0000000000	989	250	45	49.000000	 20506848.0504068248
   417724.0000002443	    44677.5859375000	    44677.0000000000	600	250	45	49.250000	 20507190.7206600904
   417725.0000002424	    43247.5751953125	    43247.0000000000	589	250	45	49.000000	 20507534.1377832256
   417726.0000002400	    41817.8798828125	    41817.0000000000	901	250	45	49.250000	 20507877.4327548072
   417727.0000002374	    40388.5292968750	    40388.0000000000	542	250	45	49.250000	 20508220.3542914987
   417728.0000002343	    38959.4951171875	    38959.0000000000	507	250	45	49.250000	 20508563.4224102832
   417729.0000002306	    37530.8378906250	    37530.0000000000	858	250	45	49.250000	 20508906.2811264172
   417730.0000002279	    36102.5292968750	    36102.0000000000	542	250	45	49.250000	 20509249.7575805858
   417731.0000002251	    34674.6191406250	    34674.0000000000	634	250	45	49.500000	 20509593.2165845074
   417732.0000002231	    33247.0869140625	    33247.0000000000	89	250	45	49.500000	 20509936.5988072082
   417733.0000002215	    31819.9208984375	    31819.0000000000	943	250	45	49.500000	 20510280.9617329575
   417734.0000002190	    30393.0400390625	    30393.0000000000	41	250	45	49.500000	 20510624.3648960330
   417735.0000002172	    28966.5585937500	    28966.0000000000	572	250	45	49.250000	 20510968.0856532194
   417736.0000002146	    27540.4208984375	    27540.0000000000	431	250	45	49.250000	 20511311.4539158940
   417737.0000002122	    26114.6562500000	    26114.0000000000	672	250	45	49.000000	 20511655.4294466637
   417738.0000002090	    24689.2714843750	    24689.0000000000	278	250	45	49.250000	 20511998.4626650102
   417739.0000002062	    23264.1923828125	    23264.0000000000	197	250	45	49.000000	 20512342.3509446904
   417740.0000002036	    21839.4472656250	    21839.0000000000	458	250	45	49.000000	 20512686.1310329102
   417741.0000002008	    20415.0761718750	    20415.0000000000	78	250	45	49.000000	 20513030.4311381355
   417742.0000001976	    18991.0742187500	    18991.0000000000	76	250	45	49.000000	 20513374.0192739591
   417743.0000001956	    17567.3984375000	    17567.0000000000	408	250	45	49.000000	 20513718.1344064735
   417744.0000001939	    16144.0507812500	    16144.0000000000	52	250	45	49.000000	 20514062.3367901072
   417745.0000001926	    14721.0273437500	    14721.0000000000	28	250	45	49.000000	 20514406.6613252312
   417746.0000001899	    13298.3759765625	    13298.0000000000	385	250	45	49.000000	 20514750.5496049151
   417747.0000001877	    11876.0527343750	    11876.0000000000	54	250	45	49.000000	 20515094.7380284853
   417748.0000001862	    10454.0947265625	    10454.0000000000	97	250	45	49.000000	 20515438.8671210594
   417749.0000001856	     9032.4785156250	     9032.0000000000	490	250	45	48.750000	 20515783.8303345591
   417750.0000001841	     7611.2294921875	     7611.0000000000	235	250	45	48.750000	 20516128.3538024612
   417751.0000001827	     6190.3398437500	     6190.0000000000	348	250	45	48.750000	 20516473.5019886754
   417752.0000001808	     4769.7714843750	     4769.0000000000	790	250	45	48.750000	 20516818.5105731823
   417753.0000001796	     3349.5566406250	     3349.0000000000	570	250	45	48.750000	 20517163.2818342857
   417754.0000001781	     1929.7128906250	     1929.0000000000	730	250	45	48.500000	 20517508.2694783844
   417755.0000001764	      510.2021484375	      510.0000000000	207	250	45	48.500000	 20517853.1698713936
   417756.0000001745	     -908.9628906250	  1047667.0000000000	38	250	45	48.500000	 20518197.8922720365
   417757.0000001730	    -2327.7460937500	  1046248.0000000000	260	250	45	48.500000	 20518542.5762820505
   417758.0000001709	    -3746.1484375000	  1044829.0000000000	872	250	45	48.250000	 20518887.5150656886
   417759.0000001687	    -5164.2734375000	  1043411.0000000000	744	250	45	48.500000	 20519232.5794910043
   417760.0000001665	    -6582.0878906250	  1041993.0000000000	934	250	45	48.500000	 20519578.1813835762
   417761.0000001641	    -7999.5888671875	  1040576.0000000000	421	250	45	48.500000	 20519924.3207434118
   417762.0000001612	    -9416.7128906250	  1039159.0000000000	294	250	45	48.500000	 20520270.5892351158
   417763.0000001591	   -10833.4941406250	  1037742.0000000000	518	250	45	48.750000	 20520616.6727541052
   417764.0000001578	   -12249.9501953125	  1036326.0000000000	51	250	45	48.750000	 20520963.2867600098
   417765.0000001572	   -13666.0439453125	  1034909.0000000000	979	250	45	48.750000	 20521309.2341667488
   417766.0000001566	   -15081.8818359375	  1033494.0000000000	121	250	45	48.750000	 20521654.7697479427
   417767.0000001559	   -16497.3613281250	  1032078.0000000000	654	250	45	48.500000	 20522000.5740627833
   417768.0000001549	   -17912.4736328125	  1030663.0000000000	539	250	45	48.500000	 20522346.7029520795
   417769.0000001536	   -19327.3349609375	  1029248.0000000000	681	250	45	48.750000	 20522692.7271400392
   417770.0000001524	   -20741.8369140625	  1027834.0000000000	167	250	45	48.750000	 20523039.3760463744
   417771.0000001510	   -22155.9931640625	  1026420.0000000000	7	250	45	48.750000	 20523385.2396922186
   417772.0000001499	   -23569.7939453125	  1025006.0000000000	211	250	45	48.750000	 20523731.1731389277
   417773.0000001491	   -24983.2822265625	  1023592.0000000000	735	250	45	48.500000	 20524077.2112869471
   417774.0000001488	   -26396.4541015625	  1022179.0000000000	559	250	45	48.500000	 20524423.4239371419
   417775.0000001480	   -27809.3281250000	  1020766.0000000000	688	250	45	48.750000	 20524770.0170026384
   417776.0000001473	   -29221.8828125000	  1019354.0000000000	120	250	45	48.750000	 20525116.2331429906
   417777.0000001465	   -30634.0927734375	  1017941.0000000000	929	250	45	48.500000	 20525462.8611089215
   417778.0000001459	   -32046.0097656250	  1016529.0000000000	1014	250	45	48.500000	 20525809.5414255038
   417779.0000001446	   -33457.5878906250	  1015118.0000000000	422	250	45	48.500000	 20526156.2810730860
   417780.0000001434	   -34868.8378906250	  1013707.0000000000	166	250	45	48.500000	 20526502.6437955610
   417781.0000001438	   -36279.8720703125	  1012296.0000000000	131	250	45	48.500000	 20526849.9069497101
   417782.0000001446	   -37690.5693359375	  1010885.0000000000	441	250	45	48.500000	 20527197.2748051323
   417783.0000001434	   -39100.8925781250	  1009475.0000000000	110	250	45	48.250000	 20527544.0493531525
   417784.0000001424	   -40510.9072265625	  1008065.0000000000	95	250	45	48.250000	 20527891.3404280208
   417785.0000001412	   -41920.5537109375	  1006655.0000000000	457	250	45	48.500000	 20528238.6698935181
   417786.0000001405	   -43329.8593750000	  1005246.0000000000	144	250	45	48.500000	 20528585.8876773603
   417787.0000001409	   -44738.8769531250	  1003837.0000000000	126	250	45	48.250000	 20528933.8662911020
   417788.0000001406	   -46147.5820312500	  1002428.0000000000	428	250	45	48.250000	 20529282.2253201082
   417789.0000001406	   -47555.9990234375	  1001020.0000000000	1	250	45	48.500000	 20529630.3505159393
   417790.0000001403	   -48964.0468750000	   999611.0000000000	976	250	45	48.500000	 20529978.7095449790
   417791.0000001407	   -50371.8291015625	   998204.0000000000	175	250	45	48.500000	 20530326.6707085036
   417792.0000001398	   -51779.3496093750	   996796.0000000000	666	250	45	48.750000	 20530673.9792335927
   417793.0000001398	   -53186.5166015625	   995389.0000000000	495	250	45	48.500000	 20531021.2458778992
   417794.0000001401	   -54593.3554687500	   993982.0000000000	660	250	45	48.250000	 20531368.7777656280
   417795.0000001409	   -55999.8398437500	   992576.0000000000	164	250	45	48.250000	 20531716.3061631992
   417796.0000001416	   -57406.1132812500	   991169.0000000000	908	250	45	48.250000	 20532064.2289360985
   417797.0000001423	   -58812.0976562500	   989763.0000000000	924	250	45	48.250000	 20532412.4204426408
   417798.0000001419	   -60217.7451171875	   988358.0000000000	261	250	45	48.250000	 20532760.7445712127
   417799.0000001417	   -61623.1064453125	   986952.0000000000	915	250	45	48.250000	 20533109.3897840865
   417800.0000001417	   -63028.1484375000	   985547.0000000000	872	250	45	48.250000	 20533458.2653399780
   417801.0000001426	   -64432.8125000000	   984143.0000000000	192	250	45	48.250000	 20533807.3851988874
   417802.0000001439	   -65837.1933593750	   982738.0000000000	826	250	45	48.500000	 20534156.6446595676
   417803.0000001451	   -67241.2900390625	   981334.0000000000	727	250	45	48.500000	 20534506.4241372570
   417804.0000001461	   -68645.0751953125	   979930.0000000000	947	250	45	48.500000	 20534855.7219885662
   417805.0000001467	   -70048.5947265625	   978527.0000000000	415	250	45	48.500000	 20535205.0582304671
   417806.0000001474	   -71451.7626953125	   977124.0000000000	243	250	45	48.750000	 20535554.5375642665
   417807.0000001485	   -72854.6962890625	   975721.0000000000	311	250	45	48.750000	 20535903.5841321461
   417808.0000001502	   -74257.2998046875	   974318.0000000000	717	250	45	48.750000	 20536253.0913860649
   417809.0000001508	   -75659.6289062500	   972916.0000000000	380	250	45	48.500000	 20536601.8552602716
   417810.0000001526	   -77061.6005859375	   971514.0000000000	409	250	45	48.750000	 20536950.8075966835
   417811.0000001547	   -78463.2412109375	   970112.0000000000	777	250	45	48.500000	 20537300.1508182660
   417812.0000001572	   -79864.5996093750	   968711.0000000000	410	250	45	48.500000	 20537649.3300075382
   417813.0000001597	   -81265.6601562500	   967310.0000000000	348	250	45	48.500000	 20537998.9559227601
   417814.0000001622	   -82666.3457031250	   965909.0000000000	670	250	45	48.500000	 20538348.4038456492
   417815.0000001641	   -84066.7666015625	   964509.0000000000	239	250	45	48.500000	 20538697.8378085084
   417816.0000001660	   -85466.9033203125	   963109.0000000000	99	250	45	48.500000	 20539047.1286794357
   417817.0000001675	   -86866.7001953125	   961709.0000000000	307	250	45	48.250000	 20539396.2799486220
   417818.0000001689	   -88266.1777343750	   960309.0000000000	842	250	45	48.250000	 20539745.2881258763
   417819.0000001706	   -89665.3535156250	   958910.0000000000	662	250	45	48.250000	 20540094.9384716973
   417820.0000001722	   -91064.2675781250	   957511.0000000000	750	250	45	48.250000	 20540444.4108251482
   417821.0000001739	   -92462.8574218750	   956113.0000000000	146	250	45	48.250000	 20540794.2217131183
   417822.0000001770	   -93861.1376953125	   954714.0000000000	883	250	45	48.250000	 20541144.9888735376
   417823.0000001813	   -95259.1005859375	   953316.0000000000	921	250	45	48.500000	 20541496.7123064771
   417824.0000001840	   -96656.7832031250	   951919.0000000000	222	250	45	48.500000	 20541847.5353077427
   417825.0000001865	   -98054.2070312500	   950521.0000000000	812	250	45	48.750000	 20542198.8608758301
   417826.0000001877	   -99451.3476562500	   949124.0000000000	668	250	45	48.750000	 20542550.3574566022
   417827.0000001886	  -100848.2431640625	   947727.0000000000	775	250	45	49.000000	 20542901.9273284040
   417828.0000001894	  -102244.7851562500	   946331.0000000000	220	250	45	49.000000	 20543253.1761159375
   417829.0000001906	  -103640.9609375000	   944935.0000000000	40	250	45	49.250000	 20543603.6885034740
   417830.0000001919	  -105036.8212890625	   943539.0000000000	183	250	45	49.000000	 20543954.6476169862
   417831.0000001932	  -106432.3691406250	   942143.0000000000	646	250	45	49.000000	 20544304.8912709095
   417832.0000001952	  -107827.6767578125	   940748.0000000000	331	250	45	49.000000	 20544655.9341453239
   417833.0000001978	  -109222.6513671875	   939353.0000000000	357	250	45	49.000000	 20545007.2771636285
   417834.0000002002	  -110617.3769531250	   937958.0000000000	638	250	45	49.000000	 20545357.9954635836
   417835.0000002037	  -112011.8466796875	   936564.0000000000	157	250	45	49.250000	 20545709.6351355910
   417836.0000002069	  -113405.9775390625	   935170.0000000000	23	250	45	49.250000	 20546061.7424739860
   417837.0000002098	  -114799.8408203125	   933776.0000000000	163	250	45	49.250000	 20546413.1727433801
   417838.0000002120	  -116193.4375000000	   932382.0000000000	576	250	45	49.000000	 20546764.4110603780
   417839.0000002144	  -117586.6542968750	   930989.0000000000	354	250	45	49.250000	 20547115.7191782482
   417840.0000002172	  -118979.6318359375	   929596.0000000000	377	250	45	49.000000	 20547466.8458135948
   417841.0000002206	  -120372.3378906250	   928203.0000000000	678	250	45	49.000000	 20547818.4331349470
   417842.0000002244	  -121764.7480468750	   926811.0000000000	258	250	45	49.000000	 20548169.5702401288
   417843.0000002285	  -123156.8056640625	   925419.0000000000	199	250	45	49.000000	 20548521.2413223833
   417844.0000002321	  -124548.6132812500	   924027.0000000000	396	250	45	49.000000	 20548872.8984446041
   417845.0000002359	  -125940.0878906250	   922635.0000000000	934	250	45	49.000000	 20549224.7510094158
   417846.0000002400	  -127331.3144531250	   921244.0000000000	702	250	45	49.000000	 20549576.7082755305
   417847.0000002449	  -128722.2509765625	   919853.0000000000	767	250	45	49.000000	 20549929.3042200208
   417848.0000002497	  -130112.8769531250	   918463.0000000000	126	250	45	49.000000	 20550282.0258061960
   417849.0000002544	  -131503.1728515625	   917072.0000000000	847	250	45	49.000000	 20550634.7299421802
   417850.0000002587	  -132893.1992187500	   915682.0000000000	820	250	45	49.000000	 20550987.1862848997
   417851.0000000888	  -134283.1982421875	   914292.0000000000	821	249	45	49.000000	 20551339.9114110842
   417852.0000000942	  -135672.6621093750	   912903.0000000000	346	250	45	49.000000	 20551692.9505913667
   417853.0000000987	  -137061.8300781250	   911514.0000000000	174	250	45	49.000000	 20552045.5849264823
   417854.0000001027	  -138450.7363281250	   910125.0000000000	270	250	45	49.000000	 20552398.3832939081
   417855.0000001062	  -139839.4003906250	   908736.0000000000	614	250	45	49.000000	 20552750.7209752873
   417856.0000001098	  -141227.7128906250	   907348.0000000000	294	250	45	49.000000	 20553103.2366490364
   417857.0000001139	  -142615.7548828125	   905960.0000000000	251	250	45	49.000000	 20553455.8919245638
   417858.0000001178	  -144003.4765625000	   904572.0000000000	536	250	45	49.000000	 20553808.7810332291
   417859.0000001212	  -145390.9423828125	   903185.0000000000	59	250	45	49.000000	 20554160.9581724964
   417860.0000001258	  -146778.1347656250	   901797.0000000000	886	250	45	48.750000	 20554513.7530497275
   417861.0000001304	  -148165.0312500000	   900410.0000000000	992	250	45	48.750000	 20554866.2791933492
   417862.0000001355	  -149551.6591796875	   899024.0000000000	349	250	45	48.750000	 20555219.2485727593
   417863.0000001406	  -150938.0205078125	   897637.0000000000	1003	250	45	48.750000	 20555572.2179521695
   417864.0000001462	  -152324.0820312500	   896251.0000000000	940	250	45	48.750000	 20555925.8818508312
   417865.0000001517	  -153709.9335937500	   894866.0000000000	68	250	45	48.750000	 20556278.7046481222
   417866.0000001573	  -155095.4765625000	   893480.0000000000	536	250	45	48.750000	 20556632.5116386823
   417867.0000001623	  -156480.7890625000	   892095.0000000000	216	250	45	48.750000	 20556986.1615772843
   417868.0000001683	  -157865.7939453125	   890710.0000000000	211	250	45	48.750000	 20557340.3943534158
   417869.0000001753	  -159250.5410156250	   889325.0000000000	470	250	45	48.750000	 20557694.5119577050
   417870.0000001811	  -160635.0712890625	   887940.0000000000	951	250	45	48.750000	 20558048.1200154908
   417871.0000001867	  -162019.3212890625	   886556.0000000000	695	250	45	48.750000	 20558401.6582724079
   417872.0000001926	  -163403.2919921875	   885172.0000000000	725	250	45	48.500000	 20558755.1406885125
   417873.0000001983	  -164786.9472656250	   883789.0000000000	54	250	45	48.500000	 20559109.1256714053
   417874.0000002034	  -166170.3447265625	   882405.0000000000	671	250	45	48.500000	 20559462.9710525945
   417875.0000002083	  -167553.4726562500	   881022.0000000000	540	250	45	48.750000	 20559817.3015503511
   417876.0000002129	  -168936.3271484375	   879639.0000000000	689	250	45	48.750000	 20560171.8309808858
   417877.0000002177	  -170318.8916015625	   878257.0000000000	111	250	45	48.750000	 20560526.1265782081
   417878.0000002226	  -171701.1923828125	   876874.0000000000	827	250	45	48.750000	 20560881.0468938798
   417879.0000002279	  -173083.2246093750	   875492.0000000000	794	250	45	48.750000	 20561236.0544606410
   417880.0000002340	  -174464.9648437500	   874111.0000000000	36	250	45	49.000000	 20561591.3237806633
   417881.0000002407	  -175846.4062500000	   872729.0000000000	608	250	45	48.750000	 20561946.4988692552
   417882.0000002476	  -177227.5898437500	   871348.0000000000	420	250	45	49.000000	 20562301.5483160987
   417883.0000002544	  -178608.5820312500	   869967.0000000000	428	250	45	49.000000	 20562656.8839468360
   417884.0000002617	  -179989.2802734375	   868586.0000000000	737	250	45	49.000000	 20563013.0920891315
   417885.0000000931	  -181369.8906250000	   867206.0000000000	112	249	45	49.250000	 20563368.5080410689
   417886.0000001003	  -182750.0585937500	   865825.0000000000	964	250	45	49.250000	 20563723.8052811511
   417887.0000001076	  -184129.9707031250	   864446.0000000000	30	250	45	49.000000	 20564078.7255961560
   417888.0000001147	  -185509.6220703125	   863066.0000000000	387	250	45	49.000000	 20564434.2741196677
   417889.0000001218	  -186889.0341796875	   861686.0000000000	989	250	45	49.250000	 20564789.8400933929
   417890.0000001287	  -188268.2099609375	   860307.0000000000	809	250	45	49.250000	 20565145.3537164666
   417891.0000001363	  -189647.1298828125	   858928.0000000000	891	250	45	49.250000	 20565501.6316595972
   417892.0000001439	  -191025.7705078125	   857550.0000000000	235	250	45	49.250000	 20565857.6408691481
   417893.0000001513	  -192404.1240234375	   856171.0000000000	897	250	45	49.250000	 20566213.8839118741
   417894.0000001583	  -193782.2304687500	   854793.0000000000	788	250	45	49.000000	 20566569.9699026123
   417895.0000001644	  -195160.1074218750	   853415.0000000000	914	250	45	49.250000	 20566924.6668549739
   417896.0000001713	  -196537.7343750000	   852038.0000000000	272	250	45	49.000000	 20567280.1804780513
   417897.0000001783	  -197915.1103515625	   850660.0000000000	911	250	45	49.000000	 20567635.5684594102
   417898.0000001857	  -199292.2783203125	   849283.0000000000	739	250	45	49.000000	 20567991.0785922930
   417899.0000001939	  -200669.1494140625	   847906.0000000000	871	250	45	49.250000	 20568346.5642946139
   417900.0000002021	  -202045.7705078125	   846530.0000000000	235	250	45	49.000000	 20568702.1581884287
   417901.0000002101	  -203422.1865234375	   845153.0000000000	833	250	45	49.000000	 20569058.1464575715
   417902.0000002178	  -204798.3349609375	   843777.0000000000	681	250	45	49.250000	 20569414.0125751570
   417903.0000002258	  -206174.2490234375	   842401.0000000000	769	250	45	49.000000	 20569770.1439362317
   417904.0000002343	  -207549.8994140625	   841026.0000000000	103	250	45	49.000000	 20570126.4323492348
   417905.0000002432	  -208925.2832031250	   839650.0000000000	734	250	45	49.000000	 20570482.9511052556
   417906.0000002516	  -210300.4111328125	   838275.0000000000	603	250	45	49.000000	 20570839.1871676371
   417907.0000002595	  -211675.2558593750	   836900.0000000000	762	250	45	49.000000	 20571195.7129040062
   417908.0000000914	  -213050.1123046875	   835525.0000000000	909	249	45	49.000000	 20571552.2701011449
   417909.0000000999	  -214424.4609375000	   834151.0000000000	552	250	45	49.250000	 20571909.2739737704
   417910.0000001090	  -215798.5507812500	   832777.0000000000	460	250	45	49.250000	 20572266.5605400391
   417911.0000001188	  -217172.4550781250	   831403.0000000000	558	250	45	49.250000	 20572623.5190416947
   417912.0000001296	  -218546.0351562500	   830029.0000000000	988	250	45	49.250000	 20572980.7741970532
   417913.0000001400	  -219919.3935546875	   828656.0000000000	621	250	45	49.250000	 20573337.7641089521
   417914.0000001505	  -221292.5410156250	   827283.0000000000	470	250	45	49.000000	 20573694.9145630039
   417915.0000001604	  -222665.4199218750	   825910.0000000000	594	250	45	49.000000	 20574052.6059744693
   417916.0000001708	  -224038.0263671875	   824537.0000000000	997	250	45	49.250000	 20574410.4544379264
   417917.0000001803	  -225410.3925781250	   823165.0000000000	622	250	45	49.250000	 20574767.7200638205
   417918.0000001895	  -226782.4716796875	   821793.0000000000	541	250	45	49.000000	 20575125.0589807443
   417919.0000001998	  -228154.3574218750	   820421.0000000000	658	250	45	49.000000	 20575482.4607181884
   417920.0000002105	  -229526.0507812500	   819049.0000000000	972	250	45	49.000000	 20575840.5395246334
   417921.0000002201	  -230897.5039062500	   817678.0000000000	508	250	45	49.000000	 20576197.7144092843
   417922.0000002309	  -232268.6650390625	   816307.0000000000	343	250	45	49.000000	 20576554.9521143883
   417923.0000002420	  -233639.6240234375	   814936.0000000000	385	250	45	49.000000	 20576913.1530723609
   417924.0000002526	  -235010.3232421875	   813565.0000000000	693	250	45	49.250000	 20577271.1969783716
   417925.0000000875	  -236381.0175781250	   812194.0000000000	1006	249	45	49.250000	 20577629.3770464584
   417926.0000000981	  -237751.1816406250	   810824.0000000000	838	250	45	49.250000	 20577988.1189618446
   417927.0000001084	  -239121.1953125000	   809454.0000000000	824	250	45	49.250000	 20578345.9325248674
   417928.0000001193	  -240490.9101562500	   808085.0000000000	92	250	45	49.250000	 20578704.7965917774
   417929.0000001298	  -241860.4013671875	   806715.0000000000	613	250	45	49.250000	 20579063.5210569799
   417930.0000001401	  -243229.6279296875	   805346.0000000000	381	250	45	49.250000	 20579421.7638957314
   417931.0000001515	  -244598.5527343750	   803977.0000000000	458	250	45	49.250000	 20579781.0362980291
   417932.0000001623	  -245967.2832031250	   802608.0000000000	734	250	45	49.250000	 20580139.5792806745
   417933.0000001733	  -247335.7343750000	   801240.0000000000	272	250	45	49.250000	 20580498.8900735974
   417934.0000001842	  -248704.0234375000	   799871.0000000000	1000	250	45	49.500000	 20580857.8797822222
   417935.0000001964	  -250072.0996093750	   798503.0000000000	922	250	45	49.750000	 20581216.8415700942
   417936.0000002083	  -251439.9501953125	   797136.0000000000	51	250	45	49.500000	 20581575.4124728255
   417937.0000002199	  -252807.5166015625	   795768.0000000000	495	250	45	49.500000	 20581933.8961244375
   417938.0000002327	  -254174.8232421875	   794401.0000000000	181	250	45	49.750000	 20582292.7462306544
   417939.0000002463	  -255541.9062500000	   793034.0000000000	96	250	45	49.500000	 20582652.4304578304
   417940.0000002590	  -256908.7988281250	   791667.0000000000	206	250	45	49.750000	 20583011.5318474434
   417941.0000000975	  -258275.6738281250	   790300.0000000000	334	249	45	49.750000	 20583371.6349303052
   417942.0000001100	  -259641.9843750000	   788934.0000000000	16	250	45	49.750000	 20583730.9701531269
   417943.0000001230	  -261008.0917968750	   787567.0000000000	930	250	45	49.750000	 20584089.7295180671
   417944.0000001362	  -262374.0039062500	   786201.0000000000	1020	250	45	49.500000	 20584449.1310515366
   417945.0000001491	  -263739.6201171875	   784836.0000000000	389	250	45	49.500000	 20584808.7140675969
   417946.0000001605	  -265105.0175781250	   783470.0000000000	1006	250	45	49.500000	 20585168.3075541593
   417947.0000001735	  -266470.1767578125	   782105.0000000000	843	250	45	49.500000	 20585528.3372961693
   417948.0000001877	  -267835.0605468750	   780740.0000000000	962	250	45	49.500000	 20585887.9098416604
   417949.0000002031	  -269199.6953125000	   779376.0000000000	312	250	45	49.250000	 20586248.4037592001
   417950.0000002164	  -270564.0820312500	   778011.0000000000	940	250	45	49.250000	 20586608.0914765671
   417951.0000002305	  -271928.2685546875	   776647.0000000000	749	250	45	49.250000	 20586968.2014892846
   417952.0000002447	  -273292.1923828125	   775283.0000000000	827	250	45	49.250000	 20587328.9013199471
   417953.0000002584	  -274655.9189453125	   773920.0000000000	83	250	45	49.250000	 20587689.4440986477
   417954.0000000963	  -276019.6748046875	   772556.0000000000	333	249	45	49.250000	 20588050.1055891775
   417955.0000001098	  -277382.9443359375	   771193.0000000000	57	250	45	49.500000	 20588410.7391091250
   417956.0000001232	  -278745.9697265625	   769830.0000000000	31	250	45	49.250000	 20588771.7495542131
   417957.0000001365	  -280108.7558593750	   768467.0000000000	250	250	45	49.250000	 20589132.3307235092
   417958.0000001496	  -281471.3515625000	   767104.0000000000	664	250	45	49.250000	 20589492.9851838648
   417959.0000001632	  -282833.6777343750	   765742.0000000000	330	250	45	49.250000	 20589853.7792459615
   417960.0000001769	  -284195.8212890625	   764380.0000000000	183	250	45	49.250000	 20590214.0532910489
   417961.0000001907	  -285557.7333984375	   763018.0000000000	273	250	45	49.250000	 20590574.7740620859
   417962.0000002037	  -286919.4726562500	   761656.0000000000	540	250	45	49.500000	 20590934.9817964621
   417963.0000002175	  -288280.9072265625	   760295.0000000000	95	250	45	49.250000	 20591295.6851173155
   417964.0000002304	  -289642.0898437500	   758933.0000000000	932	250	45	49.250000	 20591656.8770448938
   417965.0000002427	  -291003.0898437500	   757572.0000000000	932	250	45	49.250000	 20592017.2697520182
   417966.0000002555	  -292363.8398437500	   756212.0000000000	164	250	45	49.500000	 20592378.1231451146
   417967.0000000950	  -293724.6113281250	   754851.0000000000	398	249	45	49.500000	 20592739.3988834545
   417968.0000001099	  -295084.8691406250	   753491.0000000000	134	250	45	49.500000	 20593100.8804843910
   417969.0000001243	  -296444.8945312500	   752131.0000000000	108	250	45	49.500000	 20593462.0793916844
   417970.0000001385	  -297804.6728515625	   750771.0000000000	335	250	45	49.500000	 20593823.4772317223
   417971.0000001529	  -299164.2763671875	   749411.0000000000	741	250	45	49.750000	 20594184.8017807305
   417972.0000001678	  -300523.6240234375	   748052.0000000000	385	250	45	49.500000	 20594546.2833816670
   417973.0000001815	  -301882.7675781250	   746693.0000000000	238	250	45	49.250000	 20594906.7005186565
   417974.0000001962	  -303241.6171875000	   745334.0000000000	392	250	45	49.250000	 20595267.8261348903
   417975.0000002109	  -304600.3164062500	   743975.0000000000	700	250	45	49.250000	 20595629.2553852051
   417976.0000002267	  -305958.7412109375	   742617.0000000000	265	250	45	49.250000	 20595991.1418313384
   417977.0000002423	  -307316.9619140625	   741259.0000000000	39	250	45	49.250000	 20596353.4226528332
   417978.0000002576	  -308674.9052734375	   739901.0000000000	97	250	45	49.500000	 20596714.5971295312
   417979.0000000992	  -310032.8125000000	   738543.0000000000	192	249	45	49.250000	 20597077.0734433681
   417980.0000001155	  -311390.3095703125	   737185.0000000000	707	250	45	49.250000	 20597439.5287670419
   417981.0000001317	  -312747.6201171875	   735828.0000000000	389	250	45	49.500000	 20597801.9666404612
   417982.0000001483	  -314104.7265625000	   734471.0000000000	280	250	45	49.500000	 20598164.2579317950
   417983.0000001650	  -315461.5722656250	   733114.0000000000	438	250	45	49.500000	 20598527.5683167987
   417984.0000001808	  -316818.2236328125	   731757.0000000000	795	250	45	49.500000	 20598889.4547629356
