   417127.0000001465	   725689.3632812500	   725689.0000000000	372	250	34	44.500000	 23438439.9200126454
   417128.0000002481	   719524.5527343750	   719524.0000000000	566	251	34	44.250000	 23437860.9595973380
   417129.0000001735	   713359.4189453125	   713359.0000000000	429	250	34	44.000000	 23437281.9433916770
   417130.0000000997	   707194.2646484375	   707194.0000000000	271	250	34	44.000000	 23436703.2063894980
   417131.0000001997	   701029.3271484375	   701029.0000000000	335	251	34	44.250000	 23436124.6159196198
   417132.0000001255	   694864.0664062500	   694864.0000000000	68	250	34	44.500000	 23435546.1685914621
   417133.0000002265	   688699.0634765625	   688699.0000000000	65	251	34	44.750000	 23434967.1767658740
   417134.0000001527	   682533.7978515625	   682533.0000000000	817	250	34	44.500000	 23434388.4223134778
   417135.0000002534	   676368.7265625000	   676368.0000000000	744	251	34	44.500000	 23433808.0205090791
   417136.0000001796	   670203.4345703125	   670203.0000000000	445	250	34	44.250000	 23433228.7111392058
   417137.0000001062	   664038.1484375000	   664038.0000000000	152	250	34	44.750000	 23432650.0613881201
   417138.0000002081	   657873.1679687500	   657873.0000000000	172	251	34	45.000000	 23432071.9036834911
   417139.0000001339	   651707.9023437500	   651707.0000000000	924	250	34	45.250000	 23431492.9014378898
   417140.0000002366	   645542.8867187500	   645542.0000000000	908	251	34	45.250000	 23430913.6653085873
   417141.0000001637	   639377.6464843750	   639377.0000000000	662	250	34	45.000000	 23430333.4729565941
   417142.0000000922	   633212.3769531250	   633212.0000000000	386	250	34	45.250000	 23429753.4132259935
   417143.0000001966	   627047.3291015625	   627047.0000000000	337	251	34	44.750000	 23429174.7180534415
   417144.0000001247	   620882.0234375000	   620882.0000000000	24	250	34	44.750000	 23428595.0910887942
   417145.0000002283	   614717.0068359375	   614717.0000000000	7	251	34	44.750000	 23428015.8654293641
   417146.0000001572	   608551.7167968750	   608551.0000000000	734	250	34	45.000000	 23427437.7705950551
   417147.0000002609	   602386.7724609375	   602386.0000000000	791	251	34	45.500000	 23426859.7245714143
   417148.0000001886	   596221.5751953125	   596221.0000000000	589	250	34	45.250000	 23426281.5669166110
   417149.0000001174	   590056.4248046875	   590056.0000000000	435	250	34	45.500000	 23425701.0220694058
   417150.0000002216	   583891.5664062500	   583891.0000000000	580	251	34	45.000000	 23425121.8278202228
   417151.0000001512	   577726.4960937500	   577726.0000000000	508	250	34	44.500000	 23424542.0821935423
   417152.0000002570	   571561.7080078125	   571561.0000000000	725	251	34	44.250000	 23423963.3765504509
   417153.0000001870	   565396.6718750000	   565396.0000000000	688	250	34	44.250000	 23423384.4859851412
   417154.0000001175	   559231.7177734375	   559231.0000000000	735	250	34	44.000000	 23422805.5744794235
   417155.0000002238	   553067.0957031250	   553067.0000000000	98	251	34	44.000000	 23422227.1689801924
   417156.0000001552	   546902.1845703125	   546902.0000000000	189	250	34	44.000000	 23421649.2695877999
   417157.0000002619	   540737.5781250000	   540737.0000000000	592	251	34	43.750000	 23421071.8273414001
   417158.0000001942	   534572.7265625000	   534572.0000000000	744	250	34	43.750000	 23420493.8860681951
   417159.0000001271	   528407.9228515625	   528407.0000000000	945	250	34	44.000000	 23419916.7091150768
   417160.0000002339	   522243.3906250000	   522243.0000000000	400	251	34	44.500000	 23419340.1777708866
   417161.0000001655	   516078.6416015625	   516078.0000000000	657	250	34	44.500000	 23418762.8856465928
   417162.0000000967	   509913.9453125000	   509913.0000000000	968	250	34	45.250000	 23418185.3457290940
   417163.0000002030	   503749.5097656250	   503749.0000000000	522	251	34	45.000000	 23417607.3695056252
   417164.0000001343	   497584.8554687500	   497584.0000000000	876	250	34	44.750000	 23417028.7023029551
   417165.0000002422	   491420.4863281250	   491420.0000000000	498	251	34	44.250000	 23416451.3403273299
   417166.0000001753	   485255.9140625000	   485255.0000000000	936	250	34	44.500000	 23415873.9469912201
   417167.0000001077	   479091.3955078125	   479091.0000000000	405	250	34	44.750000	 23415297.7751717493
   417168.0000002153	   472927.1279296875	   472927.0000000000	131	251	34	44.500000	 23414721.4357799552
   417169.0000001477	   466762.6845703125	   466762.0000000000	701	250	34	45.000000	 23414145.1208685189
   417170.0000002552	   460598.5126953125	   460598.0000000000	525	251	34	45.250000	 23413567.7972834893
   417171.0000001886	   454434.0947265625	   454434.0000000000	97	250	34	45.500000	 23412989.9013805874
   417172.0000001223	   448269.7460937500	   448269.0000000000	764	250	34	45.750000	 23412411.2516274676
   417173.0000002318	   442105.6464843750	   442105.0000000000	662	251	34	44.750000	 23411832.9473386891
   417174.0000001671	   435941.3593750000	   435941.0000000000	368	250	34	44.750000	 23411254.8943831287
   417175.0000001020	   429777.1240234375	   429777.0000000000	127	250	34	44.250000	 23410676.7541764826
   417176.0000002132	   423613.2031250000	   423613.0000000000	208	251	34	44.250000	 23410100.3868632354
   417177.0000001484	   417449.0312500000	   417449.0000000000	32	250	34	44.500000	 23409524.8921120688
   417178.0000002583	   411285.1455078125	   411285.0000000000	149	251	34	44.500000	 23408949.1425374895
   417179.0000001933	   405121.1259765625	   405121.0000000000	129	250	34	44.750000	 23408373.3092518337
   417180.0000001278	   398957.1396484375	   398957.0000000000	143	250	34	44.250000	 23407795.3156272769
   417181.0000002395	   392793.4648437500	   392793.0000000000	476	251	34	44.250000	 23407219.5171915665
   417182.0000001748	   386629.5224609375	   386629.0000000000	535	250	34	44.250000	 23406643.2162394933
   417183.0000001110	   380465.5966796875	   380465.0000000000	611	250	34	44.000000	 23406067.0339487866
   417184.0000002211	   374301.9423828125	   374301.0000000000	965	251	34	44.500000	 23405489.6021715924
   417185.0000001575	   368138.1142578125	   368138.0000000000	117	250	34	43.750000	 23404912.3274961524
   417186.0000000946	   361974.3525390625	   361974.0000000000	361	250	34	44.000000	 23404335.1540318616
   417187.0000002065	   355810.8339843750	   355810.0000000000	854	251	34	44.000000	 23403758.9612207897
   417188.0000001430	   349647.0683593750	   349647.0000000000	70	250	34	43.500000	 23403182.0250798650
   417189.0000002559	   343483.5634765625	   343483.0000000000	577	251	34	43.250000	 23402606.5930986963
   417190.0000001924	   337319.7998046875	   337319.0000000000	819	250	34	43.250000	 23402029.0496896431
   417191.0000001307	   331156.0371093750	   331156.0000000000	38	250	34	43.000000	 23401452.2252297066
   417192.0000002450	   324992.5722656250	   324992.0000000000	586	251	34	43.750000	 23400877.3376954757
   417193.0000001821	   318828.9736328125	   318828.0000000000	997	250	34	44.000000	 23400302.2757095620
   417194.0000001199	   312665.3593750000	   312665.0000000000	368	250	34	44.000000	 23399727.1543926448
   417195.0000002331	   306502.0498046875	   306502.0000000000	51	251	34	43.750000	 23399150.7905688919
   417196.0000001731	   300338.5458984375	   300338.0000000000	559	250	34	44.250000	 23398575.6169006228
   417197.0000001127	   294175.0820312500	   294175.0000000000	84	250	34	44.000000	 23397999.1588952579
   417198.0000002282	   288011.8525390625	   288011.0000000000	873	251	34	43.750000	 23397423.0638044514
   417199.0000001676	   281848.4316406250	   281848.0000000000	442	250	34	44.250000	 23396847.7156340070
   417200.0000001077	   275685.0273437500	   275685.0000000000	28	250	34	44.000000	 23396274.4021607526
   417201.0000002211	   269521.9052734375	   269521.0000000000	927	251	34	44.750000	 23395699.1272315420
   417202.0000001603	   263358.6035156250	   263358.0000000000	618	250	34	44.000000	 23395123.2625342458
   417203.0000001009	   257195.3759765625	   257195.0000000000	385	250	34	44.000000	 23394546.9580906518
   417204.0000002158	   251032.4189453125	   251032.0000000000	429	251	34	43.500000	 23393970.1335802227
   417205.0000001575	   244869.2558593750	   244869.0000000000	262	250	34	43.500000	 23393395.4485180527
   417206.0000000985	   238706.1367187500	   238706.0000000000	140	250	34	43.500000	 23392820.6971452013
   417207.0000002139	   232543.3007812500	   232543.0000000000	308	251	34	43.500000	 23392246.1411651075
   417208.0000001543	   226380.2695312500	   226380.0000000000	276	250	34	43.500000	 23391670.9291062169
   417209.0000000960	   220217.2705078125	   220217.0000000000	277	250	34	43.250000	 23391096.1184023656
   417210.0000002127	   214054.5458984375	   214054.0000000000	559	251	34	43.250000	 23390522.2499611117
   417211.0000001537	   207891.6562500000	   207891.0000000000	672	250	34	43.750000	 23389948.3571397848
   417212.0000000946	   201728.7382812500	   201728.0000000000	756	250	34	43.500000	 23389373.5883167163
   417213.0000002105	   195566.1328125000	   195566.0000000000	136	251	34	43.500000	 23388798.9032047503
   417214.0000001526	   189403.3125000000	   189403.0000000000	320	250	34	43.250000	 23388224.7695698664
   417215.0000000949	   183240.5468750000	   183240.0000000000	560	250	34	44.000000	 23387651.1350116506
   417216.0000002114	   177078.0888671875	   177078.0000000000	91	251	34	43.750000	 23387076.6244018301
   417217.0000001537	   170915.3828125000	   170915.0000000000	392	250	34	43.500000	 23386501.7194665112
   417218.0000000974	   164752.7382812500	   164752.0000000000	756	250	34	43.250000	 23385928.2175296545
   417219.0000002147	   158590.4101562500	   158590.0000000000	420	251	34	43.250000	 23385354.0943148509
   417220.0000001574	   152427.8896484375	   152427.0000000000	911	250	34	43.750000	 23384780.7075498365
   417221.0000001009	   146265.4179687500	   146265.0000000000	428	250	34	43.500000	 23384205.9910767227
   417222.0000002194	   140103.1767578125	   140103.0000000000	181	251	34	43.000000	 23383631.3757649325
   417223.0000001628	   133940.7675781250	   133940.0000000000	786	250	34	43.250000	 23383058.3589446805
   417224.0000001055	   127778.4121093750	   127778.0000000000	422	250	34	43.750000	 23382485.9912733436
   417225.0000002236	   121616.2851562500	   121616.0000000000	292	251	34	44.000000	 23381913.2570969425
   417226.0000001674	   115453.9541015625	   115453.0000000000	977	250	34	44.250000	 23381340.4880699292
   417227.0000001115	   109291.6269531250	   109291.0000000000	642	250	34	44.000000	 23380767.9668361247
   417228.0000002309	   103129.6806640625	   103129.0000000000	697	251	34	44.000000	 23380194.7580129877
   417229.0000001757	    96967.4814453125	    96967.0000000000	493	250	34	43.500000	 23379620.1392608322
   417230.0000001217	    90805.3916015625	    90805.0000000000	401	250	34	43.750000	 23379046.6024228446
   417231.0000002424	    84643.6279296875	    84643.0000000000	643	251	34	43.750000	 23378472.9538534060
   417232.0000001880	    78481.6064453125	    78481.0000000000	621	250	34	43.500000	 23377900.2790571339
   417233.0000001340	    72319.6982421875	    72319.0000000000	715	250	34	43.500000	 23377326.7596693598
   417234.0000002558	    66158.0292968750	    66158.0000000000	30	251	34	43.250000	 23376753.8544796072
   417235.0000002015	    59996.1757812500	    59996.0000000000	180	250	34	43.750000	 23376180.5165743940
   417236.0000001484	    53834.4394531250	    53834.0000000000	450	250	34	44.000000	 23375608.6898591369
   417237.0000000939	    47672.7275390625	    47672.0000000000	745	250	34	44.000000	 23375036.2837964781
   417238.0000002144	    41511.3007812500	    41511.0000000000	308	251	34	43.750000	 23374462.8341597840
   417239.0000001615	    35349.6826171875	    35349.0000000000	699	250	34	44.000000	 23373889.6463261805
   417240.0000001085	    29188.1113281250	    29188.0000000000	114	250	34	43.750000	 23373315.6906822994
   417241.0000002310	    23026.8554687500	    23026.0000000000	876	251	34	44.000000	 23372742.2619853169
   417242.0000001774	    16865.3583984375	    16865.0000000000	367	250	34	44.000000	 23372168.8647490665
   417243.0000001249	    10703.9560546875	    10703.0000000000	979	250	34	43.750000	 23371594.3506975509
   417244.0000002480	     4542.8574218750	     4542.0000000000	878	251	34	43.250000	 23371020.2554014362
   417245.0000001962	    -1618.4287109375	  1046957.0000000000	585	250	34	42.750000	 23370448.3833151795
   417246.0000001435	    -7779.6953125000	  1040796.0000000000	312	250	34	43.500000	 23369876.2320254706
   417247.0000000914	   -13940.8349609375	  1034635.0000000000	169	250	34	43.750000	 23369303.2710446641
   417248.0000002158	   -20101.7451171875	  1028474.0000000000	261	251	34	43.500000	 23368730.4356550835
   417249.0000001656	   -26262.7910156250	  1022313.0000000000	214	250	34	44.000000	 23368156.7452539913
   417250.0000001160	   -32423.7666015625	  1016152.0000000000	239	250	34	43.500000	 23367585.2500921786
   417251.0000002397	   -38584.4775390625	  1009991.0000000000	535	251	34	44.000000	 23367014.1911366768
   417252.0000001886	   -44745.3388671875	  1003830.0000000000	677	250	34	43.750000	 23366443.9593722522
   417253.0000001360	   -50906.1123046875	   997669.0000000000	909	250	34	44.000000	 23365872.5584425703
   417254.0000002599	   -57066.6191406250	   991509.0000000000	390	251	34	44.250000	 23365301.2831040807
   417255.0000002096	   -63227.2460937500	   985348.0000000000	772	250	34	44.000000	 23364730.5801831074
   417256.0000001587	   -69387.8095703125	   979188.0000000000	195	250	34	43.750000	 23364158.3974824548
   417257.0000001085	   -75548.2988281250	   973027.0000000000	718	250	34	43.750000	 23363586.8709103912
   417258.0000002327	   -81708.5078125000	   966867.0000000000	504	251	34	43.750000	 23363014.9499131776
   417259.0000001825	   -87868.8955078125	   960707.0000000000	107	250	34	44.000000	 23362443.4233410843
   417260.0000001328	   -94029.2314453125	   954546.0000000000	787	250	34	44.000000	 23361872.7518303581
   417261.0000002576	  -100189.2333984375	   948386.0000000000	785	251	34	43.750000	 23361301.8813370988
   417262.0000002087	  -106349.4238281250	   942226.0000000000	590	250	34	44.500000	 23360730.7386697941
   417263.0000001610	  -112509.5400390625	   936066.0000000000	471	250	34	44.250000	 23360160.2486409619
   417264.0000001123	  -118669.5654296875	   929906.0000000000	445	250	34	44.750000	 23359589.8737839349
   417265.0000002382	  -124829.3193359375	   923746.0000000000	697	251	34	44.250000	 23359018.2075596079
   417266.0000001895	  -130989.2294921875	   917586.0000000000	789	250	34	44.750000	 23358446.9567008428
   417267.0000001411	  -137149.1044921875	   911426.0000000000	917	250	34	44.750000	 23357875.1125340052
   417268.0000000936	  -143308.8984375000	   905267.0000000000	104	250	34	44.750000	 23357304.8179477230
   417269.0000002200	  -149468.3710937500	   899107.0000000000	644	251	34	45.000000	 23356734.7047941387
   417270.0000001717	  -155628.0253906250	   892947.0000000000	998	250	34	45.000000	 23356164.3264469579
   417271.0000001242	  -161787.5996093750	   886788.0000000000	410	250	34	45.250000	 23355594.1575023569
   417272.0000002512	  -167946.8691406250	   880629.0000000000	134	251	34	45.250000	 23355022.6622900516
   417273.0000002040	  -174106.2539062500	   874469.0000000000	764	250	34	44.750000	 23354451.3102194667
   417274.0000001566	  -180265.5595703125	   868310.0000000000	451	250	34	45.000000	 23353880.3350740299
   417275.0000001093	  -186424.7070312500	   862151.0000000000	300	250	34	44.500000	 23353309.6810128205
   417276.0000002367	  -192583.5800781250	   855992.0000000000	430	251	34	44.750000	 23352739.1665035971
   417277.0000001900	  -198742.5791015625	   849833.0000000000	431	250	34	44.750000	 23352168.6694943495
   417278.0000001442	  -204901.5625000000	   843674.0000000000	448	250	34	45.000000	 23351598.8984146006
   417279.0000000987	  -211060.4453125000	   837515.0000000000	568	250	34	45.000000	 23351030.6280549392
   417280.0000002273	  -217219.0332031250	   831356.0000000000	990	251	34	45.500000	 23350461.1780096628
   417281.0000001814	  -223377.7900390625	   825198.0000000000	215	250	34	45.750000	 23349892.9285903759
   417282.0000001358	  -229536.4941406250	   819039.0000000000	518	250	34	45.500000	 23349323.6391370408
   417283.0000000905	  -235695.0419921875	   812880.0000000000	981	250	34	45.750000	 23348754.4194845781
   417284.0000002201	  -241853.3222656250	   806722.0000000000	694	251	34	45.250000	 23348184.7111755274
   417285.0000001750	  -248011.7666015625	   800564.0000000000	239	250	34	45.000000	 23347613.8442208506
   417286.0000001307	  -254170.0703125000	   794405.0000000000	952	250	34	45.250000	 23347044.8130305931
   417287.0000002601	  -260328.0126953125	   788247.0000000000	1011	251	34	45.250000	 23346474.4451027587
   417288.0000002150	  -266486.1552734375	   782089.0000000000	865	250	34	45.000000	 23345904.4541498572
   417289.0000001707	  -272644.2470703125	   775931.0000000000	771	250	34	44.750000	 23345335.2449672669
   417290.0000001263	  -278802.2148437500	   769773.0000000000	804	250	34	44.750000	 23344766.0183344223
   417291.0000002569	  -284959.8798828125	   763616.0000000000	123	251	34	44.750000	 23344196.4635871388
   417292.0000002126	  -291117.7099609375	   757458.0000000000	297	250	34	45.000000	 23343627.8442224599
   417293.0000001685	  -297275.4091796875	   751300.0000000000	605	250	34	45.000000	 23343058.5617487729
   417294.0000001247	  -303433.0205078125	   745142.0000000000	1003	250	34	45.250000	 23342489.6701602899
   417295.0000002557	  -309590.3378906250	   738985.0000000000	678	251	34	45.250000	 23341920.5237483643
   417296.0000002122	  -315747.7949218750	   732828.0000000000	210	250	34	45.500000	 23341352.1486866958
   417297.0000001696	  -321905.1347656250	   726670.0000000000	886	250	34	46.000000	 23340784.1610200107
   417298.0000001270	  -328062.3789062500	   720513.0000000000	636	250	34	45.750000	 23340215.3322520219
   417299.0000002600	  -334219.3320312500	   714356.0000000000	684	251	34	45.500000	 23339645.4913202077
   417300.0000002189	  -340376.5048828125	   708199.0000000000	507	250	34	45.000000	 23339076.1320646368
   417301.0000001780	  -346533.5664062500	   702042.0000000000	444	250	34	45.000000	 23338506.3784337416
   417302.0000001366	  -352690.5664062500	   695885.0000000000	444	250	34	45.250000	 23337937.7555781715
   417303.0000000947	  -358847.4472656250	   689728.0000000000	566	250	34	45.250000	 23337368.8674791791
   417304.0000002285	  -365003.9716796875	   683572.0000000000	29	251	34	45.500000	 23336799.6826759614
   417305.0000001876	  -371160.5878906250	   677415.0000000000	422	250	34	46.000000	 23336230.8050468080
   417306.0000001470	  -377317.1425781250	   671258.0000000000	878	250	34	46.000000	 23335662.4439445026
   417307.0000001049	  -383473.5546875000	   665102.0000000000	456	250	34	46.250000	 23335093.6116863228
   417308.0000002381	  -389629.6103515625	   658946.0000000000	399	251	34	46.500000	 23334525.1109324843
   417309.0000001963	  -395785.8583984375	   652790.0000000000	145	250	34	46.000000	 23333955.6679159813
   417310.0000001552	  -401942.0546875000	   646633.0000000000	968	250	34	46.000000	 23333387.3103038669
   417311.0000001143	  -408098.1884765625	   640477.0000000000	831	250	34	45.750000	 23332819.9717854299
   417312.0000002481	  -414254.0126953125	   634321.0000000000	1011	251	34	45.500000	 23332250.9649745785
   417313.0000002082	  -420409.9853515625	   628166.0000000000	15	250	34	45.250000	 23331683.0645582825
   417314.0000001679	  -426565.8222656250	   622010.0000000000	182	250	34	45.000000	 23331115.5236169137
   417315.0000001281	  -432721.5527343750	   615854.0000000000	458	250	34	46.000000	 23330548.8028364405
   417316.0000000887	  -438877.2314453125	   609698.0000000000	787	250	34	46.500000	 23329983.0976594537
   417317.0000002229	  -445032.5849609375	   603543.0000000000	425	251	34	46.500000	 23329416.6281125881
   417318.0000001831	  -451188.1220703125	   597387.0000000000	899	250	34	47.250000	 23328849.7642402165
   417319.0000001433	  -457343.5527343750	   591232.0000000000	458	250	34	46.750000	 23328282.6490844190
   417320.0000001038	  -463498.8886718750	   585077.0000000000	114	250	34	47.250000	 23327716.8915567808
   417321.0000002390	  -469653.8828125000	   578922.0000000000	120	251	34	47.000000	 23327150.1462959163
   417322.0000001999	  -475809.0058593750	   572766.0000000000	1018	250	34	47.000000	 23326582.5250831395
   417323.0000001617	  -481964.0537109375	   566611.0000000000	969	250	34	46.750000	 23326015.2912653089
   417324.0000001233	  -488119.0175781250	   560456.0000000000	1006	250	34	46.750000	 23325448.2912806533
   417325.0000002598	  -494273.5810546875	   554302.0000000000	429	251	34	46.250000	 23324881.8042829037
   417326.0000002202	  -500428.2861328125	   548147.0000000000	731	250	34	46.500000	 23324314.4378436767
   417327.0000001806	  -506582.8212890625	   541993.0000000000	183	250	34	45.750000	 23323746.5164870061
   417328.0000001421	  -512737.3564453125	   535838.0000000000	659	250	34	46.000000	 23323179.1954180859
   417329.0000001049	  -518891.7275390625	   529684.0000000000	279	250	34	46.750000	 23322611.9895203449
   417330.0000002410	  -525045.7070312500	   523530.0000000000	300	251	34	47.250000	 23322043.9494518489
   417331.0000002036	  -531199.8925781250	   517376.0000000000	110	250	34	47.000000	 23321475.9582936093
   417332.0000001675	  -537353.9736328125	   511222.0000000000	27	250	34	46.250000	 23320907.7961226813
   417333.0000001311	  -543507.8671875000	   505068.0000000000	136	250	34	46.000000	 23320340.4052522257
   417334.0000000942	  -549661.7148437500	   498914.0000000000	292	250	34	46.000000	 23319773.1260634214
   417335.0000002328	  -555815.2255859375	   492760.0000000000	793	251	34	45.750000	 23319206.2656300515
   417336.0000001954	  -561968.8769531250	   486607.0000000000	126	250	34	45.250000	 23318639.4192072004
   417337.0000001583	  -568122.3261718750	   480453.0000000000	690	250	34	45.000000	 23318073.0893112011
   417338.0000001217	  -574275.7080078125	   474300.0000000000	299	250	34	45.000000	 23317508.0612025186
   417339.0000002606	  -580428.7773437500	   468147.0000000000	228	251	34	44.000000	 23316942.2896636911
   417340.0000002245	  -586581.9599609375	   461994.0000000000	41	250	34	44.250000	 23316377.1324231364
   417341.0000001887	  -592735.0498046875	   455840.0000000000	973	250	34	44.500000	 23315811.9018915221
   417342.0000001521	  -598888.0839843750	   449687.0000000000	938	250	34	44.000000	 23315245.3172219358
   417343.0000001167	  -605040.9726562500	   443535.0000000000	28	250	34	45.000000	 23314679.7970163338
   417344.0000002561	  -611193.5400390625	   437382.0000000000	471	251	34	45.000000	 23314116.3114580624
   417345.0000002199	  -617346.2597656250	   431229.0000000000	758	250	34	45.500000	 23313550.5294991583
   417346.0000001850	  -623498.7578125000	   425077.0000000000	248	250	34	46.250000	 23312985.5956212766
   417347.0000001510	  -629651.2119140625	   418924.0000000000	807	250	34	46.500000	 23312418.6340258829
   417348.0000001174	  -635803.4697265625	   412772.0000000000	543	250	34	45.750000	 23311852.3669497110
   417349.0000002590	  -641955.4355468750	   406620.0000000000	578	251	34	46.000000	 23311285.2342918366
   417350.0000002263	  -648107.5263671875	   400468.0000000000	485	250	34	46.000000	 23310719.8013366237
   417351.0000001922	  -654259.5439453125	   394316.0000000000	467	250	34	46.000000	 23310154.1101182997
   417352.0000001577	  -660411.4121093750	   388164.0000000000	602	250	34	45.750000	 23309588.4398404174
   417353.0000001231	  -666563.1689453125	   382012.0000000000	851	250	34	45.500000	 23309020.6964747161
   417354.0000000898	  -672714.7646484375	   375861.0000000000	241	250	34	45.250000	 23308453.2462725602
   417355.0000002314	  -678865.9755859375	   369710.0000000000	25	251	34	44.750000	 23307887.2583500445
   417356.0000001971	  -685017.3720703125	   363558.0000000000	643	250	34	44.750000	 23307321.7835147157
   417357.0000001642	  -691168.6572265625	   357407.0000000000	351	250	34	44.750000	 23306756.5843927115
   417358.0000001299	  -697319.8007812500	   351256.0000000000	204	250	34	45.000000	 23306192.9523021430
   417359.0000000951	  -703470.8066406250	   345105.0000000000	198	250	34	46.000000	 23305629.3411519863
   417360.0000002366	  -709621.4501953125	   338954.0000000000	563	251	34	45.500000	 23305066.4838015549
   417361.0000002025	  -715772.2226562500	   332803.0000000000	796	250	34	45.750000	 23304503.9231553152
   417362.0000001679	  -721922.8408203125	   326653.0000000000	163	250	34	46.000000	 23303939.6488961838
   417363.0000001339	  -728073.3164062500	   320502.0000000000	700	250	34	46.000000	 23303376.5507826842
   417364.0000001002	  -734223.6503906250	   314352.0000000000	358	250	34	46.500000	 23302812.5382768214
   417365.0000002427	  -740373.6074218750	   308202.0000000000	402	251	34	46.500000	 23302248.8153945170
   417366.0000002104	  -746523.7099609375	   302052.0000000000	297	250	34	46.000000	 23301685.8115117885
   417367.0000001774	  -752673.7041015625	   295902.0000000000	303	250	34	46.250000	 23301122.4376842976
   417368.0000001446	  -758823.5615234375	   289752.0000000000	449	250	34	46.500000	 23300559.4023913257
   417369.0000001122	  -764973.2734375000	   283602.0000000000	744	250	34	46.250000	 23299995.7912404686
   417370.0000002549	  -771122.5449218750	   277453.0000000000	466	251	34	45.750000	 23299431.1539657973
   417371.0000002226	  -777271.9707031250	   271304.0000000000	30	250	34	46.000000	 23298866.8273553438
   417372.0000001907	  -783421.2656250000	   265154.0000000000	752	250	34	46.250000	 23298303.0870725811
   417373.0000001592	  -789570.3925781250	   259005.0000000000	622	250	34	46.500000	 23297740.0064086355
   417374.0000001278	  -795719.4658203125	   252856.0000000000	547	250	34	47.000000	 23297176.9780953452
   417375.0000000968	  -801868.3544921875	   246707.0000000000	661	250	34	47.000000	 23296613.0528399013
   417376.0000002410	  -808016.8554687500	   240559.0000000000	148	251	34	47.000000	 23296049.5672802664
   417377.0000002101	  -814165.4941406250	   234410.0000000000	518	250	34	46.750000	 23295486.5354767852
   417378.0000001796	  -820314.0253906250	   228261.0000000000	998	250	34	46.750000	 23294923.7863669433
   417379.0000001495	  -826462.5000000000	   222113.0000000000	512	250	34	46.250000	 23294360.8383243941
   417380.0000001194	  -832610.7685546875	   215965.0000000000	237	250	34	46.250000	 23293796.6373549551
   417381.0000000887	  -838758.9423828125	   209817.0000000000	59	250	34	45.750000	 23293230.9391555861
   417382.0000002346	  -844906.7080078125	   203669.0000000000	299	251	34	45.500000	 23292667.3872845732
   417383.0000002041	  -851054.6181640625	   197521.0000000000	391	250	34	46.000000	 23292104.4776326157
   417384.0000001745	  -857202.3349609375	   191373.0000000000	681	250	34	45.750000	 23291541.1317245476
   417385.0000001458	  -863349.9306640625	   185226.0000000000	71	250	34	45.500000	 23290978.0301194936
   417386.0000001169	  -869497.3906250000	   179078.0000000000	624	250	34	45.750000	 23290414.6248803958
   417387.0000000881	  -875644.6972656250	   172931.0000000000	310	250	34	46.000000	 23289851.0765493959
   417388.0000002342	  -881791.5722656250	   166784.0000000000	438	251	34	45.750000	 23289288.1493967287
   417389.0000002043	  -887938.5039062500	   160637.0000000000	508	250	34	46.250000	 23288726.2902486883
   417390.0000001752	  -894085.2705078125	   154490.0000000000	747	250	34	45.750000	 23288164.8010454141
   417391.0000001456	  -900231.8525390625	   148344.0000000000	151	250	34	46.000000	 23287603.4409740083
   417392.0000001155	  -906378.3193359375	   142197.0000000000	697	250	34	45.750000	 23287041.1001995541
   417393.0000002614	  -912524.3925781250	   136051.0000000000	622	251	34	45.500000	 23286479.1223396920
   417394.0000002327	  -918670.5351562500	   129905.0000000000	476	250	34	45.750000	 23285917.3085619621
   417395.0000002047	  -924816.4619140625	   123759.0000000000	551	250	34	46.250000	 23285356.5976388007
   417396.0000001753	  -930962.2646484375	   117613.0000000000	753	250	34	46.750000	 23284794.0020907633
   417397.0000001464	  -937107.9462890625	   111468.0000000000	55	250	34	46.250000	 23284230.5794014446
   417398.0000001195	  -943253.4404296875	   105322.0000000000	573	250	34	45.750000	 23283667.4638356976
   417399.0000000924	  -949398.8076171875	    99177.0000000000	197	250	34	45.500000	 23283105.8524801992
   417400.0000002406	  -955543.8066406250	    93032.0000000000	198	251	34	46.000000	 23282543.7315277383
   417401.0000002137	  -961688.8750000000	    86887.0000000000	128	250	34	45.500000	 23281981.1883296557
   417402.0000001874	  -967833.7744140625	    80742.0000000000	231	250	34	45.500000	 23281419.3745512255
   417403.0000001609	  -973978.5039062500	    74597.0000000000	508	250	34	45.000000	 23280857.6689642891
   417404.0000001341	  -980122.9658203125	    68453.0000000000	35	250	34	45.000000	 23280295.1606666744
   417405.0000001058	  -986267.2802734375	    62308.0000000000	737	250	34	45.250000	 23279732.1986633614
   417406.0000002537	  -992411.2382812500	    56164.0000000000	780	251	34	45.250000	 23279169.0970078520
   417407.0000002275	  -998555.2587890625	    50020.0000000000	759	250	34	45.000000	 23278607.4961222261
   417408.0000002019	 -1004699.0947265625	    43876.0000000000	927	250	34	45.750000	 23278045.3368289322
   417409.0000001758	 -1010842.7832031250	    37733.0000000000	222	250	34	44.500000	 23277482.5912079476
   417410.0000001498	 -1016986.2324218750	    31589.0000000000	786	250	34	44.250000	 23276920.8821308240
   417411.0000001242	 -1023129.4921875000	    25446.0000000000	520	250	34	43.750000	 23276360.1712069996
   417412.0000000985	 -1029272.5234375000	    19303.0000000000	488	250	34	44.250000	 23275800.1233921163
   417413.0000002469	 -1035415.1914062500	    13160.0000000000	828	251	34	45.000000	 23275239.4857094921
   417414.0000002214	 -1041557.9267578125	     7018.0000000000	75	250	34	44.500000	 23274679.3646035492
   417415.0000001954	 -1047700.4482421875	      875.0000000000	565	250	34	46.000000	 23274120.0880891345
   417416.0000001692	 -1053842.8330078125	  1043309.0000000000	171	250	34	46.500000	 23273560.4730401672
   417417.0000001424	 -1059985.0810546875	  1037166.0000000000	941	250	34	46.000000	 23273000.2367630787
   417418.0000001169	 -1066127.0957031250	  1031024.0000000000	926	250	34	46.500000	 23272439.5607396886
   417419.0000000912	 -1072268.9697265625	  1024883.0000000000	31	250	34	46.000000	 23271878.7974651791
   417420.0000002415	 -1078410.1513671875	  1018741.0000000000	869	251	34	45.500000	 23271317.7165460996
   417421.0000002165	 -1084551.8515625000	  1012600.0000000000	152	250	34	45.250000	 23270755.7492052019
   417422.0000001924	 -1090693.6298828125	  1006458.0000000000	379	250	34	44.750000	 23270195.7607206516
   417423.0000001672	 -1096835.4326171875	  1000316.0000000000	581	250	34	45.000000	 23269633.7061286978
   417424.0000001430	 -1102977.0791015625	   994174.0000000000	943	250	34	44.000000	 23269072.6811002567
   417425.0000001196	 -1109118.7949218750	   988033.0000000000	210	250	34	43.750000	 23268511.9178250805
   417426.0000000963	 -1115260.6416015625	   981891.0000000000	367	250	34	43.750000	 23267951.1545499042
   417427.0000002496	 -1121402.3095703125	   975749.0000000000	707	251	34	43.500000	 23267391.2672259770
   417428.0000002254	 -1127544.0146484375	   969607.0000000000	1009	250	34	45.000000	 23266830.4027396850
   417429.0000002020	 -1133686.0615234375	   963465.0000000000	961	250	34	46.000000	 23266270.0512900539
   417430.0000001798	 -1139828.5224609375	   957323.0000000000	489	250	34	46.500000	 23265710.3350286074
   417431.0000001577	 -1145971.2998046875	   951180.0000000000	717	250	34	46.750000	 23265152.1020370685
   417432.0000001349	 -1152114.6240234375	   945037.0000000000	385	250	34	47.000000	 23264593.0698249675
   417433.0000001132	 -1158258.0703125000	   938893.0000000000	952	250	34	47.250000	 23264034.3517168239
   417434.0000000907	 -1164402.6005859375	   932749.0000000000	409	250	34	47.750000	 23263474.4400128238
   417435.0000002451	 -1170545.9267578125	   926606.0000000000	75	251	34	47.500000	 23262914.7237008885
   417436.0000002244	 -1176688.7851562500	   920463.0000000000	220	250	34	46.500000	 23262353.4753084406
   417437.0000002034	 -1182830.9794921875	   914321.0000000000	21	250	34	47.750000	 23261793.4100419730
   417438.0000001817	 -1188973.3447265625	   908178.0000000000	671	250	34	48.000000	 23261232.4024630487
   417439.0000001621	 -1195116.6142578125	   902035.0000000000	395	250	34	47.750000	 23260672.7734520249
   417440.0000001440	 -1201258.8515625000	   895893.0000000000	152	250	34	48.000000	 23260115.7270752899
   417441.0000001220	 -1207400.6230468750	   889751.0000000000	386	250	34	48.000000	 23259556.7960743420
   417442.0000000998	 -1213542.2031250000	   883609.0000000000	816	250	34	47.750000	 23258997.6521805897
   417443.0000002547	 -1219683.4687500000	   877468.0000000000	544	251	34	47.750000	 23258439.8274739124
   417444.0000002343	 -1225825.8144531250	   871326.0000000000	190	250	34	47.750000	 23257881.3850790635
   417445.0000002146	 -1231970.6582031250	   865181.0000000000	350	250	34	48.250000	 23257321.8293590993
   417446.0000001946	 -1238115.4833984375	   859036.0000000000	529	250	34	47.250000	 23256762.2387386672
   417447.0000001749	 -1244260.3593750000	   852891.0000000000	656	250	34	47.500000	 23256203.1122944690
   417448.0000001548	 -1250404.5869140625	   846747.0000000000	423	250	34	48.000000	 23255643.4693234190
   417449.0000001345	 -1256547.9218750000	   840604.0000000000	80	250	34	47.750000	 23255084.3463693745
   417450.0000001146	 -1262688.7187500000	   834463.0000000000	288	250	34	46.000000	 23254525.1850247383
   417451.0000000959	 -1268827.4599609375	   828324.0000000000	553	250	34	45.500000	 23253965.8003167659
   417452.0000002506	 -1274965.7304687500	   822186.0000000000	276	251	34	43.500000	 23253406.3492482826
   417453.0000002308	 -1281104.6269531250	   816047.0000000000	382	250	34	43.250000	 23252848.7793650180
   417454.0000002119	 -1287243.2832031250	   809908.0000000000	734	250	34	43.250000	 23252291.5061354190
   417455.0000001923	 -1293381.4482421875	   803770.0000000000	565	250	34	43.500000	 23251735.1507883780
   417456.0000001714	 -1299518.9121093750	   797633.0000000000	90	250	34	44.000000	 23251178.2684446499
   417457.0000001512	 -1305655.8291015625	   791496.0000000000	175	250	34	44.750000	 23250619.1629408263
   417458.0000001317	 -1311792.0654296875	   785359.0000000000	957	250	34	44.250000	 23250060.9648490213
   417459.0000001129	 -1317927.2080078125	   779224.0000000000	811	250	34	44.250000	 23249503.5659777410
   417460.0000000937	 -1324062.0156250000	   773089.0000000000	1008	250	34	47.250000	 23248945.7762212940
   417461.0000002496	 -1330196.3710937500	   766955.0000000000	644	251	34	48.000000	 23248388.5169019625
   417462.0000002303	 -1336331.0273437500	   760820.0000000000	996	250	34	48.250000	 23247831.1215208434
   417463.0000002115	 -1342465.6972656250	   754686.0000000000	310	250	34	48.250000	 23247273.5621074140
   417464.0000001926	 -1348600.3476562500	   748551.0000000000	668	250	34	48.500000	 23246716.2714276314
   417465.0000001736	 -1354734.8867187500	   742417.0000000000	116	250	34	48.500000	 23246158.6771137677
   417466.0000001561	 -1360869.5419921875	   736282.0000000000	469	250	34	48.250000	 23245601.6621472798
   417467.0000001381	 -1367006.1523437500	   730145.0000000000	868	250	34	48.500000	 23245044.0783032514
   417468.0000001207	 -1373142.5292968750	   724009.0000000000	482	250	34	48.750000	 23244487.4018712454
   417469.0000001037	 -1379278.0390625000	   717873.0000000000	984	250	34	48.500000	 23243931.3850580268
   417470.0000002594	 -1385412.6875000000	   711739.0000000000	320	251	34	48.000000	 23243374.9493897855
   417471.0000002411	 -1391547.7148437500	   705604.0000000000	292	250	34	47.750000	 23242818.1193960123
   417472.0000002232	 -1397682.8007812500	   699469.0000000000	204	250	34	47.500000	 23242261.7151878104
   417473.0000002052	 -1403817.6513671875	   693334.0000000000	357	250	34	47.000000	 23241704.6862612925
   417474.0000001872	 -1409952.4404296875	   687199.0000000000	573	250	34	47.000000	 23241147.3886011317
   417475.0000001695	 -1416088.1494140625	   681063.0000000000	871	250	34	47.750000	 23240589.4627324305
   417476.0000001530	 -1422226.1562500000	   674925.0000000000	864	250	34	48.000000	 23240030.9016748779
   417477.0000001377	 -1428364.1005859375	   668787.0000000000	921	250	34	46.500000	 23239473.2445391268
   417478.0000001211	 -1434501.8750000000	   662650.0000000000	128	250	34	48.250000	 23238915.9364084266
   417479.0000001041	 -1440639.6123046875	   656512.0000000000	397	250	34	47.750000	 23238358.8097602837
   417480.0000002620	 -1446776.8847656250	   650375.0000000000	118	251	34	47.750000	 23237801.1421048678
   417481.0000002454	 -1452914.4521484375	   644237.0000000000	561	250	34	47.750000	 23237243.8339741714
   417482.0000002295	 -1459051.8535156250	   638100.0000000000	150	250	34	48.500000	 23236686.7352460846
   417483.0000002135	 -1465188.7929687500	   631963.0000000000	212	250	34	47.250000	 23236129.7447094917
   417484.0000001967	 -1471324.6357421875	   625827.0000000000	373	250	34	47.750000	 23235572.9565958343
   417485.0000001814	 -1477458.0263671875	   619693.0000000000	997	250	34	47.000000	 23235016.8909214512
   417486.0000001652	 -1483590.7978515625	   613561.0000000000	207	250	34	45.000000	 23234458.8289405331
   417487.0000001499	 -1489722.8710937500	   607429.0000000000	132	250	34	44.250000	 23233901.9221648425
   417488.0000001336	 -1495854.6757812500	   601297.0000000000	332	250	34	44.000000	 23233343.9858256057
   417489.0000001193	 -1501986.2382812500	   595165.0000000000	780	250	34	44.750000	 23232788.5029887892
   417490.0000001041	 -1508117.3056640625	   589034.0000000000	711	250	34	45.250000	 23232233.3307663649
   417491.0000000885	 -1514247.8046875000	   582904.0000000000	200	250	34	45.500000	 23231678.6087601110
   417492.0000002480	 -1520377.6162109375	   576774.0000000000	393	251	34	45.750000	 23231123.2899058051
   417493.0000002329	 -1526507.7568359375	   570644.0000000000	249	250	34	44.250000	 23230567.8663999885
   417494.0000002168	 -1532638.4550781250	   564513.0000000000	558	250	34	43.500000	 23230014.1146269105
   417495.0000002001	 -1538769.1542968750	   558382.0000000000	866	250	34	45.500000	 23229457.7906894535
   417496.0000001846	 -1544899.8222656250	   552252.0000000000	182	250	34	43.000000	 23228903.1035836674
   417497.0000001686	 -1551030.1787109375	   546121.0000000000	841	250	34	44.250000	 23228348.2419756725
   417498.0000001528	 -1557160.6757812500	   539991.0000000000	332	250	34	44.000000	 23227793.1814349331
   417499.0000001375	 -1563291.0097656250	   533860.0000000000	1014	250	34	42.750000	 23227236.2572089918
   417500.0000001229	 -1569421.3798828125	   527730.0000000000	635	250	34	45.000000	 23226681.4200309291
   417501.0000001082	 -1575551.2343750000	   521600.0000000000	784	250	34	46.500000	 23226125.5288587213
   417502.0000000933	 -1581679.3427734375	   515472.0000000000	673	250	34	46.250000	 23225570.4438873865
   417503.0000002538	 -1587807.8593750000	   509344.0000000000	144	251	34	46.750000	 23225015.4391370043
   417504.0000002399	 -1593935.8779296875	   503216.0000000000	125	250	34	44.250000	 23224461.9386466555
   417505.0000002247	 -1600062.9853515625	   497089.0000000000	15	250	34	44.500000	 23223907.8937094025
   417506.0000002081	 -1606190.1855468750	   490961.0000000000	834	250	34	44.500000	 23223352.5888656192
   417507.0000001930	 -1612317.7089843750	   484834.0000000000	298	250	34	44.000000	 23222796.8791759685
   417508.0000001788	 -1618445.1621093750	   478706.0000000000	858	250	34	44.000000	 23222243.2914345339
   417509.0000001646	 -1624572.4726562500	   472579.0000000000	540	250	34	44.750000	 23221689.1138752215
   417510.0000001506	 -1630699.5361328125	   466452.0000000000	475	250	34	44.750000	 23221134.1650154702
   417511.0000001369	 -1636824.8427734375	   460327.0000000000	161	250	34	44.500000	 23220580.4481421672
   417512.0000001243	 -1642947.4990234375	   454204.0000000000	513	250	34	45.250000	 23220027.0628229976
   417513.0000001123	 -1649069.4287109375	   448082.0000000000	585	250	34	45.500000	 23219474.1207396537
   417514.0000000995	 -1655190.8642578125	   441961.0000000000	139	250	34	47.750000	 23218920.9518034756
   417515.0000002607	 -1661311.6621093750	   435840.0000000000	346	251	34	47.500000	 23218368.1597425863
   417516.0000002476	 -1667432.5878906250	   429719.0000000000	422	250	34	47.000000	 23217814.5999212377
   417517.0000002345	 -1673553.2578125000	   423598.0000000000	760	250	34	45.000000	 23217261.5042761229
   417518.0000002214	 -1679673.9375000000	   417478.0000000000	64	250	34	45.250000	 23216708.9635484517
   417519.0000002083	 -1685794.8427734375	   411357.0000000000	161	250	34	45.000000	 23216156.1191867329
   417520.0000001951	 -1691917.7910156250	   405234.0000000000	214	250	34	45.750000	 23215601.9869976938
   417521.0000001824	 -1698041.7988281250	   399110.0000000000	206	250	34	45.000000	 23215049.8371551931
   417522.0000001678	 -1704165.5410156250	   392986.0000000000	470	250	34	44.750000	 23214493.4259659462
   417523.0000001548	 -1710288.8251953125	   386863.0000000000	179	250	34	43.750000	 23213938.4701258503
   417524.0000001420	 -1716412.0244140625	   380739.0000000000	999	250	34	43.250000	 23213384.8719138764
   417525.0000001292	 -1722535.2363281250	   374616.0000000000	782	250	34	43.250000	 23212830.7187844627
   417526.0000001181	 -1728658.4658203125	   368493.0000000000	547	250	34	43.000000	 23212276.3388015181
   417527.0000001076	 -1734781.5478515625	   362370.0000000000	463	250	34	43.000000	 23211724.7089753598
   417528.0000000947	 -1740903.3320312500	   356248.0000000000	684	250	34	44.000000	 23211171.9518647268
   417529.0000002587	 -1747024.3164062500	   350127.0000000000	700	251	34	45.250000	 23210621.1246994585
   417530.0000002469	 -1753144.5634765625	   344007.0000000000	447	250	34	48.000000	 23210069.5576944910
   417531.0000002352	 -1759264.8369140625	   337887.0000000000	167	250	34	48.000000	 23209518.4199652821
   417532.0000002233	 -1765384.7900390625	   331767.0000000000	215	250	34	48.500000	 23208966.1200504713
   417533.0000002118	 -1771504.5156250000	   325647.0000000000	496	250	34	48.000000	 23208413.7642948478
   417534.0000002002	 -1777624.3486328125	   319527.0000000000	667	250	34	48.750000	 23207861.8203647695
   417535.0000001885	 -1783744.2675781250	   313407.0000000000	750	250	34	48.500000	 23207310.2533598021
   417536.0000001770	 -1789865.2949218750	   307286.0000000000	722	250	34	48.250000	 23206757.9150543958
   417537.0000001654	 -1795986.3974609375	   301165.0000000000	617	250	34	48.750000	 23206206.5434919782
   417538.0000001542	 -1802106.9736328125	   295045.0000000000	27	250	34	48.250000	 23205651.8424247690
   417539.0000001440	 -1808227.3164062500	   288924.0000000000	700	250	34	47.250000	 23205098.4571049325
   417540.0000001334	 -1814347.6162109375	   282804.0000000000	393	250	34	48.250000	 23204546.2374608628
   417541.0000001224	 -1820467.6542968750	   276684.0000000000	354	250	34	48.500000	 23203994.4505827464
   417542.0000001112	 -1826587.2441406250	   270564.0000000000	774	250	34	48.750000	 23203442.4857122600
   417543.0000001007	 -1832707.1484375000	   264444.0000000000	872	250	34	48.500000	 23202891.0164282508
   417544.0000000896	 -1838829.8261718750	   258322.0000000000	178	250	34	48.250000	 23202338.6397322193
   417545.0000002542	 -1844952.5976562500	   252199.0000000000	412	251	34	47.500000	 23201786.2874162607
   417546.0000002432	 -1851075.6738281250	   246076.0000000000	334	250	34	47.000000	 23201233.3907032236
   417547.0000002328	 -1857198.6523437500	   239953.0000000000	356	250	34	48.250000	 23200681.3665017039
   417548.0000002224	 -1863321.5253906250	   233830.0000000000	486	250	34	48.000000	 23200128.9130244553
   417549.0000002120	 -1869444.1923828125	   227707.0000000000	827	250	34	48.750000	 23199576.8888229690
   417550.0000002015	 -1875566.3398437500	   221585.0000000000	676	250	34	47.750000	 23199024.7040793337
   417551.0000001915	 -1881687.1875000000	   215464.0000000000	832	250	34	48.500000	 23198472.5158455074
   417552.0000001815	 -1887804.2685546875	   209347.0000000000	749	250	34	45.750000	 23197920.7568874806
   417553.0000001725	 -1893921.3720703125	   203230.0000000000	643	250	34	45.750000	 23197369.5807669833
   417554.0000001624	 -1900037.7373046875	   197114.0000000000	269	250	34	46.000000	 23196819.2352779210
   417555.0000001515	 -1906154.4150390625	   190997.0000000000	599	250	34	46.750000	 23196268.6454858445
   417556.0000001422	 -1912270.9960937500	   184881.0000000000	4	250	34	46.750000	 23195718.0975738503
   417557.0000001319	 -1918387.4394531250	   178764.0000000000	574	250	34	47.500000	 23195167.3961000890
   417558.0000001223	 -1924504.2822265625	   172647.0000000000	735	250	34	46.500000	 23194615.7592935823
   417559.0000001136	 -1930621.8154296875	   166530.0000000000	189	250	34	44.250000	 23194063.8118726164
   417560.0000001052	 -1936739.4345703125	   160412.0000000000	579	250	34	45.250000	 23193513.9724399000
   417561.0000000959	 -1942857.0439453125	   154294.0000000000	979	250	34	43.500000	 23192962.4228844494
   417562.0000002615	 -1948973.9062500000	   148178.0000000000	96	251	34	44.750000	 23192410.3846724480
   417563.0000002536	 -1955090.4179687500	   142061.0000000000	596	250	34	43.500000	 23191859.2539222203
   417564.0000002456	 -1961206.4414062500	   135945.0000000000	572	250	34	43.500000	 23191308.6606392898
   417565.0000002367	 -1967322.5585937500	   129829.0000000000	452	250	34	46.000000	 23190757.3937775120
   417566.0000002293	 -1973437.7949218750	   123714.0000000000	210	250	34	47.250000	 23190207.6904563531
   417567.0000002199	 -1979551.3623046875	   117600.0000000000	653	250	34	46.500000	 23189655.6767247021
   417568.0000002130	 -1985665.6728515625	   111486.0000000000	335	250	34	43.500000	 23189105.4498963095
   417569.0000002051	 -1991778.9707031250	   105373.0000000000	30	250	34	42.500000	 23188554.6053299494
   417570.0000001958	 -1997891.7597656250	    99260.0000000000	246	250	34	41.500000	 23188004.4692435339
   417571.0000001876	 -2004004.7041015625	    93147.0000000000	303	250	34	42.000000	 23187455.2719793543
   417572.0000001811	 -2010117.4492187500	    87034.0000000000	564	250	34	42.750000	 23186906.2945876569
   417573.0000001735	 -2016229.9384765625	    80922.0000000000	63	250	34	42.250000	 23186358.5422027223
   417574.0000001643	 -2022340.2568359375	    74811.0000000000	761	250	34	43.250000	 23185808.4584669583
   417575.0000001568	 -2028448.2509765625	    68703.0000000000	767	250	34	43.500000	 23185259.3100632392
   417576.0000001488	 -2034555.5478515625	    62596.0000000000	463	250	34	46.250000	 23184710.7375174388
   417577.0000001412	 -2040662.3476562500	    56489.0000000000	668	250	34	46.250000	 23184161.2680294551
   417578.0000001337	 -2046768.9345703125	    50383.0000000000	67	250	34	46.250000	 23183612.9781772941
   417579.0000001263	 -2052875.4218750000	    44276.0000000000	592	250	34	46.500000	 23183064.4195914865
   417580.0000001186	 -2058981.6201171875	    38170.0000000000	389	250	34	47.250000	 23182516.2204805724
   417581.0000001110	 -2065087.8623046875	    32064.0000000000	141	250	34	45.750000	 23181966.9115347378
   417582.0000001038	 -2071195.3876953125	    25956.0000000000	627	250	34	44.000000	 23181418.5832919516
   417583.0000000964	 -2077304.7929687500	    19847.0000000000	212	250	34	45.750000	 23180868.1645111963
   417584.0000000902	 -2083414.2128906250	    13737.0000000000	806	250	34	44.250000	 23180320.9914736375
   417585.0000002563	 -2089523.3173828125	     7628.0000000000	699	251	34	44.750000	 23179772.7958031222
   417586.0000002474	 -2095632.7021484375	     1519.0000000000	305	250	34	44.750000	 23179223.6578699388
   417587.0000002417	 -2101742.0703125000	  1043985.0000000000	952	250	34	45.000000	 23178674.6211472414
   417588.0000002359	 -2107851.2675781250	  1037876.0000000000	750	250	34	45.000000	 23178125.5495240763
   417589.0000002298	 -2113960.1982421875	  1031767.0000000000	821	250	34	45.000000	 23177578.5544788837
   417590.0000002231	 -2120067.0341796875	  1025660.0000000000	989	250	34	45.250000	 23177029.3467441648
   417591.0000002170	 -2126171.3955078125	  1019556.0000000000	619	250	34	46.250000	 23176481.4931474477
   417592.0000002111	 -2132274.7773437500	  1013453.0000000000	228	250	34	46.750000	 23175933.9780852161
   417593.0000002050	 -2138377.9257812500	  1007350.0000000000	76	250	34	45.500000	 23175386.6794059761
   417594.0000001984	 -2144481.1855468750	  1001246.0000000000	834	250	34	45.500000	 23174838.0789393857
   417595.0000001928	 -2150584.6845703125	   995143.0000000000	323	250	34	46.500000	 23174290.7942201756
   417596.0000001863	 -2156689.2490234375	   989038.0000000000	769	250	34	47.500000	 23173742.9441136159
   417597.0000001799	 -2162795.3085937500	   982932.0000000000	708	250	34	47.500000	 23173195.8618173338
   417598.0000001734	 -2168901.2753906250	   976826.0000000000	742	250	34	47.250000	 23172648.0117108077
   417599.0000001675	 -2175007.1123046875	   970720.0000000000	909	250	34	47.500000	 23172099.7637387291
   417600.0000001629	 -2181112.9404296875	   964615.0000000000	61	250	34	47.500000	 23171551.9345719106
   417601.0000001572	 -2187218.5039062500	   958509.0000000000	508	250	34	47.500000	 23171004.0425845683
   417602.0000001513	 -2193323.7958984375	   952404.0000000000	209	250	34	47.250000	 23170455.0966031179
   417603.0000001454	 -2199429.2431640625	   946298.0000000000	775	250	34	46.750000	 23169907.5640906990
   417604.0000001406	 -2205534.3164062500	   940193.0000000000	700	250	34	47.500000	 23169360.0769485235
   417605.0000001357	 -2211638.7705078125	   934089.0000000000	235	250	34	48.000000	 23168814.1638175286
   417606.0000001299	 -2217743.0468750000	   927984.0000000000	976	250	34	48.000000	 23168267.5073068216
   417607.0000001244	 -2223847.1396484375	   921880.0000000000	881	250	34	48.000000	 23167720.5436719097
   417608.0000001205	 -2229950.7578125000	   915777.0000000000	248	250	34	47.750000	 23167174.3548268899
   417609.0000001145	 -2236053.9091796875	   909674.0000000000	93	250	34	48.000000	 23166627.2166897990
   417610.0000001083	 -2242156.6044921875	   903571.0000000000	405	250	34	47.750000	 23166080.7416616157
   417611.0000001008	 -2248258.8007812500	   897469.0000000000	204	250	34	48.250000	 23165532.8810852170
   417612.0000000937	 -2254360.4423828125	   891367.0000000000	571	250	34	48.000000	 23164985.7150280364
   417613.0000000881	 -2260462.0498046875	   885265.0000000000	973	250	34	47.250000	 23164437.1424815059
   417614.0000002607	 -2266563.3125000000	   879164.0000000000	704	251	34	47.500000	 23163888.6292148493
   417615.0000002574	 -2272664.6943359375	   873063.0000000000	313	250	34	46.000000	 23163341.1665026024
   417616.0000002540	 -2278766.1328125000	   866961.0000000000	888	250	34	47.750000	 23162794.8310754932
   417617.0000002501	 -2284867.4814453125	   860860.0000000000	531	250	34	48.000000	 23162247.7662287317
   417618.0000002454	 -2290968.3017578125	   854759.0000000000	715	250	34	47.750000	 23161700.7432627864
   417619.0000002409	 -2297069.1191406250	   848658.0000000000	902	250	34	47.250000	 23161155.0604747795
   417620.0000002360	 -2303169.4365234375	   842558.0000000000	577	250	34	47.250000	 23160608.7006178088
   417621.0000002318	 -2309269.4775390625	   836458.0000000000	535	250	34	47.750000	 23160061.7090621069
   417622.0000002288	 -2315369.8759765625	   830358.0000000000	127	250	34	47.250000	 23159515.0316103250
   417623.0000002254	 -2321470.0595703125	   824257.0000000000	963	250	34	47.000000	 23158968.9823670797
   417624.0000002202	 -2327570.1240234375	   818157.0000000000	897	250	34	47.250000	 23158422.1059832238
   417625.0000002153	 -2333669.5800781250	   812058.0000000000	430	250	34	47.000000	 23157875.4424921684
   417626.0000002112	 -2339768.2958984375	   805959.0000000000	721	250	34	46.750000	 23157328.4858369045
   417627.0000002070	 -2345866.7470703125	   799861.0000000000	259	250	34	46.500000	 23156784.0524855927
   417628.0000002025	 -2351965.3095703125	   793762.0000000000	707	250	34	46.750000	 23156238.5127895176
   417629.0000002003	 -2358063.9160156250	   787664.0000000000	86	250	34	46.500000	 23155693.5280102231
   417630.0000001981	 -2364162.3779296875	   781565.0000000000	637	250	34	46.250000	 23155147.9708632641
   417631.0000001951	 -2370260.6044921875	   775467.0000000000	405	250	34	46.750000	 23154602.3125051595
   417632.0000001914	 -2376358.5283203125	   769369.0000000000	483	250	34	47.000000	 23154056.0503691137
   417633.0000001886	 -2382456.0576171875	   763271.0000000000	965	250	34	47.250000	 23153511.3029131815
   417634.0000001852	 -2388553.0917968750	   757174.0000000000	930	250	34	47.750000	 23152966.5240470096
   417635.0000001816	 -2394649.5937500000	   751078.0000000000	416	250	34	47.750000	 23152421.4240965694
   417636.0000001785	 -2400745.5751953125	   744982.0000000000	435	250	34	48.000000	 23151876.3032056876
   417637.0000001754	 -2406841.0683593750	   738886.0000000000	954	250	34	48.000000	 23151331.5033991374
   417638.0000001729	 -2412936.1044921875	   732791.0000000000	917	250	34	48.000000	 23150786.0020929910
   417639.0000001702	 -2419030.6601562500	   726697.0000000000	348	250	34	48.500000	 23150241.7188132592
   417640.0000001676	 -2425124.8105468750	   720603.0000000000	194	250	34	48.500000	 23149698.0428016596
   417641.0000001640	 -2431218.5351562500	   714509.0000000000	476	250	34	48.500000	 23149153.3546767645
   417642.0000001598	 -2437311.8710937500	   708416.0000000000	132	250	34	48.500000	 23148608.6525918059
   417643.0000001554	 -2443404.8007812500	   702323.0000000000	204	250	34	48.500000	 23148063.1303459518
   417644.0000001517	 -2449497.3037109375	   696230.0000000000	713	250	34	48.000000	 23147518.0129452944
   417645.0000001479	 -2455589.4003906250	   690138.0000000000	614	250	34	48.000000	 23146973.5412033573
   417646.0000001448	 -2461681.0351562500	   684046.0000000000	988	250	34	48.000000	 23146428.9926802032
   417647.0000001412	 -2467772.3056640625	   677955.0000000000	711	250	34	48.000000	 23145883.8927297294
   417648.0000001381	 -2473863.2109375000	   671864.0000000000	808	250	34	48.000000	 23145339.6303904057
   417649.0000001350	 -2479953.7197265625	   665774.0000000000	287	250	34	47.750000	 23144796.1184111461
   417650.0000001318	 -2486043.8476562500	   659684.0000000000	156	250	34	47.500000	 23144252.9659067765
   417651.0000001278	 -2492133.6357421875	   653594.0000000000	373	250	34	48.000000	 23143709.3178159297
   417652.0000001239	 -2498223.0488281250	   647504.0000000000	974	250	34	47.750000	 23143164.6680816263
   417653.0000001197	 -2504312.1328125000	   641415.0000000000	888	250	34	47.750000	 23142620.0916383825
   417654.0000001161	 -2510400.8203125000	   635327.0000000000	184	250	34	47.750000	 23142075.9933313988
   417655.0000001130	 -2516489.1640625000	   629238.0000000000	856	250	34	47.500000	 23141531.4622584619
   417656.0000001104	 -2522577.1005859375	   623150.0000000000	921	250	34	47.250000	 23140986.6240612566
   417657.0000001083	 -2528664.6005859375	   617063.0000000000	409	250	34	46.250000	 23140442.2465500906
   417658.0000001055	 -2534751.8486328125	   610976.0000000000	155	250	34	45.750000	 23139896.8185350038
   417659.0000001034	 -2540838.7841796875	   604889.0000000000	221	250	34	45.500000	 23139352.4410238378
   417660.0000001011	 -2546925.2441406250	   598802.0000000000	774	250	34	46.250000	 23138808.7091713920
   417661.0000000981	 -2553011.3339843750	   592716.0000000000	682	250	34	46.750000	 23138264.9110083021
   417662.0000000945	 -2559097.0908203125	   586630.0000000000	931	250	34	46.500000	 23137721.0988851152
   417663.0000000923	 -2565182.4667968750	   580545.0000000000	546	250	34	46.500000	 23137176.9726573788
   417664.0000000895	 -2571267.5273437500	   574460.0000000000	484	250	34	45.750000	 23136633.1012031920
   417665.0000002620	 -2577352.0166015625	   568375.0000000000	1007	251	34	45.750000	 23136089.4007112347
   417666.0000002591	 -2583436.3896484375	   562291.0000000000	625	250	34	45.750000	 23135547.2114596628
   417667.0000002547	 -2589520.3710937500	   556207.0000000000	644	250	34	46.500000	 23135004.8721365444
   417668.0000002501	 -2595604.0664062500	   550123.0000000000	956	250	34	46.750000	 23134462.8922882825
   417669.0000002460	 -2601687.3222656250	   544040.0000000000	694	250	34	47.250000	 23133921.3556758463
   417670.0000002415	 -2607770.1376953125	   537957.0000000000	883	250	34	47.250000	 23133379.2501859069
   417671.0000002378	 -2613852.5146484375	   531875.0000000000	497	250	34	47.000000	 23132837.9613666758
   417672.0000002338	 -2619934.5800781250	   525793.0000000000	430	250	34	47.250000	 23132295.5836529322
   417673.0000002310	 -2626016.2236328125	   519711.0000000000	795	250	34	47.000000	 23131754.1622116379
   417674.0000002276	 -2632097.5029296875	   513630.0000000000	509	250	34	47.250000	 23131212.3882758357
   417675.0000002242	 -2638178.2792968750	   507549.0000000000	738	250	34	47.250000	 23130669.6126965731
   417676.0000002214	 -2644258.6513671875	   501469.0000000000	357	250	34	46.750000	 23130126.6172441319
   417677.0000002188	 -2650338.6250000000	   495389.0000000000	384	250	34	46.750000	 23129584.8014275432
   417678.0000002158	 -2656418.1562500000	   489309.0000000000	864	250	34	46.750000	 23129043.0065513328
   417679.0000002120	 -2662497.3349609375	   483230.0000000000	681	250	34	46.750000	 23128500.9848222584
   417680.0000002082	 -2668576.1513671875	   477151.0000000000	869	250	34	47.000000	 23127958.8025510982
   417681.0000002042	 -2674654.6210937500	   471073.0000000000	388	250	34	47.250000	 23127417.1577471644
   417682.0000002002	 -2680732.6484375000	   464995.0000000000	360	250	34	47.750000	 23126875.3698513024
   417683.0000001965	 -2686810.2392578125	   458917.0000000000	779	250	34	47.500000	 23126334.3672159351
   417684.0000001923	 -2692887.4277343750	   452840.0000000000	586	250	34	47.750000	 23125793.5111626536
   417685.0000001891	 -2698964.2324218750	   446763.0000000000	786	250	34	47.750000	 23125251.9326694347
   417686.0000001864	 -2705040.6250000000	   440687.0000000000	384	250	34	47.500000	 23124710.2599447481
   417687.0000001831	 -2711116.6386718750	   434611.0000000000	370	250	34	47.500000	 23124168.3603672311
   417688.0000001793	 -2717192.3017578125	   428535.0000000000	715	250	34	47.500000	 23123626.0699045435
   417689.0000001761	 -2723267.5820312500	   422460.0000000000	428	250	34	47.250000	 23123085.0637790188
   417690.0000001726	 -2729342.4892578125	   416385.0000000000	523	250	34	47.500000	 23122542.8605674170
   417691.0000001697	 -2735417.0097656250	   410310.0000000000	1014	250	34	47.000000	 23122001.0831414238
   417692.0000001664	 -2741491.1347656250	   404236.0000000000	886	250	34	47.250000	 23121458.9322805107
   417693.0000001633	 -2747564.8818359375	   398163.0000000000	121	250	34	46.750000	 23120916.9594119340
   417694.0000001608	 -2753638.2539062500	   392089.0000000000	764	250	34	46.500000	 23120375.3215876818
   417695.0000001581	 -2759711.2636718750	   386016.0000000000	754	250	34	46.500000	 23119833.9175966047
   417696.0000001554	 -2765783.8769531250	   379944.0000000000	126	250	34	46.500000	 23119293.2116149403
   417697.0000001524	 -2771856.1406250000	   373871.0000000000	880	250	34	46.500000	 23118753.1687422469
   417698.0000001490	 -2777928.0292968750	   367799.0000000000	994	250	34	46.500000	 23118212.8082754128
   417699.0000001455	 -2783999.5039062500	   361728.0000000000	508	250	34	46.500000	 23117673.0201763026
   417700.0000001414	 -2790070.5585937500	   355657.0000000000	452	250	34	46.500000	 23117133.2006669156
   417701.0000001373	 -2796141.2236328125	   349586.0000000000	795	250	34	46.500000	 23116594.3653507680
   417702.0000001334	 -2802211.5205078125	   343516.0000000000	491	250	34	47.000000	 23116054.7587341852
   417703.0000001299	 -2808281.4794921875	   337446.0000000000	533	250	34	46.750000	 23115515.6860946715
   417704.0000001267	 -2814351.0771484375	   331376.0000000000	945	250	34	46.750000	 23114975.5385206379
   417705.0000001235	 -2820420.3574218750	   325307.0000000000	658	250	34	46.500000	 23114434.9965713136
   417706.0000001204	 -2826489.2509765625	   319238.0000000000	767	250	34	46.250000	 23113894.0427964069
   417707.0000001171	 -2832557.7890625000	   313170.0000000000	216	250	34	45.750000	 23113352.7330368012
   417708.0000001134	 -2838625.9248046875	   307102.0000000000	77	250	34	45.750000	 23112811.4442175701
   417709.0000001097	 -2844693.7275390625	   301034.0000000000	279	250	34	45.500000	 23112269.4399387464
   417710.0000001069	 -2850761.1621093750	   294966.0000000000	858	250	34	45.500000	 23111729.1632328406
   417711.0000001038	 -2856828.2529296875	   288899.0000000000	765	250	34	45.750000	 23111188.0663660392
   417712.0000001015	 -2862894.9306640625	   282833.0000000000	71	250	34	45.500000	 23110647.4825358652
   417713.0000000994	 -2868961.2070312500	   276766.0000000000	812	250	34	45.750000	 23110109.5267109834
   417714.0000000957	 -2875027.1123046875	   270700.0000000000	909	250	34	46.000000	 23109570.6879046448
   417715.0000000928	 -2881092.6542968750	   264635.0000000000	354	250	34	45.750000	 23109032.0759511739
   417716.0000000894	 -2887157.8925781250	   258570.0000000000	110	250	34	45.750000	 23108493.0382120945
   417717.0000002615	 -2893222.5097656250	   252505.0000000000	502	251	34	45.500000	 23107954.5274199098
   417718.0000002582	 -2899287.0507812500	   246440.0000000000	972	250	34	45.500000	 23107414.7916714214
   417719.0000002559	 -2905351.2314453125	   240376.0000000000	787	250	34	45.250000	 23106875.9249443635
   417720.0000002530	 -2911415.0429687500	   234312.0000000000	980	250	34	45.500000	 23106336.4544393308
   417721.0000002506	 -2917478.4970703125	   228249.0000000000	515	250	34	45.500000	 23105797.5702620223
   417722.0000002484	 -2923541.6611328125	   222186.0000000000	347	250	34	45.500000	 23105257.0387825333
   417723.0000002468	 -2929604.3818359375	   216123.0000000000	633	250	34	45.500000	 23104717.6659984626
   417724.0000002443	 -2935666.7050781250	   210061.0000000000	302	250	34	45.500000	 23104176.8867257349
   417725.0000002424	 -2941728.7060546875	   203999.0000000000	301	250	34	45.250000	 23103637.4266905747
   417726.0000002400	 -2947790.3906250000	   197937.0000000000	624	250	34	45.250000	 23103098.7030554116
   417727.0000002374	 -2953851.7724609375	   191876.0000000000	233	250	34	45.500000	 23102560.4645368271
   417728.0000002343	 -2959912.8261718750	   185815.0000000000	178	250	34	45.750000	 23102021.6571407653
   417729.0000002306	 -2965973.5439453125	   179754.0000000000	467	250	34	45.750000	 23101483.0696178563
   417730.0000002279	 -2972033.9355468750	   173694.0000000000	66	250	34	46.000000	 23100945.9583844393
   417731.0000002251	 -2978093.9423828125	   167634.0000000000	59	250	34	46.250000	 23100408.8297008388
   417732.0000002231	 -2984153.5654296875	   161574.0000000000	445	250	34	46.000000	 23099872.0535117500
   417733.0000002215	 -2990212.8476562500	   155515.0000000000	156	250	34	46.000000	 23099334.5409226604
   417734.0000002190	 -2996271.8486328125	   149456.0000000000	155	250	34	45.750000	 23098797.6425820440
   417735.0000002172	 -3002330.4746093750	   143397.0000000000	538	250	34	45.500000	 23098259.9171001539
   417736.0000002146	 -3008388.7646484375	   137339.0000000000	241	250	34	45.500000	 23097722.4114914089
   417737.0000002122	 -3014446.6992187500	   131281.0000000000	308	250	34	45.500000	 23097184.5115073398
   417738.0000002090	 -3020504.2666015625	   125223.0000000000	751	250	34	45.500000	 23096646.9570381306
   417739.0000002062	 -3026561.5195312500	   119166.0000000000	492	250	34	45.750000	 23096109.1128949039
   417740.0000002036	 -3032618.4716796875	   113109.0000000000	541	250	34	45.750000	 23095571.5898359753
   417741.0000002008	 -3038675.0595703125	   107052.0000000000	963	250	34	45.750000	 23095033.8713344298
   417742.0000001976	 -3044731.3203125000	   100996.0000000000	696	250	34	45.750000	 23094496.4425069354
   417743.0000001956	 -3050787.2617187500	    94940.0000000000	756	250	34	46.000000	 23093959.3975842334
   417744.0000001939	 -3056842.8779296875	    88885.0000000000	125	250	34	46.000000	 23093423.0122802816
   417745.0000001926	 -3062898.1728515625	    82829.0000000000	847	250	34	46.750000	 23092887.0353117175
   417746.0000001899	 -3068953.1044921875	    76774.0000000000	917	250	34	46.500000	 23092350.0497200154
   417747.0000001877	 -3075007.7236328125	    70720.0000000000	283	250	34	46.250000	 23091812.7919045091
   417748.0000001862	 -3081062.0351562500	    64665.0000000000	988	250	34	46.000000	 23091275.0454822071
   417749.0000001856	 -3087115.9677734375	    58612.0000000000	33	250	34	45.500000	 23090737.7039051391
   417750.0000001841	 -3093169.5810546875	    52558.0000000000	429	250	34	45.500000	 23090200.0656743348
   417751.0000001827	 -3099222.8164062500	    46505.0000000000	188	250	34	45.750000	 23089663.4814376384
   417752.0000001808	 -3105275.7285156250	    40452.0000000000	278	250	34	46.000000	 23089126.3283234388
   417753.0000001796	 -3111328.3134765625	    34399.0000000000	703	250	34	45.750000	 23088589.3671616353
   417754.0000001781	 -3117380.5419921875	    28347.0000000000	469	250	34	45.750000	 23088052.6223827936
   417755.0000001764	 -3123432.4462890625	    22295.0000000000	567	250	34	46.250000	 23087516.2196286544
   417756.0000001745	 -3129484.0029296875	    16243.0000000000	1021	250	34	46.500000	 23086980.9267094359
   417757.0000001730	 -3135535.2001953125	    10192.0000000000	819	250	34	47.000000	 23086445.4523076974
   417758.0000001709	 -3141586.0371093750	     4141.0000000000	986	250	34	47.250000	 23085909.6603118442
   417759.0000001687	 -3147636.6162109375	  1046667.0000000000	393	250	34	47.250000	 23085373.9939576760
   417760.0000001665	 -3153686.8613281250	  1040617.0000000000	142	250	34	47.500000	 23084838.7219788656
   417761.0000001641	 -3159736.8408203125	  1034567.0000000000	163	250	34	47.000000	 23084302.5565480962
   417762.0000001612	 -3165786.4296875000	  1028517.0000000000	584	250	34	47.000000	 23083766.2340653352
   417763.0000001591	 -3171835.6816406250	  1022468.0000000000	326	250	34	47.000000	 23083229.1542421952
   417764.0000001578	 -3177884.6123046875	  1016419.0000000000	397	250	34	46.750000	 23082692.1756301746
   417765.0000001572	 -3183933.2001953125	  1010370.0000000000	819	250	34	46.750000	 23082156.3906140067
   417766.0000001566	 -3189981.5410156250	  1004322.0000000000	470	250	34	47.000000	 23081621.0523238145
   417767.0000001559	 -3196029.5546875000	   998274.0000000000	456	250	34	47.500000	 23081086.4120430015
   417768.0000001549	 -3202077.2070312500	   992226.0000000000	812	250	34	47.500000	 23080552.0963366777
   417769.0000001536	 -3208124.5839843750	   986179.0000000000	426	250	34	47.750000	 23080017.3897451833
   417770.0000001524	 -3214171.6181640625	   980132.0000000000	391	250	34	47.500000	 23079482.0200447477
   417771.0000001510	 -3220218.3359375000	   974085.0000000000	680	250	34	47.500000	 23078946.5805434063
   417772.0000001499	 -3226264.7255859375	   968039.0000000000	281	250	34	47.500000	 23078411.6401187368
   417773.0000001491	 -3232310.7958984375	   961993.0000000000	209	250	34	47.750000	 23077876.0889357440
   417774.0000001488	 -3238356.5859375000	   955947.0000000000	424	250	34	47.250000	 23077341.7138984203
   417775.0000001480	 -3244402.0478515625	   949901.0000000000	975	250	34	47.250000	 23076806.0021732785
   417776.0000001473	 -3250447.1835937500	   943856.0000000000	836	250	34	46.750000	 23076270.1997068897
   417777.0000001465	 -3256492.0019531250	   937811.0000000000	1022	250	34	46.750000	 23075734.8090660460
   417778.0000001459	 -3262536.5839843750	   931767.0000000000	426	250	34	46.500000	 23075199.4707758576
   417779.0000001446	 -3268580.7705078125	   925723.0000000000	235	250	34	47.000000	 23074664.4780005328
   417780.0000001434	 -3274624.6777343750	   919679.0000000000	330	250	34	46.750000	 23074129.6806677580
   417781.0000001438	 -3280668.3554687500	   913635.0000000000	660	250	34	46.750000	 23073595.0683070347
   417782.0000001446	 -3286711.6923828125	   907592.0000000000	315	250	34	46.750000	 23073061.4191991724
   417783.0000001434	 -3292754.6660156250	   901549.0000000000	342	250	34	46.750000	 23072527.8922434673
   417784.0000001424	 -3298797.3359375000	   895506.0000000000	680	250	34	47.000000	 23071994.0232631229
   417785.0000001412	 -3304839.6640625000	   889464.0000000000	344	250	34	47.250000	 23071460.7650410645
   417786.0000001405	 -3310881.6416015625	   883422.0000000000	367	250	34	47.000000	 23070926.5365858302
   417787.0000001409	 -3316923.3203125000	   877380.0000000000	696	250	34	46.500000	 23070392.6396847293
   417788.0000001406	 -3322964.7236328125	   871339.0000000000	283	250	34	46.250000	 23069857.6922796778
   417789.0000001406	 -3329005.8222656250	   865298.0000000000	182	250	34	46.000000	 23069323.5126849040
   417790.0000001403	 -3335046.5673828125	   859257.0000000000	443	250	34	46.250000	 23068789.5669233091
   417791.0000001407	 -3341087.0566406250	   853216.0000000000	966	250	34	46.500000	 23068256.7973073497
   417792.0000001398	 -3347127.2910156250	   847176.0000000000	726	250	34	46.500000	 23067722.8026852906
   417793.0000001398	 -3353167.1650390625	   841136.0000000000	855	250	34	46.500000	 23067189.0523662791
   417794.0000001401	 -3359206.7441406250	   835097.0000000000	262	250	34	46.250000	 23066654.7087391987
   417795.0000001409	 -3365245.9902343750	   829058.0000000000	10	250	34	46.000000	 23066120.0754380673
   417796.0000001416	 -3371284.9931640625	   823019.0000000000	7	250	34	45.750000	 23065586.2657880560
   417797.0000001423	 -3377323.7080078125	   816980.0000000000	299	250	34	45.750000	 23065053.7265151143
   417798.0000001419	 -3383362.0859375000	   810941.0000000000	936	250	34	45.750000	 23064520.6044046097
   417799.0000001417	 -3389400.1992187500	   804903.0000000000	820	250	34	45.500000	 23063986.9448268786
   417800.0000001417	 -3395438.0029296875	   798865.0000000000	1021	250	34	45.250000	 23063452.3708567768
   417801.0000001426	 -3401475.4208984375	   792828.0000000000	593	250	34	45.250000	 23062918.8997412510
   417802.0000001439	 -3407512.5517578125	   786791.0000000000	459	250	34	45.750000	 23062386.7129628211
   417803.0000001451	 -3413549.4111328125	   780754.0000000000	603	250	34	46.000000	 23061854.3307418413
   417804.0000001461	 -3419585.9404296875	   774718.0000000000	61	250	34	46.000000	 23061322.3254459687
   417805.0000001467	 -3425622.2216796875	   768681.0000000000	797	250	34	46.000000	 23060789.4999891669
   417806.0000001474	 -3431658.1523437500	   762645.0000000000	868	250	34	46.000000	 23060256.6745323949
   417807.0000001485	 -3437693.8466796875	   756610.0000000000	157	250	34	45.750000	 23059723.9886773303
   417808.0000001502	 -3443729.2099609375	   750574.0000000000	809	250	34	45.750000	 23059192.1927840710
   417809.0000001508	 -3449764.2910156250	   744539.0000000000	726	250	34	46.000000	 23058659.6535111330
   417810.0000001526	 -3455799.0292968750	   738504.0000000000	994	250	34	45.750000	 23058127.7319761924
   417811.0000001547	 -3461833.4521484375	   732470.0000000000	561	250	34	45.750000	 23057595.9151425250
   417812.0000001572	 -3467867.6064453125	   726436.0000000000	403	250	34	45.500000	 23057063.9342765510
   417813.0000001597	 -3473901.4628906250	   720402.0000000000	550	250	34	45.750000	 23056532.2570446283
   417814.0000001622	 -3479934.9375000000	   714369.0000000000	64	250	34	46.000000	 23056001.2603718936
   417815.0000001641	 -3485968.1630859375	   708335.0000000000	857	250	34	46.000000	 23055470.5359229632
   417816.0000001660	 -3492001.0742187500	   702302.0000000000	948	250	34	46.250000	 23054939.5252901688
   417817.0000001675	 -3498033.6552734375	   696270.0000000000	353	250	34	46.500000	 23054407.6595960371
   417818.0000001689	 -3504065.9462890625	   690238.0000000000	55	250	34	46.500000	 23053876.3662696034
   417819.0000001706	 -3510097.8925781250	   684206.0000000000	110	250	34	46.250000	 23053344.9996521063
   417820.0000001722	 -3516129.6093750000	   678174.0000000000	400	250	34	46.250000	 23052814.1705018692
   417821.0000001739	 -3522160.9980468750	   672143.0000000000	2	250	34	46.000000	 23052282.5351507589
   417822.0000001770	 -3528192.0781250000	   666111.0000000000	944	250	34	45.750000	 23051750.5682448149
   417823.0000001813	 -3534222.8574218750	   660081.0000000000	146	250	34	45.750000	 23051219.5576113537
   417824.0000001840	 -3540253.3457031250	   654050.0000000000	670	250	34	45.750000	 23050687.9327300824
   417825.0000001865	 -3546283.5732421875	   648020.0000000000	437	250	34	45.500000	 23050156.5242318027
   417826.0000001877	 -3552313.5048828125	   641990.0000000000	507	250	34	45.750000	 23049626.0022058040
   417827.0000001886	 -3558343.1806640625	   635960.0000000000	839	250	34	46.000000	 23049095.4103789330
   417828.0000001894	 -3564372.5068359375	   629931.0000000000	505	250	34	46.500000	 23048565.4991112202
   417829.0000001906	 -3570401.4853515625	   623902.0000000000	527	250	34	46.750000	 23048035.7099950649
   417830.0000001919	 -3576430.1171875000	   617873.0000000000	904	250	34	46.750000	 23047505.7952371612
   417831.0000001932	 -3582458.4736328125	   611845.0000000000	539	250	34	47.000000	 23046974.8788358346
   417832.0000001952	 -3588486.5761718750	   605817.0000000000	434	250	34	46.500000	 23046444.0461954400
   417833.0000001978	 -3594514.3437500000	   599789.0000000000	672	250	34	47.000000	 23045913.3706069738
   417834.0000002002	 -3600541.8505859375	   593762.0000000000	153	250	34	47.000000	 23045382.9288516827
   417835.0000002037	 -3606569.1162109375	   587734.0000000000	905	250	34	47.000000	 23044852.6930088475
   417836.0000002069	 -3612596.0380859375	   581707.0000000000	985	250	34	47.000000	 23044322.4955566414
   417837.0000002098	 -3618622.6699218750	   575681.0000000000	338	250	34	47.250000	 23043793.0519546494
   417838.0000002120	 -3624649.0429687500	   569654.0000000000	980	250	34	47.500000	 23043262.8440325707
   417839.0000002144	 -3630675.0654296875	   563628.0000000000	957	250	34	47.750000	 23042732.7059113607
   417840.0000002172	 -3636700.8037109375	   557603.0000000000	201	250	34	47.750000	 23042202.5293995254
   417841.0000002206	 -3642726.2724609375	   551577.0000000000	745	250	34	47.500000	 23041672.2412060387
   417842.0000002244	 -3648751.4589843750	   545552.0000000000	554	250	34	47.250000	 23041142.0751640759
   417843.0000002285	 -3654776.2871093750	   539527.0000000000	730	250	34	47.250000	 23040612.8723749407
   417844.0000002321	 -3660800.8564453125	   533503.0000000000	147	250	34	47.500000	 23040082.6539823264
   417845.0000002359	 -3666825.1054687500	   527478.0000000000	916	250	34	47.250000	 23039552.9172161259
   417846.0000002400	 -3672849.0859375000	   521454.0000000000	936	250	34	47.500000	 23039022.5696916021
   417847.0000002449	 -3678872.7646484375	   515431.0000000000	241	250	34	47.000000	 23038491.7161101028
   417848.0000002497	 -3684896.1337890625	   509407.0000000000	887	250	34	47.250000	 23037961.5605380088
   417849.0000002544	 -3690919.1699218750	   503384.0000000000	850	250	34	47.000000	 23037431.5306075998
   417850.0000002587	 -3696941.9267578125	   497362.0000000000	75	250	34	47.000000	 23036901.3959758803
   417851.0000000888	 -3702964.6484375000	   491339.0000000000	360	249	34	47.250000	 23036371.8163114302
   417852.0000000942	 -3708986.8710937500	   485317.0000000000	132	250	34	47.250000	 23035842.8368849754
   417853.0000000987	 -3715008.7724609375	   479295.0000000000	233	250	34	47.250000	 23035313.4526132829
   417854.0000001027	 -3721030.3857421875	   473273.0000000000	629	250	34	47.000000	 23034783.8030981719
   417855.0000001062	 -3727051.7490234375	   467252.0000000000	257	250	34	47.000000	 23034254.8376324400
   417856.0000001098	 -3733072.7832031250	   461231.0000000000	222	250	34	47.000000	 23033725.7639751807
   417857.0000001139	 -3739093.5322265625	   455210.0000000000	479	250	34	47.000000	 23033197.4022873528
   417858.0000001178	 -3745113.9580078125	   449190.0000000000	43	250	34	47.000000	 23032668.7020650469
   417859.0000001212	 -3751134.1054687500	   443169.0000000000	916	250	34	46.750000	 23032139.5760571659
   417860.0000001258	 -3757153.9697265625	   437150.0000000000	31	250	34	46.750000	 23031611.2108791508
   417861.0000001304	 -3763173.5673828125	   431130.0000000000	443	250	34	47.000000	 23031082.7200594544
   417862.0000001355	 -3769192.8505859375	   425111.0000000000	153	250	34	47.250000	 23030554.9586594105
   417863.0000001406	 -3775211.8691406250	   419092.0000000000	134	250	34	47.500000	 23030027.4834432006
   417864.0000001462	 -3781230.5937500000	   413073.0000000000	416	250	34	47.750000	 23029499.2718269899
   417865.0000001517	 -3787249.0908203125	   407054.0000000000	931	250	34	47.750000	 23028972.2223963477
   417866.0000001573	 -3793267.2851562500	   401036.0000000000	732	250	34	47.500000	 23028444.4400558993
   417867.0000001623	 -3799285.2128906250	   395018.0000000000	806	250	34	46.750000	 23027915.3559281342
   417868.0000001683	 -3805302.8525390625	   389001.0000000000	151	250	34	46.500000	 23027387.2839136645
   417869.0000001753	 -3811320.2197265625	   382983.0000000000	799	250	34	46.750000	 23026860.0983707756
   417870.0000001811	 -3817337.3574218750	   376966.0000000000	658	250	34	46.500000	 23026332.4032814130
   417871.0000001867	 -3823354.2070312500	   370949.0000000000	812	250	34	46.500000	 23025804.7814831138
   417872.0000001926	 -3829370.7744140625	   364933.0000000000	231	250	34	46.500000	 23025277.1038439721
   417873.0000001983	 -3835387.0156250000	   358916.0000000000	1008	250	34	46.500000	 23024749.7856797203
   417874.0000002034	 -3841403.0107421875	   352900.0000000000	1013	250	34	46.750000	 23024222.9002814218
   417875.0000002083	 -3847418.7197265625	   346885.0000000000	287	250	34	47.250000	 23023696.3569077961
   417876.0000002129	 -3853434.1181640625	   340869.0000000000	903	250	34	47.750000	 23023170.0124669112
   417877.0000002177	 -3859449.2460937500	   334854.0000000000	772	250	34	47.750000	 23022644.1496524774
   417878.0000002226	 -3865464.0761718750	   328839.0000000000	946	250	34	48.000000	 23022117.4806371368
   417879.0000002279	 -3871478.6503906250	   322825.0000000000	358	250	34	47.750000	 23021590.4695971236
   417880.0000002340	 -3877492.9306640625	   316811.0000000000	71	250	34	47.750000	 23021063.1479427144
   417881.0000002407	 -3883506.9355468750	   310797.0000000000	66	250	34	47.500000	 23020535.4458729737
   417882.0000002476	 -3889520.6308593750	   304783.0000000000	378	250	34	47.500000	 23020007.9043454193
   417883.0000002544	 -3895534.1259765625	   298769.0000000000	895	250	34	47.500000	 23019480.0766339637
   417884.0000002617	 -3901547.3339843750	   292756.0000000000	682	250	34	47.500000	 23018953.4076179564
   417885.0000000931	 -3907560.4541015625	   286743.0000000000	559	249	34	48.000000	 23018426.9480550550
   417886.0000001003	 -3913573.0898437500	   280730.0000000000	932	250	34	48.000000	 23017901.0852399208
   417887.0000001076	 -3919585.4648437500	   274718.0000000000	548	250	34	47.750000	 23017375.1316835098
   417888.0000001147	 -3925597.5664062500	   268706.0000000000	444	250	34	48.000000	 23016849.5201518051
   417889.0000001218	 -3931609.4150390625	   262694.0000000000	599	250	34	48.000000	 23016324.4984379783
   417890.0000001287	 -3937621.0078125000	   256682.0000000000	1016	250	34	48.000000	 23015798.7089139074
   417891.0000001363	 -3943632.3427734375	   250671.0000000000	673	250	34	48.000000	 23015272.6820664331
   417892.0000001439	 -3949643.3916015625	   244660.0000000000	623	250	34	48.250000	 23014747.5312207341
   417893.0000001513	 -3955654.1210937500	   238649.0000000000	900	250	34	48.250000	 23014221.4694728255
   417894.0000001583	 -3961664.6142578125	   232639.0000000000	395	250	34	48.250000	 23013695.5368568227
   417895.0000001644	 -3967674.8662109375	   226629.0000000000	137	250	34	48.000000	 23013168.7875701077
   417896.0000001713	 -3973684.8671875000	   220619.0000000000	136	250	34	47.750000	 23012641.7102187164
   417897.0000001783	 -3979694.5693359375	   214609.0000000000	441	250	34	47.750000	 23012115.2226852328
   417898.0000001857	 -3985704.0634765625	   208599.0000000000	959	250	34	47.750000	 23011590.0020386651
   417899.0000001939	 -3991713.2587890625	   202590.0000000000	759	250	34	47.750000	 23011065.1862372607
   417900.0000002021	 -3997722.1972656250	   196581.0000000000	822	250	34	48.000000	 23010540.4786273874
   417901.0000002101	 -4003730.8945312500	   190573.0000000000	108	250	34	47.750000	 23010015.8792089783
   417902.0000002178	 -4009739.3242187500	   184564.0000000000	692	250	34	47.750000	 23009491.5869148038
   417903.0000002258	 -4015747.5117187500	   178556.0000000000	500	250	34	47.750000	 23008967.1305882931
   417904.0000002343	 -4021755.4218750000	   172548.0000000000	592	250	34	47.500000	 23008441.8296703175
   417905.0000002432	 -4027763.0527343750	   166540.0000000000	970	250	34	47.250000	 23007917.4745549560
   417906.0000002516	 -4033770.4316406250	   160533.0000000000	582	250	34	47.750000	 23007394.1245732084
   417907.0000002595	 -4039777.5175781250	   154526.0000000000	494	250	34	48.000000	 23006870.6349897496
   417908.0000000914	 -4045784.5878906250	   148519.0000000000	422	249	34	48.000000	 23006346.3183154725
   417909.0000000999	 -4051791.1132812500	   142512.0000000000	908	250	34	48.000000	 23005821.7328570895
   417910.0000001090	 -4057797.3974609375	   136506.0000000000	617	250	34	48.000000	 23005296.4284489229
   417911.0000001188	 -4063803.4443359375	   130500.0000000000	569	250	34	47.500000	 23004770.9390680417
   417912.0000001296	 -4069809.1835937500	   124494.0000000000	836	250	34	47.500000	 23004245.8894327953
   417913.0000001400	 -4075814.6523437500	   118489.0000000000	356	250	34	47.250000	 23003721.5761975497
   417914.0000001505	 -4081819.9091796875	   112484.0000000000	93	250	34	47.500000	 23003196.4218609631
   417915.0000001604	 -4087824.9111328125	   106479.0000000000	91	250	34	47.250000	 23002670.9499303028
   417916.0000001708	 -4093829.6210937500	   100474.0000000000	388	250	34	47.250000	 23002145.6350515969
   417917.0000001803	 -4099834.0546875000	    94469.0000000000	968	250	34	47.500000	 23001621.3113464825
   417918.0000001895	 -4105838.2060546875	    88465.0000000000	813	250	34	47.750000	 23001096.6316566654
   417919.0000001998	 -4111842.1347656250	    82461.0000000000	886	250	34	47.500000	 23000571.7286035046
   417920.0000002105	 -4117845.8251953125	    76458.0000000000	179	250	34	47.500000	 23000047.9318951108
   417921.0000002201	 -4123849.3076171875	    70454.0000000000	709	250	34	47.500000	 22999523.3743568175
   417922.0000002309	 -4129852.4628906250	    64451.0000000000	550	250	34	47.750000	 22998999.4520067088
   417923.0000002420	 -4135855.4023437500	    58448.0000000000	612	250	34	47.750000	 22998476.0636336692
   417924.0000002526	 -4141858.0664062500	    52445.0000000000	956	250	34	47.750000	 22997953.3767602257
   417925.0000000875	 -4147860.6962890625	    46443.0000000000	311	249	34	47.750000	 22997430.3967730328
   417926.0000000981	 -4153862.7919921875	    40441.0000000000	213	250	34	47.750000	 22996908.1217251383
   417927.0000001084	 -4159864.6865234375	    34439.0000000000	321	250	34	47.750000	 22996385.7768763341
   417928.0000001193	 -4165866.3183593750	    28437.0000000000	698	250	34	47.750000	 22995863.1947042011
   417929.0000001298	 -4171867.6855468750	    22436.0000000000	322	250	34	48.000000	 22995341.6176656783
   417930.0000001401	 -4177868.7744140625	    16435.0000000000	231	250	34	48.000000	 22994818.9866330475
   417931.0000001515	 -4183869.5712890625	    10434.0000000000	439	250	34	48.000000	 22994296.0973366760
   417932.0000001623	 -4189870.1103515625	     4433.0000000000	911	250	34	47.750000	 22993773.9095398337
   417933.0000001733	 -4195870.3828125000	  1047009.0000000000	632	250	34	48.000000	 22993251.6310017481
   417934.0000001842	 -4201870.4394531250	  1041009.0000000000	574	250	34	48.000000	 22992728.7451955304
   417935.0000001964	 -4207870.2851562500	  1035009.0000000000	732	250	34	48.000000	 22992207.1192958467
   417936.0000002083	 -4213869.8818359375	  1029010.0000000000	121	250	34	48.000000	 22991684.3870514333
   417937.0000002199	 -4219869.1875000000	  1023010.0000000000	832	250	34	48.000000	 22991161.1382801346
   417938.0000002327	 -4225868.1845703125	  1017011.0000000000	835	250	34	47.750000	 22990637.8266876489
   417939.0000002463	 -4231866.9531250000	  1011013.0000000000	48	250	34	47.750000	 22990114.0613888316
   417940.0000002590	 -4237865.5019531250	  1005014.0000000000	510	250	34	47.250000	 22989590.4287120774
   417941.0000000975	 -4243864.0302734375	   999015.0000000000	993	249	34	47.750000	 22989067.2253608815
   417942.0000001100	 -4249861.9570312500	   993018.0000000000	44	250	34	47.750000	 22988544.2557930648
   417943.0000001230	 -4255859.7050781250	   987020.0000000000	302	250	34	47.500000	 22988022.1412866190
   417944.0000001362	 -4261857.1865234375	   981022.0000000000	833	250	34	47.500000	 22987500.3827648759
   417945.0000001491	 -4267854.3544921875	   975025.0000000000	661	250	34	47.500000	 22986979.0919095203
   417946.0000001605	 -4273851.3105468750	   969028.0000000000	706	250	34	47.750000	 22986458.0977085643
   417947.0000001735	 -4279847.9960937500	   963032.0000000000	4	250	34	47.750000	 22985936.8243034258
   417948.0000001877	 -4285844.3847656250	   957035.0000000000	630	250	34	47.750000	 22985415.9522532932
   417949.0000002031	 -4291840.5058593750	   951039.0000000000	506	250	34	47.750000	 22984896.2877590433
   417950.0000002164	 -4297836.3779296875	   945043.0000000000	637	250	34	47.500000	 22984374.0999615341
   417951.0000002305	 -4303831.9843750000	   939048.0000000000	16	250	34	47.000000	 22983852.0482756123
   417952.0000002447	 -4309827.3271484375	   933052.0000000000	689	250	34	47.000000	 22983329.7278560475
   417953.0000002584	 -4315822.4423828125	   927057.0000000000	571	250	34	46.500000	 22982807.5365683474
   417954.0000000963	 -4321817.5625000000	   921062.0000000000	448	249	34	46.750000	 22982286.0363601707
   417955.0000001098	 -4327812.2050781250	   915067.0000000000	814	250	34	47.250000	 22981764.9374572113
   417956.0000001232	 -4333806.5693359375	   909073.0000000000	441	250	34	47.500000	 22981243.5000197664
   417957.0000001365	 -4339800.6455078125	   903079.0000000000	363	250	34	47.500000	 22980722.4918580838
   417958.0000001496	 -4345794.5468750000	   897085.0000000000	464	250	34	47.250000	 22980202.7017228156
   417959.0000001632	 -4351788.1542968750	   891091.0000000000	866	250	34	47.250000	 22979682.3357296661
   417960.0000001769	 -4357781.5390625000	   885098.0000000000	472	250	34	46.750000	 22979161.3066275753
   417961.0000001907	 -4363774.6835937500	   879105.0000000000	324	250	34	46.250000	 22978641.1535272263
   417962.0000002037	 -4369767.6162109375	   873112.0000000000	393	250	34	46.250000	 22978120.6304821521
   417963.0000002175	 -4375760.2636718750	   867119.0000000000	754	250	34	46.500000	 22977601.1753911786
   417964.0000002304	 -4381752.5849609375	   861127.0000000000	425	250	34	46.500000	 22977081.2072635777
   417965.0000002427	 -4387744.7119140625	   855135.0000000000	295	250	34	46.750000	 22976561.7277427390
   417966.0000002555	 -4393736.6015625000	   849143.0000000000	408	250	34	47.250000	 22976041.1348967589
   417967.0000000950	 -4399728.4902343750	   843151.0000000000	522	249	34	46.500000	 22975520.5351202562
   417968.0000001099	 -4405719.8193359375	   837160.0000000000	185	250	34	46.250000	 22975000.2842982821
   417969.0000001243	 -4411710.8876953125	   831169.0000000000	115	250	34	46.250000	 22974480.7524260916
   417970.0000001385	 -4417701.6796875000	   825178.0000000000	328	250	34	46.750000	 22973961.5625785775
   417971.0000001529	 -4423692.2626953125	   819187.0000000000	755	250	34	47.250000	 22973442.8718077280
   417972.0000001678	 -4429682.5976562500	   813197.0000000000	412	250	34	47.750000	 22972924.4811807349
   417973.0000001815	 -4435672.7031250000	   807207.0000000000	304	250	34	47.750000	 22972406.0277332515
   417974.0000001962	 -4441662.4736328125	   801217.0000000000	539	250	34	47.750000	 22971886.1363861710
   417975.0000002109	 -4447652.0634765625	   795227.0000000000	959	250	34	47.250000	 22971366.1193973757
   417976.0000002267	 -4453641.3388671875	   789238.0000000000	677	250	34	46.750000	 22970846.2734206021
   417977.0000002423	 -4459630.4042968750	   783249.0000000000	610	250	34	47.000000	 22970327.6803706773
   417978.0000002576	 -4465619.1718750000	   777260.0000000000	848	250	34	47.250000	 22969808.4102517515
   417979.0000000992	 -4471607.8984375000	   771272.0000000000	104	249	34	47.250000	 22969288.8679588512
   417980.0000001155	 -4477596.1738281250	   765283.0000000000	846	250	34	47.500000	 22968769.7339515127
   417981.0000001317	 -4483584.2158203125	   759295.0000000000	803	250	34	47.250000	 22968250.2963100933
   417982.0000001483	 -4489572.0546875000	   753307.0000000000	968	250	34	47.750000	 22967731.7137300409
   417983.0000001650	 -4495559.5585937500	   747320.0000000000	452	250	34	47.750000	 22967213.8640597984
   417984.0000001808	 -4501546.8857421875	   741333.0000000000	117	250	34	47.750000	 22966694.7335426174
